6.90545e-05	5.00585e-06	0.000126307	0.00256899	-0.00447227	0.0490525
-3.67614e-05	0.000215608	-9.44181e-06	-0.0103128	0.00168152	0.0385533
-2.26307e-05	4.68313e-05	9.80321e-05	-0.00375812	0.00644381	0.0242145
1.1916e-07	0.000101049	6.84986e-05	-0.00376821	0.00907337	0.0290348
-8.32017e-05	1.41736e-06	0.000108209	0.00615603	-0.000894569	0.0207603
2.27105e-05	-5.75027e-05	2.47416e-05	0.00672883	0.00589277	0.0261537
-0.000118818	-4.72422e-06	1.91194e-05	-0.000654874	-0.0025712	0.00916699
-7.02102e-05	-1.27247e-05	4.06409e-05	-0.000138172	-0.0114235	0.000834542
-9.93754e-05	-2.22142e-05	3.01528e-05	0.00373945	-0.0066737	0.00341105
-7.7566e-05	3.71439e-05	-0.000122009	-0.0104852	-0.00171736	0.015077
-0.000200033	0.000154221	-0.000361622	-0.0162568	-0.00326558	0.0263167
-0.000128044	5.41481e-05	-0.000280504	-0.00868794	-0.00823652	0.0407233
-0.000327991	9.72778e-06	-0.000434016	-0.0071884	-0.00544699	0.0519935
-0.000108921	3.30204e-05	-0.000179087	-0.00288652	-0.00836769	0.0260053
-0.000128839	6.55307e-05	-0.000131782	-0.00508072	0.000275017	0.00810806
-5.99842e-05	-7.39713e-06	-4.44616e-06	0.00280837	-0.00527	0.0053134
-0.000138481	-4.84191e-05	-6.55503e-05	0.0035063	-0.0127944	0.013526
-7.60433e-05	-6.66493e-05	-3.58479e-05	0.0053773	-0.000708811	0.0182866
3.82569e-05	-9.56395e-05	-0.000121808	0.000638173	-0.00388874	0.0206964
-2.7682e-05	1.64848e-05	-3.83522e-05	0.00188495	-0.00873138	0.00478076
-6.47032e-05	1.51515e-06	-2.97069e-06	-0.000251364	-0.0113576	-0.0024746
-2.66985e-05	-1.56763e-05	-0.000127058	0.00229357	-0.00416604	0.00821699
-1.78284e-05	-4.50795e-06	1.43899e-05	-0.00240544	-0.00710101	0.00448522
-9.421e-05	-1.46939e-05	5.25425e-05	0.00900836	-0.0134403	0.00973586
-0.000119542	0.000169983	0.0001293	-0.00517724	-0.0122225	0.0245368
0.000188086	0.000283547	0.000125919	-0.00696445	0.00270091	0.0430217
0.000132845	0.000143601	2.2774e-05	-0.00663538	-0.00437336	0.0228941
-3.72052e-05	2.48978e-05	-1.28856e-05	0.0057871	0.00327837	0.0122792
-0.000104929	1.80901e-05	-2.10669e-05	0.00894093	0.00348222	0.0115909
-0.000213265	-0.00014586	0.000189828	0.00804421	-0.00234017	0.0238953
-0.000343058	-0.000117116	3.30255e-05	0.00306309	-0.00298804	0.0273843
-0.000127871	-6.4695e-05	-0.000231596	0.00540478	0.00059826	0.0426377
-0.000241973	-0.000102774	-0.000358059	0.00045287	0.00809057	0.0496356
1.01677e-05	4.26528e-05	-9.01494e-05	-0.00966295	0.0224204	0.0443979
-0.000143645	0.00013565	-8.91244e-05	-0.00915646	0.0118374	0.0307951
-0.000168719	-4.09638e-05	-0.000214974	0.0113175	-0.00997391	0.0298973
-0.00023592	-5.92527e-05	-0.0001491	0.000807574	-0.00675712	0.0352587
2.40407e-06	-6.97538e-05	-3.5149e-05	0.00253535	-0.00201118	0.028506
-7.27444e-05	8.78296e-05	-0.000121955	-0.0197981	0.0188972	0.0373902
-8.12727e-05	0.000176389	-7.9208e-05	-0.0278359	0.0101992	0.040166
-6.44022e-06	-4.94765e-05	0.000268995	-0.0108216	0.00682343	0.0554799
5.06824e-05	-1.20752e-07	-4.59547e-06	0.0195815	0.00908865	0.0316328
-0.000181234	5.65104e-05	8.90304e-05	0.000370224	-0.015553	0.0180184
-9.12657e-05	0.000115411	0.00010303	-0.0128942	-0.0121574	0.0295628
0.000212249	-3.5493e-05	0.000231739	-0.00228485	0.0141122	0.0390315
-6.205e-05	-3.67163e-05	9.09902e-05	0.0055141	-0.000376025	0.0172497
-3.30996e-05	2.61777e-06	-9.63378e-06	-0.00254357	-0.00739824	0.00243954
-2.92455e-05	-9.0444e-05	-2.07963e-05	0.0104112	-0.00478812	0.0103647
3.28356e-05	-5.38203e-05	-0.000191143	0.0105022	-0.000759833	0.025272
0.000111834	-6.12024e-07	-0.000273448	0.0061389	-0.000464952	0.0272487
-2.18626e-05	5.45274e-05	7.26194e-05	0.000444593	-0.0106241	0.0110145
-3.57729e-05	-1.77232e-05	6.98685e-05	0.00315499	-0.0157046	0.0147162
0.000111532	-0.000163372	-0.00058509	0.0218382	-0.0317586	0.0381371
-0.000144074	9.42854e-06	-0.000376646	-0.00729263	-0.0303999	0.0341893
-0.000145557	-9.48192e-05	-0.000291149	0.0112994	-0.0290178	0.0253765
-1.12425e-05	8.33877e-06	-2.32401e-05	-0.00302732	-0.0103072	0.00877961
-3.42625e-05	3.47996e-05	0.000185349	-0.0130479	-0.00988674	0.0197875
-5.57115e-05	3.16737e-05	9.94556e-05	-0.0161308	-0.00523346	0.02119
1.37061e-05	-3.14118e-05	0.000286753	-0.0027624	0.00276519	0.0307095
-6.56959e-05	-2.78289e-05	0.000165482	0.0104631	-0.00453475	0.0213642
-5.00004e-05	-4.56398e-05	4.06629e-05	0.0132675	0.0115618	0.0431576
-0.00012721	-9.06478e-05	5.50702e-05	0.00477993	0.00353782	0.0297497
-3.88812e-05	1.65938e-05	-6.06621e-05	0.0120286	-0.00615497	0.01707
-0.000137308	0.000227661	3.76237e-05	-0.012353	-0.0164749	0.0247298
-6.388e-05	2.9549e-05	-1.07318e-05	-0.00163564	-0.00562941	0.0255856
-1.84253e-05	2.48531e-05	0.00011656	-0.004604	-0.00175899	0.014913
-0.000182007	-7.62748e-05	-2.70965e-05	0.0241937	-0.00891937	0.0401462
-0.000337939	6.39599e-06	5.79508e-05	0.00683482	-0.00983838	0.0391817
-0.000135039	-3.15264e-05	-0.000100834	0.0180037	0.00164592	0.0296035
-1.93866e-05	3.25183e-05	-4.84853e-05	-0.000398824	-0.00516517	0.00801402
-4.42374e-05	-2.7825e-06	2.85063e-06	0.000243147	-0.00855933	0.00140101
6.35166e-05	4.29788e-05	0.000139071	-0.0128756	-0.00255044	0.0127666
3.60401e-05	9.38799e-06	-5.0135e-05	-0.000856848	-0.0083935	0.0238498
-0.000313369	-3.86108e-05	-0.000166484	-0.00179788	-0.0111195	0.0181138
-0.000110038	-4.53013e-06	-3.10284e-05	-0.0185051	0.0011026	0.0194521
5.18128e-05	-2.80072e-06	7.99584e-05	0.000919896	0.00323927	0.019479
7.81827e-06	-1.00595e-05	0.000138108	-0.0121737	-0.00797708	0.0142215
1.88234e-05	6.66595e-05	3.39698e-05	-0.00649007	-0.00792606	0.00370458
-5.78805e-05	-3.58581e-05	-1.45315e-05	0.00526475	-0.0126088	0.00431851
-7.62105e-05	-0.000134288	3.7974e-05	0.00847092	-0.00863035	0.00979272
-5.85638e-05	-6.07278e-06	-0.000232657	-0.00448779	0.00419998	0.0233011
-9.52195e-05	5.2404e-05	-0.000224825	-0.00833483	0.00235947	0.0180148
-9.72191e-05	2.90142e-05	-8.50632e-05	-0.00422111	-0.00165956	0.00972759
3.38588e-05	7.99298e-05	-2.45682e-05	-0.00707422	-0.0104247	0.0127738
0.000131611	-3.8597e-05	-0.00038338	0.0179969	-0.0261571	0.0297927
0.000234925	3.43203e-05	-0.000279931	-0.00401448	-0.00495227	0.039049
0.000114314	0.000106742	-0.000164432	-0.0120501	-0.000704137	0.041625
-0.000293372	0.00013875	-8.61693e-05	-0.0138506	-0.00494307	0.0329808
-0.000240762	0.000115284	-0.000174825	-0.0146604	-0.010804	0.0221649
-0.000203957	-6.55033e-05	0.000187826	0.000938007	0.0063384	0.0475427
-0.000171822	-9.20853e-05	0.000177208	0.00844105	-0.00695937	0.044389
-0.000220178	9.46622e-05	3.26452e-06	-0.0184059	0.00406311	0.0371779
-2.01383e-05	6.85208e-05	8.91822e-05	-0.0069619	0.0164715	0.031106
3.90325e-05	3.96576e-05	0.000413682	-0.00288962	-0.00202796	0.0234417
5.90365e-05	-1.66424e-06	0.000356518	-0.00717173	-0.00508478	0.0258684
3.1109e-05	2.15883e-05	0.000272301	-0.00332813	-0.0152624	0.0236969
3.8533e-05	-7.80543e-05	8.86975e-05	0.00492473	-0.00746922	0.0355603
-1.52115e-05	-7.93988e-05	9.15564e-05	0.00821139	-0.00759241	0.0151729
-0.000166908	-3.61755e-05	-5.44457e-05	0.00516705	-0.0140618	0.0206083
1.33122e-06	0.000105294	6.96648e-05	-0.00645261	-0.0238054	0.0441406
-0.000332452	8.93998e-05	0.000236625	-0.000167076	-0.0376762	0.030252
-0.000195285	-8.9098e-06	0.000133998	0.0143337	-0.0213378	0.0256033
-6.50134e-05	-3.93254e-06	-0.000108213	0.0138299	-0.0030013	0.0269598
2.04999e-05	-0.000177351	2.24459e-05	0.00929973	-0.00102677	0.0176122
-5.54085e-05	-0.000121302	9.28711e-05	0.00223342	0.00950684	0.0161772
-6.79982e-05	-0.000125004	-4.7329e-05	0.00908404	0.00212438	0.0239171
-6.78242e-05	-7.71758e-05	4.69432e-05	0.00756561	-0.00190774	0.0163988
-6.50081e-05	-3.50986e-05	-3.30383e-05	0.0130176	-0.00166492	0.0343718
-0.000114356	-8.75504e-06	0.000354733	0.0112348	-0.00797026	0.0587615
-5.30213e-05	8.93255e-07	0.000719801	0.00107789	-0.0157447	0.0323931
0.000280628	9.09493e-05	0.00108691	-0.025061	-0.00716028	0.0674302
1.01044e-05	0.000114066	0.000524133	0.0139639	-0.0379137	0.0751095
-0.000434992	-5.94892e-05	0.000387375	0.015262	-0.0301578	0.0732092
-6.16279e-05	8.8832e-05	0.000203683	-0.00259067	-0.0173884	0.0657811
0.000173951	-8.57512e-05	-2.66105e-05	0.0139411	-0.0157454	0.0613155
0.000165581	2.85129e-05	7.97251e-05	-0.00591674	-0.0136406	0.039954
0.00010328	-0.000128545	1.1387e-05	0.0141924	-0.00588778	0.0345042
1.67397e-05	-0.000158444	-0.000366533	0.0222017	0.00780731	0.0670704
-0.000104839	0.0001028	-0.000442738	-0.00909804	-0.00998731	0.075611
-0.000262498	0.00012953	-0.000358462	-0.0129105	-0.0160641	0.0284703
-0.000143149	0.000118301	-0.000285759	-0.0105254	-0.0261946	0.029413
-0.000102728	0.000134101	-4.44942e-05	0.00743596	-0.0151697	0.0327388
1.53708e-05	-1.97668e-05	-0.000104217	0.0119402	-0.0142078	0.0213121
-3.74537e-05	0.000104273	-0.00014941	0.0013813	-0.00624317	0.0423013
9.70254e-05	2.33351e-05	-0.00013672	0.0257132	-0.00457801	0.0523909
-0.000148979	-0.000130439	-0.000316149	0.0193873	-0.0100592	0.0502664
-0.00016697	-6.76591e-05	4.592e-05	0.0103905	-0.00739305	0.0269648
-8.55523e-05	2.24746e-06	-8.95117e-07	-0.000344578	-0.0143767	-0.000257965
-7.67352e-05	-1.60285e-05	-8.7645e-06	-0.000357291	-0.00673174	0.00134368
-4.65827e-05	1.04128e-06	6.94083e-06	0.000223382	-0.00718729	0.000787134
-9.76838e-05	-1.31886e-05	1.45675e-05	0.00298701	-0.0133017	0.00770673
-0.000184595	3.26457e-05	4.68361e-05	-0.000623349	-0.0128606	0.011114
-0.000105282	4.17814e-05	-3.86431e-05	-0.00371239	-0.00941993	0.0138998
-7.74448e-05	6.62887e-05	-2.73756e-05	-0.000578725	-0.00304699	0.0182637
9.24774e-06	2.05976e-05	-0.000188327	0.00397742	-0.000974772	0.0225682
-7.38788e-05	-4.41548e-05	-0.000142613	-0.00650775	-0.00727508	0.0235799
-0.000486853	-0.00016352	0.000144482	0.000404929	-0.0193521	0.0442871
-0.00019149	-0.000168634	0.000180205	0.0074871	-0.00318114	0.0454374
1.22747e-05	1.61229e-05	0.000269709	0.00490252	0.00841624	0.0211277
-3.62778e-05	4.46133e-05	1.57066e-05	0.00470547	0.00305854	0.0194166
-0.000116463	0.000116709	7.24053e-05	0.00880263	-0.0109443	0.0171882
0.000102247	1.7407e-05	-2.79479e-05	0.00698568	-0.017287	0.0126772
-6.00778e-06	2.70004e-05	-4.02215e-06	-0.00242196	-0.00954668	0.00701151
4.17142e-05	3.65361e-05	-0.000143899	0.00310478	0.0024956	0.0202598
7.34295e-06	6.37481e-05	0.000128048	-0.0130544	-0.00679869	0.022736
4.64997e-05	-4.91702e-05	-9.60821e-05	0.00433466	-0.0125774	0.0114362
-1.40616e-05	-2.33588e-05	-6.73463e-06	0.0100595	-0.00485562	0.0144691
1.26068e-05	-0.000124119	5.44207e-06	0.00850846	-0.0173477	0.0311784
2.76289e-05	0.000188227	0.000358043	-0.0370882	-0.0149791	0.0464984
-3.05269e-06	-0.000276106	0.000421404	0.0226668	-0.0071398	0.0381855
0.000120938	-2.59759e-05	0.000584217	-0.0038065	-0.00616384	0.0324861
6.71711e-05	-4.89907e-05	0.000374465	0.00351111	-0.00839525	0.0586623
5.18202e-05	-1.78818e-05	0.000367811	0.00858058	-0.00658906	0.0505484
-0.000103653	1.17258e-05	0.000160788	0.0141798	-0.0111852	0.0260107
1.05836e-05	-5.24533e-05	-3.10617e-05	0.0110727	-0.00595764	0.0253361
8.93721e-05	-0.000122299	-0.000206153	0.0157828	-0.00500879	0.0307239
-0.00021554	4.21503e-05	0.000117396	0.00930637	-0.0101089	0.0308478
-8.5611e-05	0.000146969	6.44389e-05	0.00161929	-0.00384035	0.0298684
-8.43627e-05	5.73572e-05	5.40803e-05	0.000709179	-0.0168818	0.0300613
-0.000152361	-6.1086e-07	1.46957e-05	0.00262769	-0.0324902	0.0498512
-0.000234372	-6.6811e-06	-7.85724e-05	0.00332758	-0.0150855	0.0685833
-8.0161e-05	3.30735e-05	1.48625e-05	-0.0106377	-0.00853791	0.0644279
-2.71811e-05	-8.52748e-06	4.03179e-05	0.020316	-0.0210191	0.0486718
-0.000232847	0.000212995	-0.000235196	-0.00334935	-0.0320623	0.0623773
-0.000247706	7.83503e-05	-0.000308537	-0.00900955	-0.0256947	0.0545984
-0.000216003	9.98333e-05	-0.000146049	-0.0207677	-0.0397225	0.0331423
-5.81816e-05	2.9224e-05	-1.97956e-05	-0.00652804	-0.0244195	0.028643
1.79665e-05	-7.36478e-05	-0.000188593	0.00187206	-0.0145389	0.0278069
0.000194506	-0.000111848	5.90712e-05	-0.000968378	-0.0119952	0.0331818
-2.33673e-05	4.22718e-05	-9.20881e-05	-0.00863322	-0.00903476	0.0353402
-0.000186927	0.000144583	0.000221675	-0.0165263	-0.0355879	0.0509991
-2.49515e-05	6.89459e-05	0.000189128	-0.0189474	-0.0186202	0.0688132
-0.00021589	5.28682e-05	0.000345984	-0.0134262	-0.012167	0.0975884
0.000141403	0.000162348	0.00026727	-0.0122223	-0.0171226	0.102264
0.000105604	-0.000171199	5.64739e-05	0.0127801	0.0105274	0.0676544
-7.66011e-05	-0.000221563	-6.66571e-05	-0.00369996	-0.00782763	0.0644527
0.000180282	-0.000208341	-0.000162529	0.0121467	-0.00386447	0.0569909
1.08158e-05	4.98213e-05	0.000406212	-0.00177283	-0.0203641	0.0513941
-6.60034e-05	-6.10722e-05	0.000436783	0.0162775	-0.0145069	0.056202
3.3675e-05	-8.05372e-05	-5.20045e-06	0.00724696	-0.0142591	0.0417343
-0.000110372	-0.000176025	3.05709e-05	0.0190392	-0.0067771	0.0383385
-0.000204385	-0.000229591	6.00927e-06	0.0225814	-0.0175448	0.031162
-0.000173806	9.66183e-06	-0.000116733	-0.00912609	-0.0211153	0.0136488
-0.000104301	6.84437e-05	1.3579e-05	-0.00641494	-0.013307	0.0128683
-1.76087e-05	-7.39393e-06	-3.36291e-05	0.00225377	-0.0192755	0.00942003
-6.22066e-05	-9.26495e-05	-9.64082e-05	0.00900161	0.00206745	0.0193501
-5.27645e-05	6.60842e-05	-4.15693e-05	-0.00682671	-0.00632466	0.0143533
-9.47282e-05	1.14324e-05	8.9352e-05	0.00895167	-0.00269837	0.028385
-3.54186e-05	-5.40979e-05	0.000186577	0.0105937	-0.00722483	0.0206306
-6.39999e-05	-3.31518e-05	0.000346026	0.00267767	-0.00741869	0.0396063
-0.000383719	-9.70866e-05	0.000543069	0.00557433	-0.0197833	0.049378
-0.000478157	-7.79139e-05	0.000432429	0.000520336	-0.04005	0.0483798
-0.000323942	-0.000152207	0.000521684	0.026134	-0.00894054	0.0457081
-0.000185446	-7.87774e-05	0.000305674	0.0253561	-0.00944705	0.0535827
0.000102589	2.47467e-05	-7.84099e-06	-0.00986759	0.0291226	0.0653165
-8.94131e-05	4.18758e-05	-3.37697e-05	0.00485123	0.00592675	0.0332265
-0.000131655	2.06791e-05	0.00013283	0.00383869	-0.01189	0.0295799
-1.23403e-05	5.09447e-05	-2.5439e-05	0.000111082	-0.00170771	0.0225259
-1.11145e-05	0.000131638	0.000219066	-0.00636546	-0.00815799	0.0296616
-4.94397e-05	1.4542e-05	-9.0489e-06	-0.000132749	-0.00944498	0.00202815
-3.3956e-05	0.000145188	2.64427e-05	-0.00366275	-0.0334744	0.0178404
0.000348191	-6.77157e-05	-0.000402156	0.00700959	-0.00529736	0.0309809
0.00023922	0.000117746	-0.000156041	-0.0136881	0.00717348	0.0455543
0.000157554	-0.000178234	0.000394008	0.00534631	0.0157245	0.057456
0.000209492	0.000319286	0.000568762	-0.0179837	-0.00545867	0.040185
-0.000221956	0.00012393	0.000165163	0.0108358	-0.021463	0.0569773
-0.00095697	0.00014173	0.000111263	-0.0140711	-0.0191248	0.0707537
-0.000292642	-7.64921e-06	-0.000249329	0.00146317	-0.00522053	0.074618
0.000263956	-0.000147294	-0.000479624	0.0209078	-0.0205849	0.0409559
0.000166268	0.000202258	4.15277e-06	-0.0200204	-0.0170441	0.05228
8.33522e-05	0.000104704	-8.91913e-05	-0.0131289	-0.00216619	0.0612012
-1.1106e-06	-7.66403e-05	-3.34866e-05	-0.000552837	0.00947608	0.0569172
-0.000138405	-3.58763e-05	4.99798e-05	0.00675861	-0.00308329	0.00984212
-0.00011831	-2.48802e-05	-0.000196003	-0.00345197	-0.0128598	0.0249384
0.000123531	-6.93252e-05	-0.000365699	0.00070052	-0.00917389	0.0308191
-2.50749e-06	-6.27306e-05	-0.000398953	0.0143229	-0.010771	0.0375336
-0.000175088	-2.11575e-05	0.000100738	0.0222776	-0.0041135	0.049519
-0.000428322	-5.22951e-06	-5.81986e-05	-0.0213562	-0.0221884	0.0501973
-0.000385908	5.38973e-05	-0.000129327	-0.0206793	-0.0246914	0.0451622
-0.000308407	5.25931e-05	1.77993e-05	0.00152914	-0.0285163	0.0522181
-0.000234357	7.62538e-05	0.000255298	-0.000979533	-0.0244173	0.0593295
-6.52934e-05	0.000151682	5.75791e-05	-0.0203695	-0.00862006	0.0341144
-6.22153e-06	2.65617e-05	0.000113877	-0.0153546	-0.00537204	0.0470564
4.7064e-05	0.000107545	9.33476e-07	-0.0351656	-0.00498604	0.0645097
-2.10581e-05	2.39464e-05	-0.000616031	-0.0152286	-0.00358185	0.0660492
-0.000140538	-2.57961e-05	-0.000329763	0.0241267	-0.0184531	0.0584146
1.22469e-05	0.000196124	-0.000231143	-0.0104185	-0.00449314	0.0378473
5.07793e-05	6.83343e-05	0.000619743	-0.0182417	0.00295172	0.0526356
0.00019989	0.000185671	0.00043847	-0.0173204	0.0148691	0.0816918
-0.00026284	0.000107497	0.000370394	0.0203921	0.00970223	0.0822343
0.000266925	0.000177177	0.000341986	-0.00290692	0.000956552	0.0738956
6.6432e-05	7.63582e-05	0.000386618	0.00577282	-0.00435705	0.0548926
-5.53253e-05	-1.66347e-05	-5.38828e-05	0.016868	-0.0190932	0.0447262
-0.000319146	0.00013108	-0.000187695	-0.00340243	-0.0155934	0.0424261
-0.000257548	7.88231e-06	0.000363539	0.010512	0.0100397	0.0539103
0.000193449	-3.01945e-05	-0.000123508	-0.0120321	0.0167506	0.0578217
0.000315213	-0.000123473	-0.000323917	0.0236298	0.00542566	0.0523533
-0.000313945	-8.47161e-05	-4.68242e-05	0.0224872	0.00029446	0.0507151
-0.000156482	-0.000145166	6.14366e-05	0.0214408	-0.000624768	0.0468572
0.000145086	-0.000112259	-0.000249785	0.00839362	0.00460464	0.0385572
-0.000154614	0.000153674	-0.000114628	-0.0203859	-0.00279019	0.04184
0.000234777	-8.39378e-06	-0.000872229	0.0122098	0.00468281	0.0774531
-0.000114551	-7.32735e-05	-0.000515571	0.0191964	0.00902333	0.0574201
-0.000118951	1.07195e-05	-2.24233e-05	-0.0294265	0.00181121	0.0810515
0.000131852	4.49509e-07	-0.000310988	-0.0147905	-0.00177807	0.0421612
9.3681e-05	-2.20154e-05	-0.00059189	0.00439967	0.00460656	0.0392999
-0.000194087	-8.72827e-05	-0.000295791	0.0190968	-0.00419712	0.0428757
-0.000155369	-0.000270083	-0.000566646	0.0327195	-0.0169774	0.065464
-0.000387914	-0.000446831	-0.000273344	0.0256219	-0.00146859	0.0817386
-0.000154858	-0.00046971	0.000177206	0.0119851	0.0107502	0.0809235
-6.89529e-05	-0.000236788	0.000406017	-0.00129626	-0.00605191	0.0626144
-2.46812e-06	-0.00011125	-0.000227544	0.00876284	-0.0091591	0.0564158
-1.21134e-05	0.000101575	-0.000149315	-0.0193581	-0.0212902	0.06369
0.00010488	6.42455e-05	0.000249612	-0.0282097	-0.00465455	0.0483735
-0.000273113	-9.31153e-05	5.39898e-05	0.00508438	0.00266061	0.0720056
-0.000393248	-0.000447606	-4.21853e-05	0.0381558	-0.0242514	0.0512799
-0.000391517	-2.34613e-05	0.000227677	0.0169562	-0.0335898	0.0452529
-0.000136868	0.000252116	0.000300835	-0.0336464	-0.0119325	0.0502724
0.000190018	-0.000235439	0.00045925	0.0109622	-0.015551	0.0694443
0.000174158	8.73976e-06	0.000571876	-0.0080622	-0.019723	0.0687066
-0.000122675	0.000116893	0.000276506	-0.0280494	-0.0147951	0.0669883
0.000170316	3.7175e-05	-0.000209743	-0.00342052	-0.00706694	0.0493509
-2.84465e-05	-4.81707e-05	-2.59059e-05	0.00536949	-0.0255352	0.0249765
-9.76773e-05	7.63156e-05	-5.73088e-05	-0.00238151	-0.0214205	0.036711
-2.25992e-05	-0.000105941	-0.000183431	0.00159814	-0.0200535	0.0382974
6.21763e-05	7.95748e-06	-4.29394e-05	-0.0054581	-0.0154865	0.0291589
-7.847e-05	3.18615e-05	-0.000263146	-0.00861744	-0.00841866	0.0243792
0.00011999	0.00012934	-2.97912e-05	-0.00489407	0.00725674	0.0186562
-0.000164945	8.9161e-05	-0.000246326	-0.0254192	0.0218996	0.0428521
-0.000283574	-4.02355e-05	-0.000533398	-0.00562297	-0.0170836	0.0286366
-0.000201269	0.000244612	-0.000147501	-0.0280744	-0.0171491	0.0407972
2.59791e-05	0.000261886	-0.000139846	-0.0388693	0.0179555	0.0565648
-3.06866e-05	-5.94335e-05	-0.000152118	0.0199831	0.00927874	0.0407663
3.75462e-05	7.49817e-05	0.0003683	-0.0129975	0.00117607	0.0365049
3.24012e-05	2.73786e-05	0.000388838	0.00103366	-0.00860457	0.0315314
-8.70087e-05	5.81316e-05	7.08956e-05	0.0181263	-0.0246672	0.0193425
-0.000105476	3.80391e-05	-5.76639e-05	0.0103881	-0.00776281	0.021188
-7.73912e-05	0.000157269	7.8541e-05	-0.0181573	-0.014656	0.0161271
2.25633e-05	-1.86146e-05	0.000218505	-0.000543167	-0.010617	0.0174062
1.61233e-05	1.9725e-05	0.000105652	0.00214804	-0.00708992	0.0240977
-8.20272e-05	-6.16819e-05	-2.28896e-05	0.00981446	-0.0200525	0.0196281
-6.29453e-05	0.000102739	3.11698e-06	-0.0222962	-0.00947481	0.0291099
-0.00013248	-0.000187768	-0.00024755	0.0125456	0.00149926	0.041647
-0.000123037	-0.000182642	-0.000593239	0.0160082	-0.00843043	0.046064
-1.71675e-05	5.25443e-05	2.80396e-05	-0.00709695	-0.0158356	0.0130904
-3.88788e-05	-2.84676e-05	0.000260902	0.00860577	-0.0187601	0.0304818
-0.000123859	1.42407e-05	0.000356249	-0.00140451	-0.0139531	0.0296756
-5.09133e-05	-0.000112405	6.54488e-05	-0.00270551	-0.00653808	0.0434435
-9.42344e-05	-2.03179e-05	-8.21304e-05	0.0027865	-0.0102119	0.00600347
-0.000126439	-3.22242e-05	-7.30216e-05	-0.00442944	-0.00828834	0.00605059
-0.000143726	-0.000115787	-4.91904e-05	0.00691854	-0.0153071	0.0120306
-0.000265274	-3.632e-05	-0.000251433	-0.00896154	-0.00849375	0.0185176
-0.000368736	-8.3489e-06	1.91299e-06	0.00213887	-0.0240295	0.0156589
-0.000292239	5.9827e-05	0.000183542	-0.0154787	-0.00831212	0.0567812
0.000354891	-2.54787e-05	0.000141315	-0.0396326	0.0297227	0.0900628
-0.000112064	-0.000127836	0.000350016	-0.00527289	0.0097056	0.0769154
-2.81059e-05	2.75787e-05	0.000469591	-0.0131349	0.00837699	0.046359
8.39693e-05	0.000103617	0.000583717	-0.00994172	-0.0123945	0.0304038
5.16466e-05	9.96763e-05	0.000762422	-0.0122857	-0.0172243	0.0476272
5.46184e-05	-9.75692e-05	0.000572313	0.0083558	-0.00962225	0.0471805
0.000134227	-9.37678e-05	0.000157802	0.0130489	-0.0101698	0.030251
5.26824e-05	2.40369e-06	0.000143995	-0.0131182	-0.0129827	0.0412435
1.51272e-05	0.000306746	0.00027783	-0.0298244	0.000467211	0.055087
0.000422427	0.000200034	0.000265651	-0.00802626	0.00308987	0.0651059
1.48449e-05	3.99647e-05	8.83864e-05	0.00430704	0.00746224	0.0400681
-0.00015817	0.000162044	-0.000102995	-0.0185623	-0.00259193	0.0255908
-1.08953e-05	0.000109136	-0.000119173	-0.00840373	-0.00467786	0.0415783
-0.000264048	-0.000127706	-0.000169863	0.0135058	-0.0180649	0.0496064
-0.000366104	0.000103411	-5.31757e-05	-0.0218248	-0.0277207	0.0378734
-0.00041225	-7.18873e-06	-0.000148429	0.00784651	-0.0278231	0.0420991
-0.000322903	1.34504e-05	-0.000299452	0.00927799	-0.0136108	0.0392595
-0.000111277	4.15252e-05	-0.000129985	-0.00600075	-0.00623601	0.0181169
1.00747e-07	-2.49696e-05	-8.66242e-05	-0.000116972	-0.0171845	0.0221219
-0.000119481	4.25009e-06	0.000187307	-0.0100626	-0.00206916	0.0181784
-1.98082e-07	-2.73085e-05	9.84852e-05	6.28967e-05	-0.00334744	0.0111591
-9.04296e-06	4.8881e-05	5.83546e-05	-0.00328658	-0.0101601	0.00272911
-3.84768e-05	-1.72649e-05	-1.81944e-05	0.00273793	-0.00861952	0.00373551
-0.000139921	-3.55551e-05	-5.87987e-05	0.0032815	-0.023449	0.0244694
-0.000101281	-2.29709e-05	1.37353e-05	-0.0062788	-0.0228053	0.0202641
-2.53777e-05	6.91283e-06	-9.39084e-05	0.00384699	-0.0184544	0.0248049
-0.000132429	-0.000219744	-6.01012e-05	0.0393708	-0.0225768	0.0497385
-0.000252038	-3.73025e-05	-0.000426287	-0.00564179	-0.0413671	0.0624726
-2.11134e-06	-6.21597e-05	-0.000696113	-0.00563471	-0.0173918	0.0622204
-3.17398e-05	-0.000127403	-0.000469128	1.75983e-05	-0.0251573	0.0490319
6.8279e-05	-0.000100377	-0.000312282	-0.00330646	-0.00876467	0.0555435
-6.12713e-05	-0.000195038	-0.000417145	0.0230567	-0.0145459	0.0529453
-0.000272109	-2.71435e-05	-0.000382151	-0.00675263	-0.0320505	0.0512948
-0.000519032	0.000131451	-5.45835e-05	0.0140007	-0.0289122	0.0538309
-0.000650393	0.000155857	0.000135122	0.00211913	-0.0107599	0.0730867
-0.00023564	0.00020461	-0.000120057	-0.0044934	0.00147469	0.0778856
6.92473e-05	2.46486e-05	-0.000237199	-0.00587267	-0.000871223	0.0570463
-0.000325218	-0.000172703	-0.000104738	-0.000924071	-0.041851	0.0568535
-0.000411404	-0.000215284	-7.64585e-05	-0.00892143	-0.0512338	0.0567007
-5.69337e-05	-5.724e-06	0.000205843	-0.0257099	-0.0280579	0.0761981
4.17716e-05	4.89427e-05	-0.000121743	-0.00956442	-0.026077	0.0835889
-9.29302e-05	0.000191747	-2.69829e-05	-0.0256462	-0.0233379	0.0491283
-2.94181e-05	3.34007e-05	-0.000473014	-0.00264867	-0.0168763	0.04725
-3.54039e-05	-1.46555e-06	-5.52975e-05	0.00460968	-0.00656529	0.0358123
-0.00014979	2.26033e-06	-2.98339e-05	0.00110254	-0.014947	0.0219631
-9.52144e-05	0.000109225	-3.74918e-06	-0.00852656	-0.00940263	0.0276548
0.000109546	-8.13989e-05	0.000195741	0.0154008	-0.0133439	0.0365264
-7.54169e-05	-0.000115845	-0.000189096	0.0182824	-0.00891037	0.0395175
-0.000237938	0.000157132	-4.22881e-05	-0.0259954	-0.015297	0.043389
-0.00022944	-5.63892e-05	0.000110342	0.00767218	-0.026536	0.0501013
0.000177049	0.000138771	0.000258152	-0.0148808	-0.0212717	0.0403393
4.62543e-05	0.000117488	3.96469e-05	-0.00773425	-0.0108483	0.0304357
5.23706e-05	4.68557e-05	-2.62293e-05	-0.000141726	-0.00137373	0.0266884
-4.11777e-05	4.42593e-05	1.08822e-05	-0.00291668	-0.000325453	0.0330637
3.25392e-05	4.10939e-05	9.37402e-06	-0.0158705	-0.0167313	0.0303349
-6.79666e-05	-2.36039e-05	-2.2293e-05	-0.00544019	-0.0143357	0.0278821
-0.000142618	2.65491e-06	6.38138e-05	0.00159501	0.00249864	0.0340458
-2.89444e-05	3.37741e-05	-6.97373e-05	-0.0070419	-0.00675265	0.044333
-0.000172385	9.30178e-05	0.00010515	-0.0200258	-0.0199286	0.0499495
-0.000238943	-0.000155346	-0.000129389	0.00427487	0.00849004	0.031962
-8.83268e-05	-0.000155772	-7.07575e-05	-0.0154565	-0.00880368	0.0394396
4.06797e-06	-0.000216793	3.64558e-05	0.00819448	-0.00795306	0.0360698
0.000319416	-6.11347e-05	-0.000207451	0.0108093	-0.00510695	0.0398823
0.000101964	-5.66267e-05	-0.00028971	0.00277282	0.00533326	0.0418018
-7.2958e-05	-2.82364e-05	-0.000114885	-0.00403705	-0.00510549	0.0106837
9.85974e-05	5.54088e-05	-0.00010381	-0.00100339	0.00691022	0.020302
5.48127e-05	9.16938e-05	-1.26378e-05	-0.00509267	0.0119686	0.0278436
-2.69427e-06	5.87289e-05	-3.0307e-05	-0.00223837	0.00796933	0.0369424
-3.59596e-05	0.000141617	6.82418e-05	-0.00820381	0.00424205	0.0355798
-8.92546e-05	0.000152479	6.62999e-05	-0.00386378	-0.000843172	0.0348776
2.08637e-05	7.22517e-05	0.00015329	-0.000850849	-5.32367e-05	0.0328741
-6.18775e-05	-8.10886e-05	-0.000189523	0.0149912	0.00331641	0.0570686
-0.000150725	-0.000143735	-0.000138717	0.00523537	-0.00537397	0.0634843
7.98085e-05	-0.000174762	-0.00019421	-0.000792903	-0.0253696	0.0587329
-1.555e-05	1.13973e-05	-8.38632e-05	-0.00316009	-0.018768	0.0535744
-0.000412355	9.89712e-05	-4.74831e-05	-0.00129728	-0.0237829	0.0552881
2.4939e-05	5.02924e-05	-7.23636e-05	0.0196385	-0.0288199	0.0542422
0.000112804	-1.03944e-05	-0.000488501	0.0147318	-0.0149168	0.025577
9.59489e-05	0.000128099	-0.000473034	-0.0127249	-0.0143133	0.0516564
0.000201001	2.00865e-05	-0.000228716	0.00551131	-0.0202955	0.0787301
0.000125444	1.22625e-05	-0.000368527	-0.000266268	-0.0227458	0.0401186
0.000165176	1.4263e-05	-0.000174565	-0.00727978	-0.00264824	0.0295805
-2.2094e-05	9.7131e-05	-9.24643e-05	-0.0184845	-0.0113498	0.0266762
0.000110765	2.60225e-05	-0.000170314	-0.00652079	0.00757105	0.032212
-6.32315e-06	6.76884e-06	-8.25946e-05	-0.00680654	-0.00897147	0.0181433
-9.51683e-05	-1.09785e-06	2.03845e-05	-0.00057006	-0.00627887	0.00594532
7.2309e-06	2.11967e-05	-4.43715e-05	0.00309598	0.000239944	0.0172964
9.64552e-05	-5.91254e-05	7.22881e-06	0.0088149	-0.00654992	0.0164201
5.27987e-05	3.29979e-05	5.71114e-05	0.00420365	-0.0109601	0.0214905
-3.53803e-05	1.96342e-05	5.24897e-05	-0.00129107	-0.00218431	0.0263664
2.74912e-05	-0.000149777	-7.99715e-06	0.0134764	-0.00534876	0.0340012
-0.000137659	-4.41992e-05	0.00011292	-0.0057702	0.00258255	0.0333602
-0.000237962	0.000111363	7.51582e-05	-0.00900366	0.00300334	0.0314364
-1.3028e-05	2.89555e-05	3.03067e-05	-0.00149504	-0.00615674	0.00466819
-9.34449e-06	-1.62323e-05	-0.000123676	0.00112051	-0.0197249	0.0169783
-4.98567e-05	-2.27057e-05	-0.000216838	0.00986519	-0.0232423	0.0327545
2.77524e-05	0.000134175	-0.000106448	-0.0051731	-0.0119278	0.0240678
-0.000104972	9.64967e-05	0.000110357	-0.0188611	-0.0219421	0.0309449
-0.000186487	7.6485e-05	0.00044095	-0.00943719	-0.00967509	0.0727146
-0.000191378	0.000115481	0.000387727	-0.00323099	-0.0226225	0.101481
-0.000272718	4.68552e-05	-6.62807e-05	0.00468609	-0.0321597	0.0673488
-2.64961e-05	0.000192342	-7.25926e-05	-0.00966364	-0.0426707	0.0527083
-0.000106674	-4.32249e-05	2.98874e-05	0.00386152	-0.0506399	0.0729437
-0.000188689	-0.000168287	-0.000131834	0.0103489	-0.0443925	0.0611243
-0.000328338	-8.58235e-05	-0.000248336	0.00469307	-0.0412259	0.0483108
-0.000292907	-3.00174e-05	5.36791e-07	0.0027465	-0.0277193	0.0447322
-0.000117181	1.11132e-05	0.000509248	-0.00643944	-0.0276767	0.0635388
-0.000159977	-0.00011927	0.000450321	0.0101979	-0.0147882	0.0852239
-0.000275773	-0.000455848	0.000216096	0.0289654	0.00346497	0.0637304
-0.000116327	5.86833e-05	0.000389342	0.00626652	-0.00756263	0.0562146
-0.000287504	0.000247367	0.000662716	0.00546587	-0.00143366	0.0902844
6.0995e-05	0.00013994	0.000744076	0.00920307	0.0139871	0.0990766
-0.00027041	0.000191321	0.000733326	0.00825482	0.00698137	0.0800544
9.099e-06	0.000148334	0.000511315	-0.0207802	0.0104546	0.0629699
1.18111e-06	-0.000138532	0.000376141	0.0178262	0.0116415	0.0573469
8.33949e-05	-8.48301e-05	0.000219131	0.00947859	0.00307117	0.0433133
0.000211706	-7.83678e-05	0.000182878	0.0132765	0.0275065	0.0415504
0.000148967	0.000141317	0.000150146	0.000724416	0.0119406	0.0629693
0.000384545	0.000172863	0.000122299	-0.00145725	0.00493163	0.0789104
-9.34035e-06	5.27053e-05	7.74922e-05	-0.00813521	-0.00506647	0.0630234
-0.000136139	0.000160216	0.00041037	-0.0243796	-0.00702305	0.0630557
-0.000319587	0.000248841	-9.66266e-05	0.00602114	-0.00717793	0.0605597
-4.58866e-05	-2.25071e-05	0.000184603	0.00594844	-0.00282437	0.0416047
0.000223161	-0.000178547	0.000324481	0.0138122	0.00164336	0.0597417
-7.66704e-07	0.000163892	-3.18264e-05	-0.0113065	-0.0111243	0.0452689
0.000132317	-2.56792e-05	9.01229e-07	-4.45592e-05	-0.0033222	0.0400732
8.3296e-05	-0.000147081	-1.52083e-05	0.00540561	-0.00688955	0.0519617
0.000147271	-0.000101438	-9.5752e-05	-0.00559857	0.00744485	0.0500741
0.000222188	-0.000235992	1.35032e-05	-0.0118366	-0.00556441	0.0953472
5.68753e-05	-0.000311548	-1.26176e-05	0.00160308	-0.00450817	0.106075
0.000524473	-1.33068e-05	0.000271648	-0.0151566	0.00484141	0.0917169
0.000267776	-0.000323855	0.000250739	0.017209	0.00168583	0.0895158
-0.000168639	-0.000413555	0.0005084	0.00808771	-0.00341737	0.0623892
1.0526e-05	-0.000281244	0.000488139	0.0209402	-0.0060069	0.0602344
6.95449e-06	-3.36684e-05	0.000395901	0.0119298	0.00681848	0.0686734
-0.000123765	-5.58559e-05	0.000222684	0.011237	0.00791461	0.0347377
-1.5517e-05	3.35639e-05	0.000172356	0.00247161	0.00128987	0.0461374
5.3587e-05	0.000191795	0.000220874	-0.0155006	0.0112402	0.0618855
-8.429e-05	-9.89668e-05	-0.00030352	0.0184123	0.00402221	0.0577724
-3.48926e-05	-0.000148055	-0.000328132	0.0294754	0.00718591	0.056374
0.00013541	9.41314e-06	-0.000278739	-0.0153222	0.00831214	0.0971997
0.000232104	-3.75926e-05	0.000380947	-0.0191286	-0.0228226	0.0596076
-0.000264112	-0.000103525	0.000515733	0.0169216	-0.0232069	0.0411047
-0.000212646	4.88161e-05	0.000363803	-0.00427209	-0.0220439	0.0357309
3.30725e-06	-6.63587e-05	-5.88153e-06	0.00552874	-0.0267047	0.0194304
-0.00021668	-3.43375e-05	5.84922e-05	0.00515641	-0.0255543	0.0196952
-5.92739e-05	-5.53766e-05	-0.000124524	0.0184629	-0.0201063	0.0325287
1.3081e-05	-3.31386e-05	3.21222e-05	0.0063374	-0.00323792	0.0319962
-3.90813e-05	4.88648e-05	-7.96905e-05	-0.0100161	-0.00144057	0.0233897
-8.87754e-07	9.67325e-05	-6.75058e-06	-0.00902922	-0.00649624	0.0162419
-2.04441e-05	-7.00048e-05	-6.03778e-05	0.00696942	-0.00572316	0.0247861
-0.000149371	-0.000215159	-1.75686e-05	0.019491	0.000645598	0.0451973
-1.81575e-05	-5.98567e-05	-5.4684e-05	0.0108593	-0.00469015	0.0329731
2.53343e-05	0.000102108	0.00011719	-0.0200557	0.0206184	0.0391577
-0.000176751	9.99436e-05	0.000346187	-0.0232995	-0.00697421	0.0486123
-0.000222697	-6.70386e-06	-1.49473e-05	-0.018395	-0.0086816	0.0319864
-9.02671e-05	-7.62676e-05	-0.000275324	-0.000769922	-0.016172	0.0362094
-0.000143377	0.000149763	1.79861e-05	-0.0280878	-0.0359951	0.064681
-0.000131048	-0.000113529	-8.15508e-05	0.0240477	-0.0497829	0.0445791
-9.30944e-05	-1.35392e-05	1.63601e-05	0.012672	-0.0289242	0.0338477
-3.63036e-06	0.000125299	0.000151075	0.00102351	-0.0213836	0.0564496
0.000164496	-7.49416e-05	9.44005e-05	0.0122906	0.00713464	0.0510136
1.68308e-05	0.000186362	-8.44283e-05	0.0017785	-0.00792476	0.0667697
-6.30087e-05	-7.75e-05	-0.000253757	0.0107112	-0.002775	0.0547348
6.62935e-05	-0.000273913	-0.000432246	0.0206035	-0.0188685	0.0348822
8.20639e-05	-1.46371e-05	-0.000188558	-0.00201057	-0.0115243	0.0254436
-0.000139605	-1.17625e-05	-0.000424696	-0.0116623	-0.00355612	0.0362288
-0.000403478	6.94193e-05	-0.000212166	-0.00878928	-0.0240036	0.0576214
-0.000627772	0.000113539	2.53013e-05	-0.0101378	-0.0302837	0.0503232
-1.4968e-06	0.000202404	6.36243e-05	-0.0199228	-0.0126652	0.0263473
0.000285135	-9.38193e-05	-0.000109896	-0.00848451	0.0153099	0.0764036
0.000269161	1.26165e-05	-6.85486e-05	-0.0218186	0.0154813	0.0644947
0.000277223	-4.90124e-05	-0.000318652	-0.0232483	0.017998	0.0885082
0.000443671	-0.000225406	-0.000225017	0.0187397	0.0224115	0.0810357
0.000235317	0.000110547	0.000255691	-0.039665	0.00631133	0.0545542
-2.22041e-05	-0.00015818	-5.88988e-05	0.0271947	0.00128336	0.0779652
-1.32909e-05	-0.000251227	-4.91058e-05	0.0147599	-0.0213092	0.0554053
-0.000139813	1.25353e-05	6.89354e-05	-0.00459943	-0.0214894	0.0742531
0.000341387	-0.000144962	-0.000188811	0.0317231	-0.0155185	0.0595909
-5.09894e-05	-0.000117669	-0.000128536	0.0183156	-0.0187675	0.0511087
0.00010265	-0.000156412	-0.000619747	0.0291711	-0.000365611	0.045109
-3.95107e-06	-0.000253298	-0.000368063	0.0386708	0.00227811	0.0494795
-0.000357363	-8.05457e-05	0.000119425	0.0148736	-0.00297608	0.0448305
-6.88949e-05	6.82686e-05	3.68548e-06	0.000562719	-0.0153198	0.0200488
-6.57588e-05	0.000116316	1.44839e-05	-0.0130461	-0.00813519	0.0266026
-3.43354e-05	6.98684e-06	-0.000177972	0.00458744	-0.0113494	0.0210107
-7.09966e-05	-3.78723e-05	-0.000169514	-0.00181163	-0.0170661	0.0163531
-0.000408363	0.000120895	-0.000339726	-0.019908	-0.0189694	0.0476743
-3.55323e-05	-0.000109013	-7.19837e-05	0.0214065	-0.00861074	0.0657181
-0.000174289	-0.000212596	0.000164848	0.011257	-0.00968243	0.074591
-0.000145461	-3.02999e-05	0.00021431	0.0118952	-0.0335445	0.0862543
0.00019254	-6.51104e-05	-3.07347e-05	0.0417658	-0.0249289	0.0617418
0.000144964	9.92338e-05	0.000574586	-0.0435545	-0.00836376	0.0538962
-2.71274e-05	-0.000181137	0.000493141	0.0187766	0.000123527	0.0634254
-0.000248586	-0.000156433	0.000218311	0.0273033	-0.00251635	0.0861739
-0.00017166	-0.000125574	0.00023108	0.0066588	-0.0048684	0.0684206
-0.000395864	0.000123902	0.000211699	-0.01041	0.00146412	0.0642554
2.84835e-05	9.30813e-05	0.000152686	0.00534083	0.010473	0.0632926
-0.00012733	-0.00017209	0.000224193	0.00669414	0.00127051	0.0479014
-0.000102451	-8.32952e-07	-6.92941e-05	0.0120465	0.000667477	0.0907123
-0.000198574	-8.31784e-05	0.000365416	-0.00172439	-0.0180077	0.0443766
-0.000406829	-3.52423e-05	0.00013111	0.016113	-0.0243529	0.0821792
0.000415578	0.000351008	-6.75224e-05	-0.0114364	-0.0208645	0.0899805
0.00041301	-0.00014649	-0.000166149	0.00860556	-0.0198149	0.0619524
0.000386891	4.72739e-05	-9.20536e-05	-7.05034e-05	0.000228974	0.0785315
0.000118742	-0.000303919	-4.78643e-05	0.0358577	-0.00737459	0.0677476
-2.02242e-05	-0.00032078	-0.000268871	0.0490586	-0.00270155	0.0559336
-0.000233889	-0.00022278	-0.000730633	0.017315	-0.0179714	0.0527923
-6.92534e-05	-0.00013939	-0.000164669	0.00889009	0.00323929	0.0422002
-0.000188164	-5.74657e-05	-0.000161676	0.00937377	-0.00865738	0.0341661
-0.000200135	-0.000309722	-0.000395144	0.0465244	-0.0073989	0.0598253
-0.000226973	0.000112454	-0.000299458	-0.0226889	0.0105791	0.0835539
-0.000334603	-8.60789e-05	-0.000143104	-0.0133036	0.0197753	0.0625992
-0.000372173	0.000229445	-0.00017147	-0.0166242	0.0195899	0.0487674
0.000102959	-3.99576e-05	0.00014278	0.000793118	0.00796446	0.0362303
-7.84609e-06	5.5028e-05	0.000308631	0.0032302	-0.00721698	0.0404051
-2.56801e-05	0.000229697	0.00028562	-0.0203525	-0.030667	0.0289565
0.000235121	0.000109545	0.000422391	-0.000276939	-0.00917758	0.0470413
-0.00012331	-4.80422e-05	-0.000119921	0.000642748	-0.0203317	0.0346538
-0.000176162	-3.91353e-05	-0.000378687	0.00248112	-0.0236129	0.0400596
-0.000372751	-7.04493e-06	-0.000393011	-0.00812192	-0.0389625	0.0412143
-0.000207609	0.000131165	-0.000270358	0.00202443	-0.0156469	0.0295778
-0.00010537	0.000174689	-1.07643e-05	-0.00268567	-0.0145625	0.0316942
-0.000100385	0.000227025	-7.88196e-06	0.00354763	-0.0163464	0.0466345
-4.12091e-05	0.000131121	-0.000204496	-0.00396998	-0.0124832	0.0519046
-0.000126751	1.99475e-05	7.31424e-05	0.00660549	-0.0100707	0.00586124
-0.000285957	-0.000195383	0.000201554	0.0402456	-0.0024711	0.0533364
-1.65528e-08	1.71544e-05	0.000110461	-0.000138519	0.00145173	0.020136
1.51226e-05	-2.19665e-05	0.000198502	0.00897276	-0.00192737	0.0198777
-7.34961e-05	2.71301e-05	0.00014428	-0.00727952	0.00125978	0.0320578
-0.000118497	6.30051e-06	4.80547e-05	-0.00235255	-0.00967932	0.00691337
-0.000153778	-1.92322e-05	0.000126954	0.00515766	-0.0113783	0.00737724
-0.00016271	-0.000146706	5.33337e-05	0.0211893	-0.00946138	0.0243842
0.000174218	-0.000102033	-0.000359599	0.00757284	-0.0171751	0.0681783
-0.00014392	-5.72999e-05	-0.000160483	-0.00348311	-0.0126405	0.0465018
9.63702e-05	-9.59574e-05	7.01606e-06	-0.00924834	0.00279009	0.0461877
-0.000156905	3.09977e-05	1.00569e-05	-0.0117227	-0.00598679	0.089904
0.000461029	0.00012098	-1.20519e-06	-0.00873511	0.00767786	0.056176
-6.637e-06	-4.36559e-05	-9.20617e-05	0.00727731	0.00091509	0.0536011
-0.000180914	0.000121424	-4.73695e-05	-0.0165532	0.000288459	0.0427986
-7.02309e-05	0.000241651	4.84387e-06	-0.0287133	0.00916039	0.0620232
0.000182404	-3.96626e-05	-0.000492227	0.0110536	0.0112195	0.0548362
0.000197195	-1.1164e-05	-0.000536661	0.010375	0.0186647	0.0550732
-6.15578e-05	5.28856e-05	-6.45652e-05	-0.00626061	-0.0278407	0.0397323
-0.000100553	9.73496e-05	-0.000188984	0.00186511	-0.0333182	0.0425519
-0.000379868	1.59515e-05	4.6197e-05	0.0196316	-0.0535486	0.0513739
-0.000211865	5.55381e-05	-0.00010138	-0.00270351	-0.0413217	0.0609674
-0.000168782	4.95368e-05	-5.48587e-05	-0.00646157	-0.0330436	0.0265363
4.55301e-05	-0.000151231	-0.000109662	0.0202681	-0.0194842	0.0318897
-0.000265219	1.92726e-05	-1.51162e-05	1.93128e-05	-0.0259135	0.0284092
-0.000418601	0.000146833	8.52403e-05	-0.0277862	-0.0341088	0.05144
-0.000282239	-0.000100271	0.000175409	0.00950953	-0.0125384	0.0681593
-0.000188798	4.06193e-05	0.000111539	0.00365413	-0.0354321	0.0376903
2.42588e-05	-1.64416e-05	2.44944e-05	0.00310203	-0.0170182	0.017745
-2.58534e-05	8.79694e-05	-8.13093e-05	-0.0120337	-0.0115576	0.0156044
8.70208e-05	-5.97729e-05	-1.16232e-05	0.00251884	-8.40006e-05	0.0135394
3.25955e-06	-0.00025521	-0.00024682	0.0257416	0.010406	0.04426
-0.000195204	-6.6913e-05	-0.000138778	-0.000265433	0.00322532	0.0383443
0.000152893	0.000584606	0.000370248	-0.0529379	-0.0306739	0.0585161
-6.08202e-05	3.0474e-06	-1.25822e-06	-0.000746175	-0.00976923	0.000521037
-7.27131e-05	-1.45234e-05	4.51867e-05	0.00564127	-0.00695716	0.00243606
-2.79888e-05	3.70674e-05	1.79308e-05	-0.00295184	-0.00810115	0.00320345
-3.79672e-05	-2.36104e-05	5.43773e-05	-0.000942266	-0.00594806	0.00342895
6.76074e-05	-0.000134533	0.000252787	0.00980621	0.00908344	0.0211361
9.78154e-05	-5.83256e-05	-0.000105966	0.0154069	-0.0139959	0.0290573
0.000180093	4.5701e-05	0.000115558	-0.0137775	-0.0224412	0.0259386
5.23281e-05	0.00011846	0.000209704	-0.018906	-0.00851296	0.0239929
3.13885e-05	-4.28362e-05	0.000187258	0.00118955	-0.00954873	0.0124137
-7.96725e-05	1.30238e-05	-1.07184e-05	0.00031462	-0.00992355	0.00401136
-4.03923e-05	8.06875e-06	5.80186e-05	-0.00318908	-0.0195063	0.00872725
-5.63454e-05	-5.17856e-06	2.09062e-05	-0.00190691	-0.00963164	0.00237777
-3.67609e-05	-2.51123e-05	-1.7138e-05	0.00435082	-0.0100658	0.00319082
-9.63832e-05	-1.11695e-06	-0.000185946	-0.00270602	-0.00645036	0.00790975
-6.70437e-05	-6.86751e-06	-0.000128702	-0.0110673	-0.000685838	0.01219
1.73167e-05	-0.000216743	3.61883e-05	0.0114264	0.0103156	0.0314923
0.000132309	-0.000159392	0.000236569	0.00144694	0.00207701	0.0229973
0.000374263	-0.000228658	0.000364978	-0.00909686	-0.00383261	0.0416644
0.000253885	-0.000185143	0.000490103	-0.0185898	0.0067806	0.0312767
0.000340283	-0.000304651	0.000979663	0.0364609	0.0140911	0.0895099
0.000115018	-2.23106e-05	0.000120157	0.00482306	0.00111489	0.0364999
-5.56222e-05	-9.651e-06	4.66726e-05	0.0079254	0.0120971	0.0299705
-0.000136349	0.000126136	-8.6059e-05	-0.0230952	0.000146505	0.0508226
3.82178e-05	6.52372e-05	6.90967e-05	-0.0249815	-0.00863395	0.0357337
0.000259671	0.000216494	0.000112275	-0.0487694	-0.00161409	0.0648287
1.03797e-05	-2.23409e-05	0.000161434	-0.00680709	-0.0074337	0.015727
-9.12935e-06	-1.67719e-05	2.09128e-06	-0.00274257	-0.0102337	0.00383662
-3.337e-05	6.1372e-05	1.75173e-05	-0.0171652	-0.000223605	0.0147959
-0.000116289	-3.66308e-05	-2.70285e-05	-0.00258634	-0.0121981	0.00956646
6.0578e-06	-2.4403e-05	0.000239371	-0.002099	0.000762776	0.0173707
-3.12737e-05	-4.32235e-05	8.69746e-05	0.00228447	-0.0154031	0.0123779
-0.000121534	-2.5703e-05	9.55741e-06	-0.0208807	-0.0134195	0.0280509
-2.83019e-05	3.44192e-05	0.00064593	-0.0074188	-0.00152039	0.0370422
0.000200649	9.73232e-07	9.28467e-05	-0.00453405	0.00795843	0.0300139
4.05412e-05	-0.000133546	-6.34952e-05	0.0101814	0.00122202	0.037746
-2.60411e-05	-8.88524e-05	0.000241822	0.0175315	0.00329988	0.0364124
6.69539e-05	8.33981e-05	7.72877e-05	0.00622575	0.00464558	0.0325115
-0.00024497	0.00023145	2.9722e-06	-0.0157599	-0.0189267	0.0186106
-4.56203e-05	5.92329e-05	1.92885e-05	0.00860533	-0.00159323	0.0106462
-7.93666e-05	5.91604e-05	0.00028415	-0.00482272	-0.0158447	0.0246579
-0.000133534	-4.66456e-05	0.000120791	0.00899829	-0.0185586	0.0115888
-0.000137309	-9.79737e-05	0.000390753	0.00827161	-0.0365457	0.0489253
0.000141037	-4.09555e-05	0.000347948	-0.0229706	0.0161794	0.0344169
8.63334e-05	-0.000172171	0.000285573	0.0264759	0.0137341	0.0379482
-1.13931e-05	0.000113869	0.000157218	-0.0229589	0.011289	0.0361572
-5.04871e-05	-9.98893e-05	6.72316e-05	0.00893546	0.0111313	0.0231838
-0.000261314	-9.49671e-05	7.77997e-05	0.0171157	-0.0115967	0.031336
-9.3528e-05	-0.000205933	3.14648e-05	0.0175829	-0.0144702	0.0437953
-1.26051e-05	-0.000110881	4.71362e-05	0.0084685	0.00893849	0.045448
3.90823e-05	0.000105286	-0.000170647	0.0195991	0.00864628	0.0452
4.04412e-05	-5.26826e-06	0.000294699	-0.00288111	0.00250329	0.0646356
-0.000171405	-8.31001e-05	0.000259154	0.02091	0.00450384	0.079051
-2.74415e-05	5.45212e-05	0.000511396	0.00511012	0.00800911	0.0463231
0.000122042	-0.000199067	0.000165076	0.0114148	0.0035921	0.0587214
-1.11978e-05	-0.000189805	0.000128393	0.0222784	0.00764381	0.08162
-0.000365255	-5.72994e-05	0.00026571	-0.0181389	-0.00769485	0.0914057
4.21302e-05	-7.88555e-05	4.25432e-05	0.0122774	-0.0012546	0.0276497
7.052e-05	-0.000124241	0.000137746	0.0153542	-0.00832143	0.0261413
-1.39901e-06	-4.4805e-05	-9.61458e-05	0.00316028	-0.0118392	0.00514206
-2.52377e-05	4.4387e-05	1.99676e-05	-0.00286684	-0.0133909	0.00533562
-6.93875e-05	3.25369e-05	1.34793e-05	0.00121167	-0.00748692	0.0037545
0.00019054	8.24766e-05	0.000345219	-0.0175016	-0.00921299	0.026399
0.000333214	-0.000184308	4.90478e-05	0.0258878	0.0160475	0.0463092
0.00010816	0.000173235	-0.000443111	-0.0197061	0.00534589	0.0639492
0.000291992	-5.49864e-05	-0.000121875	-0.0173823	0.00543053	0.0578349
6.08398e-05	-2.32474e-05	-0.00050602	0.0152163	-0.00295551	0.0345579
-0.00012568	-0.000112024	-0.000426022	0.0177852	-0.0077044	0.0310674
-8.25075e-05	-3.11532e-05	-0.000618924	-0.00610549	0.00579049	0.0377936
-4.23761e-05	1.60318e-05	-0.000201988	-0.0108614	0.0191178	0.0395384
-0.000179845	4.7855e-05	-6.7941e-05	-0.00714708	0.00164132	0.0128378
-0.000119272	0.000153916	-0.000140458	-0.02361	0.0115992	0.0528834
-0.00016805	-3.43852e-05	0.000325402	-0.00999252	-0.0235732	0.0553654
-0.000168796	-5.5674e-05	0.000129521	-0.0110978	-0.0183713	0.0617498
-0.000124697	0.000161856	0.000179147	-0.0240254	-0.0238952	0.0595679
0.000168898	0.000252131	0.000192578	-0.00598988	-0.023471	0.0316653
0.000327321	0.000206772	4.26219e-05	-0.00644017	-0.0158538	0.0406685
0.000161392	-0.000328376	-0.000592096	0.0169709	0.00153963	0.121807
0.000130522	-0.000224519	-0.00045176	0.0183432	0.00637977	0.0504452
-0.000125842	-0.000148925	-4.25902e-05	0.0178405	-0.0110896	0.0198907
-4.57214e-05	4.92862e-06	-0.000182492	0.001206	-0.0104641	0.0179964
-1.31553e-06	8.84083e-05	8.88476e-05	-0.00122288	-0.0183943	0.0120002
0.000142687	0.000186857	0.000367265	-0.0337475	-0.00752321	0.0562443
5.53798e-05	0.000203499	0.000317871	-0.0330697	-0.0142299	0.036014
-0.000127635	3.36207e-05	0.000275199	-0.0014262	0.0095979	0.0538622
-0.000231678	-0.0001489	0.000363466	0.0112038	0.0328817	0.0726938
-0.000106899	-0.000120555	8.16509e-05	0.0218884	0.0252591	0.0312159
0.000136755	-6.11404e-05	0.000364472	0.0175691	0.0125599	0.0514932
-8.51942e-05	-0.000124544	0.000216566	0.014137	0.00723543	0.0413986
-6.65378e-05	0.000173412	0.000447305	-0.0328685	0.00179322	0.0463141
-0.00020688	3.13064e-06	0.000304225	0.000353194	0.00585314	0.0679991
-1.81002e-05	-6.02822e-06	0.000281206	0.000782949	0.00727784	0.0768177
-0.000353595	0.000172649	9.86475e-05	0.00237886	-0.0122805	0.0625939
-0.000234004	0.000117385	0.000165343	0.00150858	-0.031523	0.100964
-0.000183545	-0.000138244	6.46762e-05	0.0055598	-0.0244795	0.0757945
0.000103941	-3.29015e-05	-5.16161e-05	0.013228	-0.0221026	0.054943
-0.0003281	6.0303e-05	-0.000212221	-0.000741135	-0.0262183	0.0323541
-0.000101442	-1.43585e-05	2.02426e-05	-0.00296477	-0.0187638	0.0281595
-2.46313e-05	-0.0002756	5.06849e-05	0.0296469	-0.0292981	0.0536908
1.10746e-06	0.000212869	-7.75821e-05	-0.0405005	-0.0352307	0.0687666
-8.27057e-05	0.000109616	0.000140093	-0.0248312	-0.0297319	0.040704
-9.6586e-05	0.000127853	-8.76262e-05	-0.0297641	-0.0174721	0.0524696
8.35491e-05	-0.000177728	-8.46922e-05	0.00144983	-0.00809861	0.0213601
-7.10678e-05	-0.00011005	-8.64985e-05	-0.00235267	-0.0178819	0.0157867
-0.000128564	-0.000140486	-0.000162393	0.00852881	-0.028004	0.0400453
8.03556e-05	-3.3233e-05	-0.000186586	-0.00976155	-0.0225466	0.0778871
0.000342051	-0.000226024	-1.45242e-05	0.0127717	0.00418928	0.0769184
0.000166557	-0.000123246	1.92474e-05	0.00760311	-0.00636565	0.0660327
6.95135e-06	-0.000190981	8.91663e-06	0.0115892	-0.0164824	0.0483341
9.67827e-05	0.000148112	0.000266101	-0.0319246	-0.00306547	0.0388773
-9.55976e-05	8.84203e-06	-0.000115677	0.00381133	0.0121122	0.0314152
0.000119836	6.69735e-05	-0.000233688	-0.0027321	0.01453	0.0346331
8.50965e-05	-8.37841e-05	-0.000141329	-0.00883774	0.00875722	0.0325299
1.88382e-05	2.42774e-05	0.000235091	-0.0171785	0.00499207	0.0244827
-6.26621e-05	-0.000125747	0.000196235	0.0160734	0.00242718	0.0333904
-0.000238201	-7.53915e-05	0.000181309	0.0322652	-0.00707643	0.0415474
-0.00020379	-0.000165149	-4.99444e-05	0.0274776	0.000659079	0.0647016
5.77547e-05	-4.52765e-05	0.000155646	0.000166876	0.0114923	0.0691093
4.06894e-05	2.09451e-05	1.4168e-05	-0.0148675	0.000682857	0.0768243
-0.000330206	4.85167e-05	-3.6227e-05	0.000560004	-0.0141474	0.0649528
-0.000264161	2.42392e-05	-9.59238e-05	-0.00229142	-0.0172128	0.0647092
5.28851e-05	-0.000195046	-0.000247422	0.0199615	-0.00516648	0.0634028
0.000133843	-3.2365e-05	9.02722e-05	0.0124284	0.000813295	0.075236
3.00757e-05	8.38308e-05	0.000141423	-0.00259301	-0.0094472	0.0564268
-0.000128018	6.06534e-05	4.26185e-05	-0.00515193	-0.00455431	0.0837182
0.000188958	0.000139919	0.000463586	-0.0173485	-0.0131754	0.111698
3.75006e-05	0.000294787	0.000343292	-0.0139708	0.00572841	0.0803828
-0.000293092	0.000157451	-5.64966e-06	0.00177868	-0.00184997	0.0564717
-0.000102682	0.000123617	3.58644e-05	0.00968466	-0.027917	0.0652338
-0.000101122	3.00418e-05	0.00019846	-0.0142874	-0.0177889	0.0701612
-0.000153535	-0.000186026	5.96976e-05	0.00620717	-0.0172522	0.0651977
-0.000121904	4.12356e-05	2.30701e-05	0.00194629	-0.00901913	0.0667736
-0.00015698	-0.000189599	-0.000227347	0.0093674	0.00813989	0.0818658
-0.000199715	0.000264952	-6.75215e-05	-0.00750871	-0.000989212	0.0576472
0.000328658	-2.3669e-05	-1.99963e-05	0.0298736	-0.010368	0.0756987
0.000169946	-5.18727e-05	0.000503081	-0.0224533	0.00934486	0.0373074
9.49873e-05	-0.000153671	0.000289098	0.00929888	0.0133596	0.0372072
-5.32536e-05	-1.33548e-05	0.000479078	-0.00990773	-0.00547731	0.0294448
-2.24546e-05	-9.93622e-06	-6.50188e-05	-0.026248	-0.00442585	0.0339617
-0.000205917	-8.03922e-05	-0.00024003	0.0187103	-0.0100561	0.041627
3.74171e-05	3.56362e-05	-0.000332553	0.0119949	-0.00763258	0.0691007
-5.72175e-05	0.000126114	-0.000296719	-2.10649e-05	-0.00284382	0.0835418
8.24231e-05	0.000207626	-0.00041712	0.00845538	-0.013224	0.0511944
0.000337461	0.000119264	-0.000265564	0.00431512	-0.0169308	0.0397652
-1.50733e-05	4.97952e-06	-0.000185519	0.000843124	-0.0101526	0.0136417
-0.000162189	5.20997e-05	-0.000163853	0.00784646	-0.011154	0.0235924
5.79881e-06	0.000116533	-3.66635e-05	-0.00425015	-0.00899039	0.0354185
5.5714e-05	0.000285419	0.000469256	-0.0398956	-0.00127337	0.0561059
0.00016603	0.000281649	0.000418759	-0.0505011	0.00447335	0.0602899
-0.000156879	4.43205e-06	0.000202831	0.0198685	0.00549698	0.0318564
-3.44905e-05	-0.000117638	0.000332787	0.0217803	0.00329935	0.0555044
-6.7747e-05	-4.75883e-06	0.000123049	0.0332063	-0.00880057	0.0535206
-5.43417e-05	8.40751e-07	-0.000106182	0.00277436	-0.0135665	0.00922542
-1.39028e-05	8.41645e-05	-7.69697e-05	-0.00258897	-0.0104733	0.0309878
8.16309e-05	5.34624e-05	-0.000151122	0.00391121	-0.011063	0.0246081
8.17406e-05	0.000145172	-0.00016128	-0.0026263	-0.000459378	0.0464214
0.000222571	0.000235075	-6.55191e-05	-0.00891591	0.00417573	0.0312564
-5.34092e-06	5.39801e-05	-7.00928e-05	0.0118755	-0.000970914	0.0288265
-2.0827e-05	0.000122199	0.000111086	-0.0103487	-0.000450973	0.030851
-0.000149993	6.2458e-05	-0.000135078	-0.000929249	-0.0176343	0.0408813
-4.11013e-05	4.20831e-05	-5.91305e-05	-0.00495249	-0.015019	0.0423565
6.81404e-05	0.000201872	9.79158e-05	-0.00597314	-0.0307038	0.0464007
-1.25455e-05	6.48969e-06	-8.32045e-05	-0.00916177	-0.00904643	0.0418642
-0.000152881	-0.000197519	-0.000202308	0.0113591	-0.0174097	0.0303781
-0.000101437	-0.000115743	-0.000123146	-0.00462083	-0.0126599	0.0198587
7.08623e-05	-3.39632e-05	2.63313e-05	-0.00460969	0.00251552	0.0393675
-3.85148e-06	5.82913e-05	4.59584e-06	-0.000438872	-0.00221933	0.0205214
-7.90026e-05	-2.33234e-05	-8.01421e-05	0.0144313	0.000808411	0.0230211
-0.000157781	4.43736e-05	-0.000137999	-0.0139549	0.00109811	0.0305043
-6.93485e-05	8.45853e-05	1.5323e-05	-0.0100179	-0.00710501	0.0353884
-0.000243869	4.93831e-05	-2.00814e-06	-0.0021019	0.000630003	0.0689319
-8.09559e-06	0.000195626	0.000123118	-0.034564	-0.00916221	0.0547278
-0.000404835	0.000126659	8.74439e-06	-0.0158561	-0.0283881	0.0427981
-0.000147006	0.000240967	-9.44824e-06	-0.0182322	-0.00598236	0.0570539
-4.89109e-05	9.95391e-05	-0.000118301	-0.00398458	-0.000789372	0.0237781
0.000111416	0.000129303	-1.29962e-05	-0.0100782	0.00474057	0.0319707
-7.20673e-05	0.000186132	0.000106979	-0.00868572	0.000307284	0.0377006
-0.00012641	4.71525e-05	-2.60388e-05	-0.00552701	-0.00386224	0.0247211
0.000139563	9.73005e-05	0.000208301	-0.0181768	-0.00129641	0.0345911
-0.000110189	8.84841e-05	0.000131437	-0.0158087	-0.0221414	0.0583536
-0.000135721	-0.000116197	-9.8955e-05	0.00608806	-0.0243974	0.0848469
-0.000224782	8.00982e-05	-0.000115672	0.00575992	-0.00794757	0.0423764
-0.000244173	-2.72422e-05	-0.000208135	0.00852944	-0.0040323	0.0364668
-0.000150755	4.23823e-05	-0.000135232	0.00329457	0.00345779	0.0501783
-0.000342871	-1.88157e-05	0.000220219	-0.000792607	-0.00513239	0.0474194
-7.54922e-05	-5.13381e-05	0.000336549	0.0135495	0.00347436	0.09076
-0.00040696	-7.10098e-05	0.000152526	0.0277237	-0.0011984	0.0548289
-0.000190248	-4.02535e-06	-0.000195377	0.0202523	-0.00755541	0.0618655
-0.000147825	-0.000135519	7.32389e-06	0.0084436	-0.017485	0.0497484
-0.00023752	-3.12487e-05	-0.000103217	-0.00388579	-0.0197298	0.0468151
-2.15455e-05	-8.65918e-05	7.41898e-05	0.00218771	-0.0121182	0.0537426
-9.0775e-05	2.75135e-05	-7.11877e-06	0.00336757	-0.0316346	0.0658057
-7.97312e-05	5.26645e-06	-9.4114e-05	-0.00354544	-0.0138442	0.0584559
8.20304e-05	3.15169e-05	0.000179748	-0.0146525	0.005233	0.0293192
0.000164893	-2.50005e-05	-0.000525951	-0.00918264	0.012173	0.0438539
-4.67251e-06	-4.7149e-05	-6.73059e-05	-0.00241553	-0.0087542	0.0463649
-0.000122636	1.84499e-05	-0.000182608	-0.00321946	-0.000597459	0.0376006
-1.49303e-05	3.99939e-06	-0.000391101	0.00824538	-0.00203019	0.0331672
-8.50472e-05	6.38161e-05	-0.000102077	0.00238642	-0.00323805	0.0397125
8.22785e-05	0.000299549	0.000227373	-0.0239199	-0.0203721	0.0389562
-8.33488e-06	5.36897e-05	2.85688e-05	-0.000548601	-0.0127873	0.00906506
-9.1064e-05	9.03266e-07	1.67065e-05	0.00200227	-0.0121905	0.00901245
-3.9876e-05	-1.64641e-05	3.92238e-06	0.00292911	-0.00744065	0.00242257
-0.000129848	5.38572e-06	8.53285e-05	0.00137689	-0.00586836	0.0168097
-3.4931e-05	2.44133e-05	-2.04582e-05	-0.00141049	-0.00385489	0.0074093
-0.000127409	-8.19646e-05	5.88217e-05	0.0105101	-0.00953886	0.0131114
-0.000176891	3.39879e-05	-0.00034041	-0.0118069	-0.0102156	0.0197093
-2.2252e-05	3.08504e-05	-0.000417228	0.00815459	0.0140071	0.0349184
4.39207e-06	1.0264e-05	3.17094e-05	-0.00737083	-0.00269133	0.0181123
-8.84782e-05	-5.34541e-05	-0.000195712	-0.000116824	-0.0167395	0.00893941
-0.000152615	0.000100793	-0.000145592	-0.0209823	-0.0155459	0.0242846
3.7571e-05	0.000158264	6.25246e-05	-0.0283935	-0.00393606	0.0431835
-4.20671e-05	1.68457e-05	0.000274699	-0.0135926	-0.0292502	0.0410566
-0.000202658	-9.41049e-05	0.000190168	-0.00130525	-0.0375875	0.0501682
-0.00017	-7.70824e-05	0.000137968	-0.00622333	-0.0203778	0.042021
4.3743e-05	-3.37349e-05	4.98408e-05	0.00303774	-0.00731225	0.0410083
-0.00013207	-5.23961e-05	-9.519e-05	0.0175193	-0.00588834	0.0291668
-8.30975e-05	2.71122e-05	-1.02895e-05	0.00394218	-0.00140825	0.0474655
-9.3377e-05	8.86297e-05	-0.000286817	0.0118927	-0.00645167	0.0550177
-0.0001242	6.61495e-05	-0.000271138	-0.00105182	-0.0204456	0.0565782
6.82853e-05	-0.000434717	5.41301e-05	0.0305885	-0.0210393	0.0626744
8.38312e-05	-0.000450881	-6.49631e-05	0.0453171	0.00268687	0.0469135
7.45018e-05	-0.000158081	-0.000222282	0.0194431	0.00296759	0.0718265
-0.000151042	-0.000158532	-9.99247e-05	0.00815391	-0.00169426	0.0621289
-9.52326e-05	-0.000119767	-1.92809e-05	0.005313	0.00399253	0.0595262
-4.30608e-05	8.30899e-05	0.000138405	-0.00605964	0.0109088	0.0619874
-0.000119765	8.20149e-05	0.000197468	0.00092241	-0.00121092	0.0569396
-0.000107677	0.00012495	0.000341704	-0.0112529	-0.00686562	0.0635975
-2.37134e-05	-7.3856e-05	0.000287029	0.00798178	-0.0136265	0.0518265
-9.55949e-05	0.000131063	0.000480662	0.00156448	-0.00589724	0.0482347
-0.000252252	-5.59749e-05	0.000619335	-0.000726889	-0.010403	0.0409751
-0.000226436	-5.40121e-05	0.000740525	5.48433e-05	-0.00388162	0.0462802
-2.26332e-05	2.68286e-05	0.00032359	-0.00804108	-0.00199317	0.0220413
-3.28787e-05	-0.000138494	0.000520719	0.00401916	0.00571381	0.0237991
1.53554e-05	-0.000150369	0.00059657	0.0029332	0.00570459	0.0275235
-6.68324e-06	-3.10411e-07	0.000609567	0.00172681	-0.00351324	0.037068
-0.000146007	1.6818e-05	-0.000121342	0.0129479	-0.0185778	0.0413309
-1.80588e-05	2.81233e-05	-5.3718e-05	0.00161226	-0.00868617	0.00883096
-7.6756e-05	-1.70537e-05	-0.000242365	0.00334507	-0.012562	0.0157706
-0.000239781	1.05737e-05	-0.000345505	-0.00752142	-0.0285031	0.0271227
-0.000137199	0.00015613	-9.26468e-06	-0.0168151	-0.0138783	0.0316467
-0.000210531	3.11181e-05	0.000122581	0.00252794	-0.0192151	0.0157245
0.000101473	-4.99684e-05	-0.000135787	0.00883033	-0.0141419	0.0261874
4.66241e-05	-4.68951e-05	2.56696e-05	0.00280527	-0.00807204	0.0130181
-4.50062e-05	-1.05381e-05	3.71899e-05	-0.000218051	-0.011591	0.00915661
-7.54476e-05	3.99719e-05	3.39529e-05	-0.00494066	-0.0148839	0.0317045
-5.55755e-05	3.55466e-05	0.000193461	-0.00074765	-0.014286	0.0335102
-0.00018319	3.58394e-05	0.000423836	0.008343	-0.0172591	0.0216913
-5.74499e-05	-3.10555e-06	3.00691e-05	0.0049834	-0.00545538	0.0188093
-0.000120789	-7.06887e-06	8.33004e-05	0.00765399	-0.00976642	0.0226788
-2.14045e-05	-5.71727e-05	-0.000162543	0.00966134	0.00291014	0.0373708
-0.000117645	-4.25761e-05	-0.000181332	0.0242007	3.76599e-05	0.0438356
0.000108689	-9.28556e-06	0.000137224	0.00186632	-0.00823386	0.0218275
0.000143245	0.000131319	0.000105104	-0.000937346	-0.0103581	0.033833
0.000299145	0.000105142	0.000248761	-0.0173682	0.00535972	0.023262
-4.38418e-05	6.96304e-06	-8.47646e-05	-0.0022163	-0.00949395	0.00919546
-4.80779e-05	-1.05568e-05	-4.11439e-05	-0.000191682	-0.0126186	0.00868227
-4.51933e-05	-1.70392e-05	0.000257101	-0.00850816	-0.00230359	0.0173544
0.000147282	3.00844e-05	-0.000384097	0.0118938	-0.002337	0.0265936
0.000153599	8.35004e-05	-0.000190945	-0.00827712	0.00856536	0.0316431
7.57816e-05	-1.61404e-05	-7.0519e-05	0.0113568	0.0115202	0.0323316
2.26014e-05	-5.90578e-05	-0.000139327	0.00889221	-0.0107273	0.0130356
-1.8007e-05	-0.000144117	-3.47776e-05	0.0153907	-0.0205132	0.0255678
-5.32901e-05	-0.000109912	-4.43083e-06	0.0149785	-0.00880831	0.0190549
-0.00012552	-2.14435e-05	6.88207e-06	0.00405091	-0.0122566	0.00754414
-0.000113326	-3.95736e-06	2.39912e-05	0.00366668	-0.012588	0.0078778
-0.000136062	-0.000146734	0.000181991	0.0167605	-0.00846821	0.019996
0.000105976	-9.09412e-05	8.97252e-05	0.0263121	0.000586405	0.0348682
2.37984e-05	-3.85726e-05	6.25004e-05	0.0164394	-0.0107368	0.018804
3.65919e-05	3.52584e-05	0.000108933	0.000393194	-0.00724459	0.0175505
-3.54516e-05	1.80304e-05	-2.58005e-06	-0.00436239	-0.00491772	0.0189198
-7.8145e-06	-9.45819e-05	-0.000206497	0.0060527	-0.0051963	0.030337
-3.96222e-05	2.81408e-05	9.99834e-05	0.0037598	-0.0104341	0.0277703
-0.000116782	6.60081e-05	-4.2771e-05	0.0087794	-0.00302836	0.0156509
-8.25424e-05	4.41215e-05	-4.11147e-05	0.0129072	-0.00849771	0.0192579
-1.91595e-05	-3.06397e-05	-0.000220866	0.0251049	-0.00251143	0.0273233
-4.25029e-07	0.000152155	-0.000146455	-0.0062541	-0.0172842	0.022369
-7.89351e-05	4.98911e-05	-6.75792e-05	-0.00602947	-0.00608933	0.0101812
-2.10983e-05	-3.36767e-05	-4.61875e-05	0.00307814	-0.00879147	0.00997006
-7.28146e-05	1.82992e-05	-0.000125603	-0.000745649	-0.00762858	0.0195574
-3.70379e-05	5.37975e-05	-0.000127142	-0.00206759	-0.0135492	0.0248065
-0.000124663	-1.16129e-05	-0.00019693	-0.00640732	-0.0242383	0.0210739
-8.99952e-05	5.02732e-06	-0.000217588	0.00337036	0.00939979	0.0322348
-0.000127809	-1.98207e-05	2.07774e-05	0.0157618	0.00607739	0.0303646
-0.000161065	0.000183054	0.000125178	-0.019637	-0.00669587	0.0275587
-0.000185916	0.000111474	0.000141756	0.00457798	-0.0103898	0.0374832
-0.000148559	3.54227e-05	-4.06326e-05	0.00574224	-0.00931354	0.035981
-0.000335078	0.000159432	-7.34629e-06	-0.0235925	-0.00498956	0.0347026
-0.000165349	-5.81512e-05	0.000119151	0.00319192	-0.0016107	0.0158744
7.62828e-05	3.68431e-06	0.000183228	-0.00190455	-0.00388674	0.0240157
4.99012e-05	-2.21378e-06	-0.000135335	0.00987195	0.000627648	0.019935
-9.5738e-05	0.00019144	0.000276522	-0.0031626	-0.0218119	0.0251181
-0.000123829	1.32089e-05	0.000149862	0.0107716	-0.0229931	0.0146899
-0.00017768	-1.25099e-05	0.000306665	0.00776115	-0.025166	0.0270911
-0.000279026	-0.000188067	0.000211361	0.0114124	-0.00571814	0.0362272
-0.000184248	-0.000149773	9.31025e-05	0.00941684	-0.0120393	0.0168439
-6.3639e-05	-7.71799e-05	0.000164015	-0.00624756	0.00286848	0.0118616
-9.44308e-05	-3.41769e-05	5.3049e-05	0.00830468	-0.0062504	0.00878566
-4.28641e-05	1.02757e-05	7.65043e-05	-1.92132e-05	-0.00174961	0.0143384
-8.77438e-05	-8.16864e-05	0.000228239	-0.000983225	-0.00482941	0.0309897
-1.39136e-05	-0.000182749	0.000177676	0.0294318	-0.0179404	0.0367672
2.01312e-06	4.8615e-05	0.000418793	-0.0083466	-0.00597715	0.0296957
-1.49152e-05	-1.00269e-06	0.00015621	0.0113975	0.00890648	0.0268067
-0.000122088	5.68995e-05	0.000317205	0.00317632	-0.0168479	0.0307146
-6.94185e-05	1.43349e-05	0.000255546	-0.000272173	-0.00564684	0.0335579
0.000125035	-0.000212961	6.33098e-05	0.0100519	0.00586421	0.0483291
-3.56243e-05	-6.60736e-05	3.03547e-05	0.00846002	0.0142864	0.0619524
1.66888e-05	-5.04549e-05	0.000144294	-0.000157044	0.00492376	0.0452524
0.000129767	3.2519e-05	0.000239195	-0.0220425	0.0101755	0.039622
4.17251e-05	1.91649e-05	0.000200605	-0.0230716	0.0103995	0.047628
-0.000110675	-0.000148329	0.000517761	0.00279388	-0.00834241	0.0325771
-0.000285077	-9.34389e-05	0.0003028	0.0182878	-0.0110754	0.0376944
-0.000194707	-0.000183063	0.000163391	0.0243441	-0.00590918	0.0313677
0.000104263	-7.45342e-05	0.000255914	0.010475	-0.00759387	0.0366094
-3.38177e-05	8.83921e-05	0.000207355	0.00301723	-0.00416459	0.035018
3.31531e-05	0.000126041	7.53736e-05	-0.000769676	-0.0167364	0.0719174
-0.000189033	0.000116696	0.000166497	-0.0068865	-0.0115012	0.0924825
-0.000642979	8.47538e-05	0.000160176	0.0162736	-0.0138636	0.0941016
-0.000611311	4.78764e-05	6.37515e-05	-0.00722458	-0.019697	0.0518996
-0.000314427	1.96224e-05	0.000170855	0.0159471	-0.0241738	0.0324109
-0.00021289	4.1288e-05	0.000326865	0.00370759	-0.017031	0.0214131
-9.70292e-05	0.000100069	0.000470504	-0.00811398	-0.00939123	0.027928
-4.57756e-05	-5.22371e-05	3.87057e-06	0.00662719	-0.015271	0.0119851
-7.78396e-05	-2.26271e-06	-0.000128454	-0.00469707	-0.0122721	0.0470469
3.97275e-06	7.5408e-07	-9.20205e-05	0.00463802	-0.0171801	0.0103229
1.76394e-05	-4.72099e-06	9.2705e-05	-0.00758482	-0.00336124	0.0296233
-0.000149212	-3.64962e-05	-0.000148972	0.0043552	-0.0116283	0.023271
-8.48789e-05	9.09271e-05	6.46186e-05	-0.0108708	-0.00814132	0.0217772
-9.6511e-05	3.05334e-05	-5.08649e-05	-0.0119599	-0.00259556	0.0146499
-2.92858e-05	1.72812e-05	4.70777e-05	-0.0215273	-0.0173837	0.0310999
0.000204104	-2.37083e-05	-2.12521e-05	-0.00614536	-0.0204881	0.0363555
5.20627e-05	1.7944e-05	-1.52389e-05	0.00749335	-0.00906926	0.0238113
5.13676e-05	0.000109598	-0.000281933	-0.0136053	0.00145814	0.0282475
-0.000104611	-7.5892e-05	-0.000332617	0.0149008	-0.0113996	0.0244929
-0.000166306	6.4074e-05	-3.82173e-05	-0.0152319	-0.0194121	0.0181187
-5.55289e-05	1.41136e-06	-0.000515846	0.00706551	-0.00427482	0.02678
7.93236e-05	0.000110043	-0.000121111	-0.027843	0.00351533	0.0398731
0.000100986	-3.87646e-05	-0.00010169	-0.0128848	0.000153069	0.0579333
-4.861e-05	-0.000132284	-0.000136773	-0.0138551	0.00404649	0.0550536
-0.000183114	-0.000276157	-6.98935e-05	-0.0029957	-0.00062569	0.0490419
-0.00013707	-8.17387e-05	-0.000178002	-0.0113096	-0.00197361	0.0304763
-3.6929e-05	-1.20732e-05	0.000128145	-0.0234032	-0.00515904	0.0331854
0.000237555	0.00013032	0.000456492	-0.0144705	0.00530117	0.0558399
0.000132558	-3.12811e-05	-0.00013154	0.00501047	0.00352566	0.060259
3.04154e-05	-0.000132307	6.07261e-05	-0.00487892	0.00476978	0.0500352
-5.17082e-05	-8.90106e-06	-0.000149758	-0.00404034	0.0014493	0.0238203
-0.00021276	5.74221e-05	-0.000219633	-0.00642263	-0.00601586	0.0351152
-8.711e-05	4.72324e-05	7.95721e-06	-0.00343035	0.00494977	0.0505645
0.000116245	7.71352e-05	-0.00010177	-0.00664277	-0.0119583	0.0390177
6.01284e-05	7.05092e-05	0.000109786	-0.00324567	-0.010983	0.0148925
3.63631e-05	0.000113768	8.43913e-05	-0.0121532	-0.00504519	0.0228325
-0.0002361	-1.03956e-05	-5.537e-05	0.0054736	-0.00524813	0.037677
-0.000245828	-4.39681e-05	-5.21031e-05	0.00103852	-0.000220576	0.0235713
-0.00019589	-6.44981e-05	-0.000164894	0.000544483	-0.00778529	0.0203792
9.19077e-05	-3.68606e-05	-6.93073e-06	0.000880678	-0.00393655	0.0312698
-0.000113607	-0.000214666	0.000184924	0.0289045	-0.00511547	0.0316982
0.000104231	-7.6362e-05	-5.74587e-05	0.0130038	0.000245075	0.0174991
9.51614e-05	-3.28857e-05	-6.02038e-05	-0.000641106	-0.0118722	0.0100717
-5.12756e-05	1.09925e-05	-2.72798e-05	-0.0005574	-0.0151853	0.00326701
-1.42879e-05	-3.37597e-05	-6.58061e-05	0.00700926	-0.00884451	0.00620922
-9.17914e-05	-1.19143e-05	-3.80975e-05	0.000517484	-0.00740359	0.00441716
1.74165e-05	-6.72032e-05	-0.000116095	0.00072605	-0.0103858	0.0121069
7.82673e-05	-2.49535e-05	9.03943e-05	-0.00796145	-0.0084449	0.00706705
-1.16971e-05	-1.29541e-05	-1.90632e-05	0.000276078	-0.01185	0.00673492
-0.000101389	-2.75047e-05	1.60364e-05	-0.00347272	-0.0169588	0.0106443
-0.000189682	-0.000181364	0.00012122	0.0112034	-0.0119249	0.0184646
4.05821e-05	-0.00012518	0.000277934	-0.00522185	-0.000447717	0.0289374
-0.000143308	-0.000172762	0.000197723	0.012694	-0.00857495	0.0234082
-0.000155331	-0.000122613	6.38311e-05	0.00772855	-0.0192091	0.0169289
-7.50491e-05	-0.000116469	-4.79136e-07	0.00594505	-0.0198338	0.0206628
3.8922e-05	4.795e-06	0.000101643	-0.00588982	-0.0119525	0.0120808
7.56416e-05	-0.000129802	-0.000198315	0.012341	0.00520481	0.0366154
-9.66943e-05	7.20181e-05	-0.000110508	-0.00322929	0.0142411	0.0536269
4.98679e-05	-8.43115e-05	-3.31574e-05	0.002539	0.0200857	0.0376508
0.00025408	7.22552e-05	5.39048e-05	-0.0234381	0.0217256	0.0364339
9.74262e-05	-1.04412e-05	9.20747e-05	-0.00703902	0.0131201	0.0555164
0.000354803	3.82151e-05	-9.86336e-05	0.0365362	0.0160948	0.0753841
-0.000111542	-7.46256e-05	-0.000183978	0.0419266	0.0363879	0.0691366
-0.000175803	-0.000122988	-5.69011e-05	0.0251014	0.00942047	0.0402097
-2.40189e-05	-0.000246807	-8.07453e-05	0.0168731	0.0143123	0.0530371
-2.43997e-05	-0.000105456	-0.000203174	0.0146266	-0.00618932	0.0490072
-1.30114e-05	-0.000116178	-8.46429e-05	0.0196172	0.0142207	0.0451929
-2.00307e-05	3.13504e-05	0.000112273	0.0107996	-0.0126137	0.0222252
5.14661e-05	-2.84389e-05	0.000255596	0.00275524	-0.0113352	0.0385238
-9.76034e-05	3.61733e-06	-1.58043e-05	-0.00553312	-0.00938006	0.0424663
-1.12756e-05	4.78899e-05	-0.00011637	-0.00552103	-0.00569993	0.0370151
3.94957e-05	2.59671e-05	-3.70675e-05	0.000837191	-0.00172107	0.0147507
7.14402e-05	-2.76271e-06	-0.000123141	0.00489919	-0.00194535	0.0119283
2.72959e-06	-1.05459e-05	2.68802e-05	0.00694159	-0.00570111	0.0111483
6.98675e-05	1.60784e-05	0.00019572	0.00274834	-0.00119528	0.035616
9.44025e-05	2.25909e-05	3.22719e-05	-0.000518765	-0.00947277	0.00907249
-0.000301938	-8.20514e-05	7.17076e-05	-0.0065135	-0.0180527	0.0381651
-3.81313e-05	-6.11026e-05	0.000285656	-0.0348774	0.0138754	0.0633668
-5.87388e-05	4.96791e-06	8.01811e-05	-0.000119302	-0.00381006	0.00844281
2.37512e-05	-5.00871e-05	1.94134e-05	0.0179361	0.00463263	0.0232882
6.14716e-05	5.66281e-05	-0.000132756	0.0169024	-0.00639859	0.0201798
-6.56371e-07	5.74354e-05	7.02554e-05	-0.0021578	-0.0172137	0.0183341
-2.81604e-05	6.69044e-05	0.000165159	-0.0173435	-0.0186378	0.0288009
0.000149863	2.35338e-05	0.000317361	-0.00662567	0.00183164	0.0178327
6.59846e-05	0.000115861	0.000462572	-0.0106821	-0.00295342	0.0290444
-3.00421e-05	-9.55986e-05	0.000224059	0.0129602	-0.00851966	0.0289399
4.75844e-05	-9.96474e-05	2.53951e-05	0.00719431	-0.00865999	0.0437636
8.81209e-05	-3.57864e-05	-0.000187589	0.00182055	-0.0110887	0.0219904
-5.56805e-05	3.73797e-05	-0.00024998	0.00587092	-0.0110301	0.0319551
0.000131385	-0.000208762	1.05033e-05	0.00824454	-0.0213715	0.0373457
6.09795e-05	-0.000106844	0.000213659	-0.0150355	-0.000240204	0.0221443
0.000101917	-0.000182173	-6.43034e-05	9.11215e-05	-0.00952453	0.0212569
-1.37886e-05	-6.16957e-05	0.000147202	0.00218395	-0.0202944	0.0302222
-0.000239748	2.19741e-05	0.000137821	-0.00233427	-0.0186838	0.031056
-5.34531e-05	8.09054e-06	0.000360841	0.00698904	-0.00634042	0.0330165
-1.04768e-05	6.7481e-05	0.000319116	-0.0178865	0.00139688	0.0269987
-2.87562e-05	-0.00010903	2.74853e-05	0.0183669	0.00220915	0.0219158
-4.65902e-05	-7.23598e-05	7.4659e-05	0.0125904	-0.0133997	0.0299855
-0.000160454	-0.000146838	-0.000180863	0.0127925	-0.0041553	0.0595393
-0.000131098	-2.8347e-05	-1.78215e-05	-0.00640823	-0.0132028	0.0727325
-0.000243663	-6.89714e-05	0.000106248	-0.00758028	-0.0314974	0.0773178
-0.00010782	-0.000135597	-0.000302991	0.0141578	-0.0223384	0.0718336
-9.13836e-05	6.50221e-05	-0.000310725	0.00429733	0.00223543	0.0701197
8.54604e-05	-0.000259274	-0.000358913	0.0214814	-0.0352741	0.0481383
9.32184e-05	-0.000119371	-0.000109704	-0.00155822	-0.0267181	0.0163831
8.32564e-05	-1.94806e-05	2.75392e-05	-0.00472824	-0.0195547	0.0269395
3.53843e-05	-2.35139e-05	3.51334e-05	-0.00397274	-0.0122222	0.00702985
-2.17919e-05	-1.27215e-05	-3.57686e-05	0.00601468	-0.00598752	0.00722274
2.89318e-05	-2.52308e-05	-5.00198e-05	-0.00481396	-0.0132764	0.023652
-7.59179e-05	3.49959e-05	-1.12198e-05	-0.00241692	-0.0211456	0.0276666
-0.000105689	2.67052e-05	-2.31615e-05	0.00292918	-0.0134365	0.0066092
5.58745e-05	8.48217e-05	-1.50124e-05	-0.00617448	-0.0110153	0.0136127
9.36392e-05	-7.72725e-05	9.37519e-05	0.00452286	-0.0107633	0.0199913
-4.15698e-05	7.8599e-06	8.56462e-05	0.000376481	-0.00909955	0.00779108
-2.16443e-05	-4.60341e-06	2.66e-05	0.00019081	-0.00555642	0.0105041
-0.000140296	3.56846e-05	-0.0001399	-0.00514215	-0.0137777	0.0137149
-2.82542e-05	0.00010575	-0.00021942	-0.0139221	0.00333028	0.0240067
-1.34056e-05	0.000122212	-8.46927e-05	-0.0158939	-0.005066	0.020996
0.000119192	0.00011446	-0.000148869	-0.0127278	-0.00665991	0.0233232
-5.24421e-05	-7.52842e-05	-0.000162118	-0.0040875	-0.0163888	0.0280553
-6.33677e-05	0.000131524	-0.000330779	-0.025699	-0.00547333	0.0384326
6.52863e-06	-0.000145113	-0.000313077	0.0116796	-0.0186339	0.0553559
0.000232912	-8.94449e-05	-0.000329071	0.0147642	-0.0153815	0.0443073
6.50626e-05	-5.65351e-05	-0.000543585	0.0283728	-0.00306089	0.0437242
0.000329274	-5.77945e-05	-0.000371847	0.0255696	0.000534883	0.0562486
0.000264006	0.000158217	4.98354e-05	-0.00833566	0.00375005	0.0630793
-2.72889e-05	-5.29115e-07	4.41285e-05	-0.00218801	0.0251308	0.0443616
-8.28891e-05	-5.74173e-05	0.000115013	-0.0039872	0.0159562	0.0317025
-4.63494e-05	-8.62265e-05	4.30763e-05	0.0120004	-0.00263946	0.0353335
-5.35449e-05	2.41792e-05	-7.86284e-05	0.0106437	0.00554405	0.0390845
3.4581e-05	-6.29274e-05	6.07058e-05	0.0154188	-0.00498114	0.0498228
1.41988e-06	-4.31024e-05	-0.000117597	0.00994934	0.00344477	0.0600104
-0.000219418	-7.38353e-05	-0.000188605	0.0233846	0.00358471	0.0369783
-0.000167695	-5.18504e-05	-7.10962e-05	0.00891581	0.0015658	0.0429808
-6.14637e-05	-2.28057e-05	5.31855e-05	-0.00201164	0.00677672	0.0419563
-2.09103e-05	-9.47478e-05	0.000281445	-0.00398159	-0.000401536	0.0395612
-9.62635e-05	-6.25056e-05	-7.11462e-05	0.00643104	-0.00032761	0.0402234
-3.8585e-05	2.53477e-05	-0.000399069	0.00114008	-0.0142457	0.0323699
-1.63052e-05	8.13394e-07	-0.000298861	-0.00125471	-0.014075	0.0244782
-7.1873e-06	2.28121e-05	-0.000152259	-0.00182601	-0.0115087	0.0214185
-6.66756e-05	-4.57007e-05	-6.32172e-05	0.0041936	-0.0049754	0.0237119
-8.36263e-05	3.0885e-07	-0.000272147	-0.00599707	-0.0179893	0.0217982
-0.000144155	8.67253e-06	-7.03624e-05	-0.0110836	-0.0216712	0.0253662
-0.000164578	7.31176e-05	-0.000256085	-0.020507	-0.00490117	0.0337099
-2.78668e-05	-2.82948e-05	-0.000359107	0.0102088	-0.00569901	0.0275511
3.39473e-05	5.97266e-05	0.000210232	-0.0108361	-0.00140377	0.0448416
0.000280839	-0.000207117	0.000513884	0.023871	0.0106955	0.0601202
-1.25701e-05	3.81938e-05	0.000398455	-0.00789417	-0.00719013	0.0537301
-0.000178069	-9.97627e-05	0.000533091	0.0144175	-0.00766681	0.0534752
-0.000301721	-0.000131255	0.000230752	0.012813	-0.0127087	0.0697222
-0.00012929	1.29598e-05	3.46113e-05	0.0127214	-0.0329841	0.0461863
-0.000119738	4.7864e-05	0.000352063	0.0113473	-0.0242226	0.0484991
-0.000152039	-2.07772e-05	6.69132e-05	0.0111165	-0.0101044	0.0694203
-9.15258e-05	0.000117322	-6.49766e-06	-0.0109917	-0.00327819	0.0470167
-0.000187537	7.22526e-06	-0.000234953	0.0124319	-0.00125191	0.0534934
3.51011e-05	-6.08466e-05	-3.21935e-05	0.00536871	-0.00735315	0.0407756
0.000203373	-8.30338e-05	-8.82727e-05	0.0079485	-0.00571107	0.0404553
0.000283837	-5.52844e-05	-0.000139381	0.0026547	-0.00712761	0.0490153
0.000205863	-0.000101324	-2.35425e-05	0.00877346	-0.00447663	0.017952
2.04008e-05	6.78416e-05	0.000138721	-0.00579915	-0.0115239	0.00622959
8.11369e-07	5.78682e-05	0.000272073	-0.0071146	-0.00704519	0.0262765
4.87888e-05	0.000136091	5.51211e-05	-0.0184441	0.00654846	0.0244842
0.000145067	0.000178181	0.000186762	-0.0172784	0.0102869	0.0363967
-4.72562e-05	0.000105359	0.000313383	-0.015165	-0.0122381	0.0347852
2.21092e-06	-0.00010215	1.81369e-05	0.0103014	-0.00583223	0.0311776
-9.39756e-05	4.30722e-05	0.000196928	-2.60444e-06	-0.0176862	0.0308114
-2.88926e-05	-3.1847e-05	-9.83659e-05	0.00748018	-0.00496862	0.0148355
-3.49413e-07	4.78734e-05	2.40834e-05	-0.0060172	-0.0042518	0.0303572
9.37124e-05	9.4853e-06	7.77653e-05	-0.00799638	0.00708388	0.0426916
5.49394e-06	-5.0487e-06	6.53054e-05	-0.000646542	-0.00188696	0.0195438
-0.000108942	9.98213e-05	6.45093e-05	-0.00896167	-0.0088848	0.0330544
3.47625e-05	9.22853e-05	0.000101332	-0.0143751	-0.00747706	0.0343533
-0.000166022	0.00018154	7.01392e-05	-0.0202051	0.00867371	0.0485684
-0.000195299	0.000290181	0.00056758	-0.0284369	-0.00808269	0.0844494
-0.000149226	0.000159792	0.000321537	-0.0258771	-0.0252545	0.0471263
-6.44116e-05	5.42723e-05	0.000207284	-0.02103	-0.00906475	0.0254865
-5.88897e-05	-0.00012089	0.000204914	0.00586225	-0.00867916	0.0222352
3.88973e-06	-4.87893e-05	2.47435e-05	0.00751307	-0.00315283	0.0219313
4.0221e-05	1.53495e-05	7.11139e-05	0.00167227	0.00306887	0.0294353
1.84326e-05	4.07953e-05	0.000188896	-0.0121151	0.00429533	0.030083
-3.60655e-07	-8.7776e-06	-1.71179e-05	0.00220511	0.0140604	0.0317194
-0.00012278	0.000151146	7.58353e-05	-0.031775	0.0118578	0.0433323
-0.000237802	-0.000121943	0.000151843	-0.00462327	-0.0122315	0.0522394
-5.83205e-05	-8.98889e-06	7.05678e-05	-0.00152597	-0.0259462	0.0121946
-2.95515e-05	-0.000115855	-5.95542e-05	0.0132982	-0.0100609	0.0132217
