0.00176486	0.000489884	-0.000129742	0.0100061	-0.00606489	0.172706
0.00148386	0.000661156	-4.26796e-05	0.00905172	-0.0182485	0.160926
0.000171843	-4.95103e-06	-8.49501e-06	-4.14731e-05	-0.00959212	0.0755308
9.75152e-05	0.000164901	2.29411e-05	0.00202366	-0.009334	0.0928606
0.00038929	-2.53967e-06	-2.16661e-05	0.00423005	-0.0113227	0.0863781
0.000773575	0.000119263	-3.12138e-05	0.00116845	-0.0136747	0.115189
0.000928418	-0.000169053	0.000108446	-0.00605483	-0.0190032	0.114821
0.000844158	-0.000405738	5.78611e-05	-0.0104636	-0.0178148	0.114771
0.00125376	-0.000385972	0.000154958	-0.008766	-0.0174062	0.131077
0.000658112	0.000252515	3.03216e-05	0.00567352	-0.0130091	0.0962546
0.000305246	-1.50957e-05	1.12158e-06	-0.000884492	-0.0094848	0.0740745
0.000875021	-3.21569e-05	-9.42229e-06	0.000610789	-0.0139293	0.108816
0.000110023	0.000125222	3.27949e-06	0.00461739	-0.00781275	0.0681481
0.000741111	8.86502e-05	1.20255e-05	0.00134629	-0.0149077	0.0912041
0.000302843	1.92115e-05	-1.05195e-06	0.000424035	-0.00979603	0.0656744
0.00014345	-5.96843e-05	-3.24042e-06	-0.00208346	-0.0101602	0.0619178
0.000624556	2.16116e-05	-7.67087e-06	0.00107301	-0.0131492	0.0927569
0.000947204	1.60295e-05	8.72109e-06	0.000391124	-0.0164269	0.105873
0.00111322	-5.43943e-05	-1.433e-05	0.000259889	-0.0182896	0.113649
0.000912486	0.000153702	6.1089e-05	-0.000690322	-0.0133551	0.0970875
0.000744451	0.000356831	-2.84796e-06	0.00380639	-0.01515	0.0896329
0.000821804	0.000364778	-0.000123409	0.0132655	-0.00863083	0.0930331
0.000375741	-0.000183913	5.12463e-05	-0.00317672	-0.0104552	0.0681324
0.000622164	-0.000284321	4.06809e-05	-0.00509206	-0.014464	0.0820857
-4.39212e-05	-9.91852e-05	3.34965e-06	-0.00143905	-0.00816686	0.0532296
0.000166429	-0.000218718	-8.28926e-06	-0.00306075	-0.0108029	0.0726356
0.000333515	-0.000306938	4.1357e-06	-0.0070095	-0.0126732	0.0804208
0.00046883	-0.000314066	-2.51077e-05	-0.00804165	-0.0133964	0.0807661
0.000624013	-0.000306224	-7.58576e-06	-0.00899894	-0.0171436	0.0852813
4.87029e-05	-3.04112e-05	-1.2741e-05	-0.00112005	-0.00887274	0.0478051
4.65499e-05	-9.99379e-05	-9.06582e-06	-0.00116153	-0.0100056	0.0574127
0.000194395	-7.99441e-05	1.29538e-06	-0.00311114	-0.00948885	0.0589721
0.000114456	5.14781e-05	3.03101e-06	0.000134356	-0.00972878	0.0525107
7.24114e-05	-0.000120795	4.37758e-06	-0.00550211	-0.00890254	0.0691968
3.55538e-05	2.15354e-05	4.51102e-06	0.000503182	-0.00926283	0.0486556
1.81446e-05	0.000123635	-6.14518e-06	0.00313983	-0.00823983	0.0599431
3.38644e-05	0.000116885	2.41205e-05	0.00416939	-0.00891033	0.0650511
0.00017924	0.000153565	1.06416e-05	0.00386596	-0.00859877	0.0703053
0.000364514	0.000263059	1.55558e-05	0.00538447	-0.0128487	0.0808103
0.00070096	0.000284074	-5.47872e-05	0.00565434	-0.0172877	0.0825904
0.000951546	0.000155825	-6.51311e-05	0.00382685	-0.00874105	0.0964351
0.000292099	0.0002092	3.74454e-05	0.000267591	-0.012881	0.0665684
0.000235421	0.000107037	1.82612e-06	0.00234824	-0.00901659	0.0705192
0.00072666	5.57042e-05	-9.39106e-06	0.00343209	-0.013562	0.0834834
0.000908174	2.51935e-05	1.15261e-05	0.000889692	-0.0174539	0.0973113
0.000558421	-0.000313889	2.10008e-05	-0.00645297	-0.0136474	0.0763653
0.000689781	-0.00031788	7.18616e-05	-0.00586024	-0.0159539	0.0846064
0.000946452	-0.000245206	0.000120155	-0.00849072	-0.00887501	0.0989378
0.000787803	-0.000378437	3.49546e-05	-0.00577823	-0.0144512	0.0902269
0.000793286	-0.000396438	-6.0201e-05	0.000796201	-0.0184227	0.0929319
0.000839083	-0.000410998	6.8634e-05	-0.00805164	-0.0187469	0.0936971
0.000842149	-0.000430802	6.15776e-05	-0.00772556	-0.0144286	0.0936398
0.000900485	-0.000474006	8.54316e-05	-0.00814578	-0.0135512	0.0953392
-5.53942e-05	6.35883e-05	1.00982e-05	0.000924217	-0.00881857	0.059573
0.000220871	-0.000117041	4.47736e-05	-0.00436055	-0.00892762	0.0729014
3.67987e-05	5.29175e-05	-4.74352e-06	0.00219049	-0.00756486	0.066285
0.000147793	6.5573e-05	-4.28338e-06	0.00329558	-0.00959808	0.0689421
0.000102888	2.19753e-06	-3.75505e-07	9.04417e-05	-0.0094559	0.0516357
0.000485171	-5.82078e-05	1.5275e-05	-0.000332383	-0.0146923	0.0825599
0.000834028	-8.9025e-05	-3.13449e-05	-0.000633426	-0.0179967	0.102883
0.000914535	-0.000282951	1.52049e-05	-0.00334452	-0.0136872	0.102496
0.000561331	-0.000153026	9.59971e-05	-0.00555751	-0.01131	0.0786986
0.000614222	1.16914e-05	-1.7236e-06	0.00106284	-0.00895967	0.0837349
0.000357908	0.000133496	3.27578e-05	0.000571123	-0.0128297	0.066381
0.000248453	4.43753e-06	2.12123e-05	-0.000858512	-0.0135101	0.0723499
1.68231e-05	7.43202e-05	7.22673e-06	0.00166682	-0.00926774	0.0832481
0.000309628	0.000271369	4.81264e-07	0.00496871	-0.012217	0.0960009
0.000614366	2.2972e-05	-1.82298e-05	0.00654099	-0.0112819	0.0938605
0.000645074	-0.000305078	1.74192e-05	-0.0040277	-0.0129269	0.0930625
0.000732909	-0.000425358	-4.10448e-05	-0.00837806	-0.0143889	0.101179
0.000832394	-0.000489343	4.01562e-05	-0.00845992	-0.0151865	0.106138
0.000971995	-0.000470849	8.60219e-05	-0.0075436	-0.0197391	0.11311
0.000516466	0.000164643	-3.9307e-05	0.00593879	-0.00912602	0.0857529
0.0003859	0.000134134	-1.61818e-05	0.00106578	-0.017517	0.0916926
-1.83869e-05	8.94324e-08	1.77362e-05	0.000323608	-0.00962118	0.0882163
0.000179948	0.000181441	1.78028e-05	0.00408936	-0.00778464	0.105263
-3.60065e-05	-0.000227998	2.70786e-05	-0.00649339	-0.00768326	0.0908873
1.46762e-06	-0.000258146	-1.84776e-05	-0.00233738	-0.01023	0.095025
-0.000200677	-0.000161506	1.47391e-05	-0.00533369	-0.0043021	0.097622
8.88352e-05	7.07869e-05	2.12744e-06	0.00270354	-0.00782453	0.108397
0.000583909	0.000106656	4.00958e-06	0.00483564	-0.0149335	0.11693
-7.23918e-05	-0.00012354	-4.68299e-05	-0.00231242	-0.00648173	0.0819966
0.000487714	-0.000163032	-5.34249e-07	-0.00412598	-0.010478	0.119125
0.000695971	0.000392947	1.40102e-05	0.00935389	-0.01343	0.106599
0.00103274	0.000450927	-0.000128401	0.00809398	-0.0158481	0.127358
0.000928252	0.000108149	4.30708e-05	-0.00599289	-0.0188904	0.121942
-1.99637e-05	0.000132052	7.7807e-06	0.00508085	-0.00795906	0.093362
-7.25667e-05	-1.91137e-05	-4.14743e-06	-0.00136685	-0.00454608	0.102629
0.000408512	0.000151962	-4.67075e-05	0.00372197	-0.005581	0.107922
0.00112686	0.000103735	1.49364e-05	0.00299681	-0.0212436	0.13141
0.00143244	0.000102722	2.45766e-05	2.8018e-05	-0.023604	0.150673
0.00160654	0.000117502	3.52864e-05	0.00178936	-0.0258124	0.163775
0.00175234	0.000100566	-0.000111059	0.00570917	-0.0238776	0.172233
0.00117136	0.000480251	-8.61612e-05	0.0118619	-0.0189997	0.135537
0.000795669	-0.000252307	2.94597e-05	-0.00463491	-0.0151613	0.108562
0.00131443	-0.000145498	8.68204e-05	-0.00153805	-0.018699	0.14484
0.00131536	0.000215765	-7.43108e-05	0.00541478	-0.00988233	0.137676
0.00108273	0.000466238	-5.04875e-05	0.00919055	-0.0200226	0.130513
0.000801552	0.000186303	-4.7582e-06	-0.00427056	-0.0190136	0.127075
0.000253763	-9.17548e-05	1.19165e-05	-0.00217571	-0.00809548	0.0987815
0.000425788	0.000172829	1.52934e-05	0.00538238	-0.011524	0.124566
0.00123947	0.000335187	-6.41735e-05	0.00445807	-0.0174802	0.140835
0.00114683	-5.25096e-05	-2.27866e-05	-0.00862	-0.0193539	0.136713
0.00052871	-0.00020168	1.55601e-05	-0.00991339	-0.00985895	0.103119
0.000217178	-9.12562e-05	1.38204e-06	-0.000204992	-0.00991557	0.0903908
-5.89793e-05	0.000139093	2.63402e-05	0.000607365	-0.00794906	0.107474
-0.000260324	-0.000145248	2.39705e-05	-0.000268807	-0.00604039	0.101855
-3.15041e-05	-0.000188602	-4.94199e-05	-0.00395104	-0.00835944	0.108851
0.000115159	4.91846e-06	7.39648e-06	-0.000698455	-0.00998125	0.0954469
0.000675405	-0.000213237	4.17123e-05	-0.0099632	-0.0142717	0.128387
0.00137627	-0.000200898	-4.31877e-05	-0.00842409	-0.0160346	0.156683
0.000964815	-0.00053926	6.22534e-06	-0.0119594	-0.0159345	0.138942
0.00112794	-0.000479392	8.39396e-05	-0.0126185	-0.022172	0.147911
0.00152007	-0.000456843	0.000154947	-0.00701851	-0.0171612	0.162151
0.000519028	0.000362077	-1.57428e-05	0.00666809	-0.0130824	0.121655
0.000923752	0.000423638	-1.23887e-05	0.00888046	-0.0192134	0.141161
0.00156243	0.000364562	-9.5471e-05	0.00262288	-0.0209688	0.162008
0.00156527	0.000500824	8.61255e-07	0.00426029	-0.0171329	0.160779
0.000115814	1.59432e-05	-1.62179e-05	-0.00297131	-0.00772549	0.0964597
0.000582773	-0.000268878	-2.372e-05	-0.00168013	-0.0120374	0.113688
0.000710782	-0.000492755	-2.61653e-07	-0.00998893	-0.0160759	0.131775
0.000107218	6.42981e-06	8.43556e-06	0.000106832	-0.00674593	0.0864573
0.000313715	0.000212457	1.64791e-06	0.00273065	-0.00948798	0.124108
-0.000141988	6.5728e-05	-5.23482e-05	-0.000537149	-0.00613398	0.100124
0.000162385	0.000141477	-7.78225e-06	0.00636722	-0.0103033	0.117607
-0.000120083	5.41727e-05	1.86661e-05	-0.000548417	-0.0036534	0.120753
0.000901764	-0.000226138	1.99306e-05	-0.0036968	-0.0146551	0.141568
0.0014393	-4.58953e-05	1.70534e-05	-0.000429225	-0.0194375	0.162882
0.000211501	1.32657e-05	1.19706e-06	-0.000372076	-0.00943019	0.0800666
0.000510595	8.8947e-05	-1.78025e-05	0.00304795	-0.0155216	0.121502
0.000961539	0.000178511	1.56436e-05	-0.00124287	-0.0163313	0.145003
0.00107307	0.000410281	9.03954e-06	0.00673196	-0.0197103	0.147244
0.00116824	0.000590858	1.21262e-05	0.011585	-0.0221686	0.147219
0.00019407	-5.34646e-06	2.02928e-07	-7.00487e-05	-0.00934555	0.0806238
0.000746241	-8.30788e-05	2.70929e-05	-0.00258554	-0.0175997	0.128999
0.00107448	0.000140472	-3.19509e-05	-0.000511503	-0.00728913	0.137015
0.000478599	0.000188633	-4.95714e-05	0.00699508	-0.00740617	0.115204
0.000372046	7.98025e-05	-1.57995e-05	0.00382858	-0.0128962	0.089269
0.000884608	0.000317114	-1.21194e-05	0.0108514	-0.017298	0.129529
0.000580136	0.000310632	4.36209e-06	0.00776625	-0.00840768	0.121026
0.000137606	0.000341005	1.18628e-05	0.00765401	-0.0128006	0.126227
0.000224108	0.000189021	1.27473e-05	0.00673211	-0.00208178	0.125508
0.000699528	-0.000133263	1.83735e-05	-0.00257636	-0.018174	0.128175
0.000458543	-9.76054e-05	-9.67701e-06	-0.00320317	-0.0178863	0.120441
0.000923219	0.000126106	-2.72383e-05	0.00436398	-0.0194986	0.140275
0.000753932	-0.000414024	-3.35852e-05	-0.01138	-0.010951	0.129549
0.000418943	-0.000204963	-1.59033e-06	-0.0112537	-0.00598906	0.125633
0.000174277	0.000132479	-4.24536e-05	-0.000396759	-0.00390401	0.11873
0.000590792	0.000443214	-3.05062e-05	0.0111402	-0.0112623	0.138209
0.000429241	0.000106539	3.70567e-06	0.00985723	-0.0155528	0.121376
-0.000181387	-0.000213612	-6.06059e-05	-0.0030856	-0.0102099	0.10467
0.000556857	-0.000227345	2.99802e-05	-0.0101951	-0.00845432	0.126767
0.00108591	0.000161048	3.84171e-05	-0.00157385	-0.0152878	0.137029
0.00104625	0.000476854	-5.80693e-06	0.00958226	-0.0184085	0.146843
0.000881754	4.32521e-05	-5.04179e-07	0.0085512	-0.010666	0.142395
0.000787189	-0.000405864	-2.04867e-05	-0.00732846	-0.0190034	0.137922
0.00152116	-0.000289943	0.000116589	-0.00665413	-0.0114825	0.161282
0.000197024	-9.74602e-07	8.78302e-06	-0.00016013	-0.00987454	0.0817474
0.000268767	9.62886e-05	2.45731e-05	0.00176338	-0.00765887	0.0957963
0.000288823	0.000135907	4.43485e-05	0.00363344	-0.0139811	0.0936086
0.000558022	0.000170056	4.35376e-06	0.00179468	-0.00802183	0.107041
0.000813947	-0.00011944	7.14026e-06	-0.0017148	-0.0137991	0.130607
0.00136365	-0.000131309	-4.32433e-05	-0.00291886	-0.0240379	0.16383
0.00177448	-0.000142858	5.15832e-05	0.00174219	-0.0250468	0.180785
0.00201772	-5.62832e-05	7.88483e-05	-0.00364594	-0.00993988	0.189507
0.00152463	0.00018769	-8.52656e-05	0.00863955	-0.028618	0.164514
0.000500835	-0.000240456	8.08944e-05	-0.00434459	-0.0104362	0.107572
0.00108273	-0.000241036	-6.50386e-06	-0.00714199	-0.029447	0.142185
0.00147249	-0.000123128	-1.23907e-05	-0.00243312	-0.0245572	0.16329
0.00137711	-0.000253582	6.21887e-06	-0.000110818	-0.0175338	0.157587
0.00147075	-0.000331731	0.000113194	-0.00906424	-0.0253194	0.165512
0.00136561	0.000164644	5.90167e-05	-0.00394669	-0.0159287	0.15097
0.000123503	-8.48299e-05	-1.00959e-06	-0.00452414	-0.00902973	0.103425
-0.000225165	-2.16438e-05	-2.44206e-05	-0.00127479	-0.00653274	0.107558
0.00056494	3.24612e-05	-1.00203e-05	0.00102373	-0.0100473	0.0975168
0.000962682	0.000227596	-3.2763e-05	0.00853139	-0.0193637	0.131746
0.000409387	3.47796e-05	7.43873e-07	0.000850557	-0.00927462	0.0998248
0.000923995	-0.000312	-4.26966e-06	-0.00605685	-0.01396	0.122957
0.00142343	-0.000222147	9.43244e-05	-0.0055419	-0.0223524	0.155886
0.00172205	-7.74487e-05	7.61255e-05	-0.00256335	-0.0266742	0.179393
0.00156397	-0.000388942	-6.97174e-05	-0.00217343	-0.018492	0.164219
0.00066939	-0.000274355	8.90014e-05	-0.00535383	-0.00439902	0.12183
-4.46625e-05	-2.5629e-05	4.44625e-05	-0.000431064	-0.00583791	0.114095
4.77829e-06	-0.000145142	-1.49607e-05	-0.00399386	-0.00928143	0.11709
0.000594038	-0.000161091	-9.50647e-06	-0.00692712	-0.011658	0.14024
0.000456073	1.30468e-05	-5.57936e-06	0.000328786	-0.0094139	0.0997485
0.00112114	6.60015e-05	5.38868e-06	0.000480299	-0.0168439	0.150527
0.00025979	-0.000112978	-1.21583e-05	-0.00599971	-0.0105547	0.0920923
0.000632208	-0.00036976	-1.13631e-05	-0.00754983	-0.0109617	0.132472
0.00140021	-0.000135612	-2.52656e-05	-0.0027876	-0.0211378	0.156332
0.00168869	-0.000136049	6.32158e-05	-0.00235342	-0.0260391	0.174904
0.00194409	-0.000163004	8.62139e-05	-0.00723733	-0.0091427	0.185484
0.00132296	-0.000557141	2.00517e-05	-0.00773486	-0.0166314	0.149294
0.000198124	-0.000217987	1.27769e-05	-0.00761044	-0.00917687	0.100387
0.000954958	-0.000195994	1.60111e-06	-0.00134373	-0.0176039	0.136782
0.000278776	0.000109416	4.20353e-06	0.00502028	-0.0114806	0.0903878
0.000783157	0.000298863	-8.43163e-05	0.00597304	-0.0126049	0.123265
0.00116687	0.000430529	-4.10037e-05	0.0061161	-0.0105836	0.135368
0.00114356	0.000719009	4.35665e-05	0.00280175	-0.0174718	0.141493
0.000299858	4.64038e-05	-4.09207e-06	-0.00130034	-0.00961916	0.101864
0.000477665	0.000244267	-2.13945e-05	0.00641207	-0.0119299	0.12848
0.000414918	7.77266e-06	1.82211e-05	0.00606524	-0.0104011	0.129601
-0.000127945	4.47051e-05	-1.38165e-05	0.000367864	-0.0054557	0.122346
0.000490044	0.000528555	2.18904e-05	0.0117045	-0.0100285	0.129777
-0.000205904	0.000195103	2.49009e-05	0.00427711	-0.00490772	0.104418
-7.51839e-05	0.000102395	-2.73807e-06	0.00393698	-0.0113303	0.129909
0.000257647	-0.000107072	-7.88197e-06	-0.00330142	-0.00925478	0.111149
0.000684536	0.000184724	-3.33751e-05	0.00258605	-0.0165247	0.110083
0.00100886	0.000334636	1.24562e-07	0.00358237	-0.0152932	0.139805
0.000208505	-9.07327e-05	-3.45318e-06	0.000541702	-0.0105426	0.0963183
-3.55527e-05	6.63203e-06	-5.17877e-06	0.000543481	-0.00910405	0.0930054
0.000176734	-0.000147034	9.15783e-06	-0.00323767	-0.00855385	0.10412
0.000467314	-0.000301516	-3.48281e-05	-0.00643098	-0.0106941	0.10917
0.000257096	7.15799e-05	-1.77616e-06	0.00319778	-0.008667	0.0969081
0.000525047	0.000289522	-1.16701e-05	0.00772717	-0.0112396	0.116472
8.73637e-05	0.000110106	9.91843e-06	0.00302496	-0.0080751	0.109048
0.00035108	-1.33686e-05	1.43434e-05	-0.00314719	-0.0137723	0.133347
0.000448379	0.000487163	4.4921e-06	0.0104768	-0.0100224	0.130157
0.00119982	0.000354801	-0.000113901	0.0122166	-0.00830829	0.152849
0.0011329	-0.000127919	-4.18247e-05	-0.00985497	-0.0258038	0.148758
0.00114245	-0.000486945	0.000123311	-0.00804751	-0.0174238	0.144827
0.00128748	-0.000611997	9.96933e-05	-0.00988361	-0.0194272	0.151784
0.00172255	-0.000428831	2.98072e-05	-0.00485082	-0.022075	0.175894
0.000253711	-6.14345e-05	-3.42197e-06	-0.0041492	-0.0101254	0.0974093
0.000426702	-6.12636e-05	-5.78291e-06	-0.00424514	-0.00991059	0.101758
0.000829	-0.000278159	-2.47756e-05	-0.00468393	-0.0127484	0.12072
0.00148432	-0.000171658	-4.15951e-05	-0.00215719	-0.0218228	0.159939
0.00136155	-0.000392917	0.000121922	-0.0115627	-0.0230493	0.159149
0.00136823	-0.000671095	8.09215e-05	-0.0136693	-0.0200896	0.155228
0.000787975	-0.000276979	0.000138741	-0.0108355	-0.00711985	0.122819
0.000393483	4.99671e-05	-3.65976e-05	0.00257097	-0.0141152	0.0995982
0.000203847	-6.47447e-07	-8.6044e-06	0.000228823	-0.00939149	0.0813403
0.000702603	0.000213305	-0.000120633	0.00518259	-0.0110592	0.115126
0.000498099	0.00021382	4.77993e-05	-0.000516234	-0.0145653	0.0986354
0.000553477	-0.000153261	8.55734e-06	-0.00629452	-0.0125631	0.123301
0.000798409	-0.000250929	1.31622e-06	-0.00862409	-0.015803	0.148946
-3.96129e-05	0.000164078	-2.05604e-05	0.00494228	-0.00414254	0.114531
0.000643587	0.000117023	-3.16114e-05	0.00374946	-0.0127807	0.136135
0.000294346	0.000140437	-1.77653e-05	0.000239309	-0.00830266	0.105851
0.000288548	0.000216615	2.94463e-06	-0.000227902	-0.0136315	0.10176
0.000830811	1.47759e-05	-4.94536e-05	0.000656237	-0.0119359	0.126241
0.000451282	4.46688e-05	-2.52631e-05	-1.73859e-05	-0.00746667	0.102865
0.00132296	-5.32491e-05	-4.2479e-05	-0.00397333	-0.0185341	0.145474
0.000871995	-4.11398e-05	-2.39487e-05	-0.00517645	-0.02178	0.122772
0.000393064	-0.00024234	1.44846e-06	-0.00819168	-0.00753149	0.117933
0.000233167	-9.89899e-06	6.41927e-06	-0.00147292	-0.00857127	0.0818897
0.000275378	5.74603e-05	-9.58704e-06	0.00148471	-0.00881973	0.0967544
0.000725034	0.000195577	1.10413e-05	0.00446577	-0.0110079	0.113009
0.00103491	-0.000165755	3.87235e-05	1.65561e-05	-0.0191053	0.131952
0.00029885	0.000141099	1.71179e-05	0.00370904	-0.00510843	0.0912929
0.000386891	-4.98456e-05	5.53469e-05	-0.00474406	-0.0103531	0.0882783
0.00108797	-0.000111341	5.71166e-05	-0.00173872	-0.0142616	0.132065
0.000933911	-0.000486352	6.78428e-05	-0.0119142	-0.0144193	0.135898
0.000677339	-0.000241415	1.5004e-05	-0.00567338	-0.00966801	0.124395
0.000432513	-0.000251927	-3.86053e-06	-0.0102564	-0.00814451	0.124344
0.00125159	-0.000331531	2.24575e-05	-0.0107755	-0.00807335	0.150141
0.00122097	-0.000606996	4.81432e-05	-0.0117519	-0.0150497	0.149477
0.00112862	-0.000102886	-0.000102427	0.00424629	-0.0187488	0.135385
0.000739153	-1.47008e-05	4.6066e-05	-0.00809292	-0.0165986	0.127129
0.000651378	-0.000184707	5.57245e-06	-0.00168662	-0.00934243	0.108524
0.00070313	-0.000178402	-3.95452e-05	-0.00777325	-0.0156339	0.113298
0.000882343	-0.00048505	3.56403e-05	-0.0142345	-0.0134013	0.132725
0.00088114	-1.94623e-05	3.70945e-05	-4.93727e-05	-0.00289518	0.131684
0.00062347	0.000486819	7.15549e-05	0.0105082	-0.0133239	0.130053
0.00100237	0.000486722	-3.63046e-05	0.0115458	-0.0144597	0.147096
0.000207203	-5.60772e-05	9.82381e-06	-0.00722502	-0.00985096	0.0963119
0.000514119	-0.000361847	2.64568e-05	-0.0216706	-0.00910827	0.132061
0.00106272	-0.000505073	5.17974e-05	-0.0102617	-0.0114027	0.144279
0.00123718	-0.000616591	2.91567e-05	-0.0126742	-0.0175977	0.146389
0.00133697	-0.000620544	6.80482e-05	-0.0110889	-0.0187475	0.152357
0.00153834	-0.000455029	7.36467e-05	-0.00987615	-0.0268215	0.164601
0.00175203	-0.000290546	0.000177486	-0.00711277	-0.0287872	0.179158
0.00141944	0.000217377	8.71852e-05	-0.0029405	-0.016536	0.160103
0.000377704	-2.8129e-05	2.98616e-05	-0.00344859	-0.01546	0.097384
0.00118717	-4.6908e-05	4.14543e-06	-0.00276545	-0.02828	0.143213
0.00177582	8.28415e-05	1.07735e-05	-0.00120733	-0.0095634	0.17141
0.000500253	-4.21622e-05	2.63767e-05	-0.00351564	-0.00944893	0.0997348
0.000658693	-0.000359845	2.23005e-05	-0.00995098	-0.012509	0.134133
0.00105885	1.52447e-06	-8.6956e-05	0.00390859	-0.0148226	0.138204
0.000991898	0.000503011	3.38962e-05	0.00926046	-0.0136288	0.133475
0.00152358	0.000531925	-0.000104357	0.00630483	-0.0215906	0.159962
0.00028586	-8.28151e-05	1.7322e-05	-0.00128794	-0.0117693	0.0932985
0.00060986	-0.000308919	-4.25383e-06	-0.010113	-0.0174038	0.131684
0.000973052	-0.000504908	3.80154e-05	-0.01601	-0.0198943	0.143993
0.000634361	-0.000276946	6.86614e-05	-0.00302161	-0.00882688	0.115624
6.62139e-05	0.000177973	9.57161e-05	0.00322256	-0.00502919	0.109751
0.000110615	-5.03963e-05	1.11824e-05	-0.00129304	-0.00366335	0.102997
0.000235594	-0.000117145	4.7593e-05	-0.00263609	-0.00554888	0.0951465
0.000459162	-0.000317049	1.75969e-05	-0.00950984	-0.00662024	0.112053
9.37178e-05	7.16792e-05	1.47214e-06	0.000756409	-0.00352478	0.108977
-1.83362e-05	-0.000102436	9.51668e-06	-0.0021203	-0.00486236	0.115214
0.000702579	0.000141755	3.19296e-05	0.000431893	-0.00739442	0.111635
0.000467297	-0.000315544	-1.51113e-05	-0.00951679	-0.00807718	0.129435
0.000533108	-0.000147962	-2.18147e-05	0.00066914	-0.0127704	0.117308
0.000637463	-5.99273e-05	-1.18577e-05	-0.00861097	-0.0116982	0.12312
0.000751504	-0.000408145	6.41741e-05	-0.0145429	-0.00618567	0.133777
0.000422623	0.000188482	-1.85558e-05	0.00664683	-0.00891294	0.114588
0.00111689	0.000369938	-2.28646e-05	0.00491629	-0.0105843	0.148928
0.00149318	0.000271633	-6.78109e-05	0.0050404	-0.0242294	0.168949
2.94883e-05	0.000103379	9.73024e-06	0.000713544	-0.00933234	0.105832
0.000431715	0.000186463	-6.86273e-06	0.00860625	-0.0117738	0.14346
0.000285772	-0.000307472	-7.24823e-06	-0.00515165	-0.0137972	0.135303
0.000403075	1.02561e-05	-2.05793e-05	0.00231199	-0.0153953	0.099442
0.000954289	-4.58073e-05	-4.96473e-06	0.00270785	-0.0202518	0.148998
0.00114097	0.000207362	9.39595e-05	0.00063452	-0.0207287	0.141915
0.000596406	0.000103565	-0.000124172	0.00476474	-0.0135818	0.115013
0.000334488	-0.000231737	-6.7487e-06	-0.00765573	-0.014156	0.130304
0.000996538	-0.00010456	-8.98161e-06	-0.00524862	-0.0210183	0.154103
0.00161409	-5.4682e-05	2.29907e-05	-0.00114648	-0.0312626	0.173314
0.00103691	0.000550386	-1.78089e-06	0.00899333	-0.0199422	0.137718
0.00124522	0.000492001	-6.86522e-05	0.00675063	-0.022649	0.149288
0.000765229	0.000182268	-0.00012137	0.00204905	-0.0123985	0.128597
9.61303e-05	4.46364e-05	-2.88072e-05	0.000663224	-0.0107607	0.107188
0.000218937	-9.73539e-05	-3.11963e-05	-0.000236903	-0.0144879	0.107731
0.000335863	0.000245478	-3.95191e-05	0.00872312	-0.0126846	0.122904
0.000649193	0.000369208	8.1333e-05	0.0107078	-0.013791	0.142571
-6.84841e-05	8.60505e-06	1.08571e-05	-0.00127164	-0.00269145	0.116932
-2.16454e-05	-0.000167389	-3.37715e-05	-0.0058446	-0.00566388	0.115857
0.000417982	0.000147096	-1.23501e-05	0.00035884	-0.00429658	0.132758
0.000240994	0.000275514	4.65179e-06	0.00355227	-0.00587747	0.103252
0.000141884	0.000274214	7.24794e-06	-0.00103285	-0.0126792	0.116884
0.00030286	6.86038e-06	-1.78891e-05	-0.0019356	-0.00317625	0.0975227
0.000112851	-6.04555e-05	8.98373e-06	-0.00184772	-0.0118707	0.104924
0.000271614	-0.000155566	-7.87147e-05	-0.00332513	-0.0121194	0.112421
0.00112311	-6.03348e-05	-0.000105712	0.00225194	-0.0218032	0.152596
0.00156099	2.2756e-05	-4.84687e-05	0.00488281	-0.0272991	0.16981
0.00148391	0.000265295	-7.62831e-05	0.0105612	-0.0151443	0.158895
0.00152838	0.000414551	-0.000193744	0.00577837	-0.0217332	0.163059
0.000958226	0.000148383	7.84785e-05	-0.00182281	-0.0121256	0.129582
0.000125991	-4.14207e-05	-1.64547e-05	0.0039521	-0.0102057	0.103335
0.00015889	-2.88339e-05	-2.29972e-06	0.00439535	-0.00787789	0.0816366
0.000508392	0.000166269	-8.2056e-06	0.0114759	-0.0114238	0.121225
0.000415151	-8.3391e-05	-1.71158e-05	0.00410871	-0.00850715	0.0971337
0.000183909	-3.56835e-05	2.22495e-05	0.00369571	-0.00604227	0.0810804
0.000305675	0.000150106	2.08027e-05	0.0106536	-0.0118604	0.121236
8.98332e-05	-4.92031e-05	-2.87826e-05	0.00308379	-0.00807624	0.108017
0.000242454	0.000253823	1.6737e-06	0.0166462	-0.00950684	0.130609
0.000175707	-0.00022608	1.47711e-05	-0.00161273	-0.00707964	0.133728
0.000408746	-0.000187578	3.60169e-05	0.00072904	-0.00698864	0.115649
0.000871591	0.000109092	6.07296e-06	0.00472206	-0.00741194	0.133967
0.000873983	-0.000413801	-3.38226e-05	-0.00871678	-0.00952455	0.12322
0.000553906	-0.000299132	-2.6815e-05	-0.0010631	-0.0111827	0.116087
0.00015317	-0.000250478	-2.06224e-05	-9.46966e-05	-0.00469405	0.107131
0.000445581	-0.000308323	1.12755e-05	-0.012805	-0.00528113	0.129685
0.000188935	5.08182e-05	-6.70065e-06	0.0035187	-0.00278975	0.133494
6.83567e-05	-0.000153133	-1.65091e-05	-0.00530607	-0.0108625	0.103623
0.000114986	4.63551e-05	2.08061e-06	0.00448905	-0.00866375	0.108121
0.000207991	-8.47733e-05	-3.98734e-06	-0.00341479	-0.0128732	0.101996
0.000358092	-4.46964e-05	-8.23149e-06	-0.00195082	-0.0082404	0.105303
0.000941419	-0.000210627	5.51849e-05	-0.00646347	-0.0221071	0.125987
0.0013121	-0.000262714	0.000107844	-0.00910879	-0.0262191	0.152084
0.00156059	-0.000129881	0.000119814	-0.00881305	-0.0269813	0.170142
0.00139711	0.00026317	-2.24024e-05	-0.000390555	-0.0144193	0.15396
0.000254909	8.77959e-05	3.28092e-06	-0.00335055	-0.0116407	0.098488
0.000197142	3.34758e-05	4.99305e-06	-0.00327941	-0.012599	0.0806874
0.00035041	0.000107233	-6.08427e-06	-0.00305691	-0.0104014	0.0851551
0.000958704	0.000157733	2.69301e-05	-0.00399687	-0.0160825	0.132583
0.00150167	0.000225237	-1.93297e-05	-0.0048893	-0.0228869	0.163472
0.000481594	-9.69706e-05	6.16428e-05	-0.00444954	-0.00598678	0.123363
5.21073e-05	0.000296307	-8.20554e-06	0.00283005	-0.013187	0.118043
-0.000332012	0.00022329	1.90995e-06	0.00162165	-0.00752733	0.115439
0.000356023	0.000302144	3.8185e-05	0.00792115	-0.0061584	0.140717
0.00132837	0.000140747	3.44332e-05	-0.000536104	-0.0172237	0.148575
0.00163776	0.000117176	6.37334e-05	-0.000629833	-0.0199092	0.17056
0.000169072	-0.000123767	4.38812e-05	-0.00695516	-0.0052109	0.102048
0.000134442	-6.98132e-05	3.79319e-05	-0.00990076	-0.00476034	0.117309
0.000839375	-0.000353473	5.07448e-05	-0.0105777	-0.00790431	0.148873
0.00124717	-0.000215293	6.12762e-05	-0.00699686	-0.0145867	0.168857
0.000350968	-0.000346145	2.4311e-05	-0.00275694	-0.00741361	0.121594
0.000129519	-0.000228299	-3.79098e-05	-0.00747343	-0.00399687	0.128915
0.00110893	-0.000306247	2.22744e-05	-0.0146368	-0.0134528	0.153029
0.000428975	-0.000299326	3.91585e-05	-0.00374504	-0.00484497	0.121965
0.00037085	0.000145391	2.08908e-05	0.00162843	-0.00512232	0.132417
0.000564352	0.000160085	-4.81918e-05	-0.00146193	-0.0129473	0.112727
0.000753489	-3.90613e-05	1.33867e-05	-0.00208939	-0.00995477	0.130515
0.00102461	-0.000260674	2.07342e-05	-0.00236091	-0.0168746	0.146996
0.00101468	-0.000468943	1.88665e-05	-0.00937119	-0.0160208	0.148507
0.000522974	-0.000278312	5.9157e-05	-0.0134371	-0.00855519	0.12153
0.000301308	0.000135932	4.33985e-06	0.00541068	-0.0153207	0.0924539
0.000952751	0.000204914	3.00642e-05	0.00723605	-0.0080149	0.148959
0.00166193	0.000176357	3.46827e-05	0.0013843	-0.0198044	0.171769
0.00177057	0.000162951	2.18061e-05	0.00168526	-0.0212554	0.18051
0.00107527	-0.000438885	6.59568e-05	-0.00709514	-0.0110293	0.140943
0.00026337	-6.15357e-05	2.36336e-05	-0.00325223	-0.00578152	0.0953738
-3.43623e-05	0.000124114	2.90572e-05	0.00103976	-0.0030474	0.112337
2.25567e-05	-0.000158981	2.69867e-05	-0.00215552	-0.00994697	0.132459
0.000134908	3.5463e-08	-2.07431e-05	-0.00559926	-0.00769879	0.120831
0.000445873	5.89564e-05	8.4623e-05	0.00109073	-0.0114697	0.099006
0.000405053	7.63772e-05	6.73029e-05	0.00168797	-0.0136322	0.0995282
0.000377507	-4.1125e-05	2.88352e-05	0.00406669	-0.0117151	0.099967
0.000406867	5.40015e-05	-8.74065e-06	0.00279621	-0.00875527	0.0871474
0.000973537	0.000141491	5.94272e-05	0.00336411	-0.0141833	0.138225
0.000864289	0.00042231	1.25237e-05	0.018729	-0.0200369	0.140656
0.00139108	0.000223108	-4.51964e-06	0.00739458	-0.0252299	0.166314
0.00124222	0.000509647	-0.000120756	0.00717042	-0.0200614	0.142554
0.00159613	0.000316311	-0.000154755	0.0138241	-0.0251503	0.170291
0.00192298	0.000206568	-2.08371e-05	0.00616491	-0.0102749	0.182672
0.00102079	0.000675082	0.000148787	0.00584803	-0.0201278	0.147931
0.00132733	0.000649345	-7.80911e-05	0.0142591	-0.0170684	0.156885
0.000196104	-7.60999e-05	5.44808e-06	-0.00183426	-0.00509766	0.094119
-7.42648e-05	0.000110471	4.97036e-05	0.00320203	-0.00609619	0.0962647
0.000639347	0.000170424	2.69077e-05	0.00277541	-0.00882568	0.137789
0.00105976	0.000267865	-7.03004e-05	0.00671225	-0.0146512	0.140856
0.00117959	0.000453227	-0.000114288	0.0129292	-0.0118902	0.137551
0.00163965	0.000265601	-4.81851e-05	0.00830052	-0.0164278	0.167599
0.00150171	0.000435678	-5.60303e-05	0.00387292	-0.0289439	0.160718
0.00144908	0.0006913	-8.52883e-05	0.00323223	-0.0164954	0.156016
0.00171988	0.000449031	-4.44602e-05	0.00614291	-0.0257408	0.173107
0.000889479	0.000209699	-7.62296e-05	0.00646597	-0.0096776	0.131975
0.000214177	-4.24336e-05	2.33288e-05	-0.0018927	-0.00982425	0.0961028
0.000419931	-0.000192154	4.09762e-06	-0.0043073	-0.0164107	0.11979
-1.48786e-05	6.60908e-05	3.299e-05	0.00144679	-0.0106906	0.113762
0.000901545	-0.000316655	6.61816e-05	-0.00564113	-0.0214684	0.123286
0.00102873	9.36665e-05	0.000174955	-0.000872205	-0.0196883	0.13714
0.000282763	-0.000212197	1.65929e-06	-0.00460497	-0.00851757	0.11963
0.000170197	6.23708e-05	1.35896e-05	0.00270391	-0.00912778	0.10083
0.000261991	8.68995e-05	6.03467e-06	0.00270036	-0.0128421	0.0957558
-5.42725e-05	-2.24695e-05	4.06949e-05	0.000246475	-0.00670802	0.114607
0.00108164	-0.000215902	2.26413e-05	-0.00213622	-0.0143187	0.141436
0.00110393	-0.000423335	4.12734e-05	-0.00664936	-0.0140865	0.141595
0.000648232	0.000319572	-6.40084e-06	0.00705376	-0.0103815	0.126957
0.000505997	0.000277117	-2.19599e-05	0.000552166	-0.0132145	0.10885
0.000868936	-4.65681e-05	-6.23e-06	0.000688974	-0.0132169	0.125431
0.000580428	0.000114426	4.53241e-05	-0.00422121	-0.0113265	0.111559
0.000387919	-0.000331638	8.66742e-06	-0.00767738	-0.00871398	0.131608
0.000664888	4.10914e-05	3.45989e-05	0.00606164	-0.0167442	0.135857
-6.91931e-05	7.53946e-05	4.3336e-05	0.00436771	-0.00478239	0.115011
0.000595241	0.000312814	1.02109e-05	0.00784046	-0.00736836	0.139564
0.000261676	6.37119e-05	1.07346e-05	0.00326547	-0.00902627	0.0967676
0.000735259	0.000440016	-6.24512e-05	0.00676822	-0.0108294	0.120205
0.00089676	-3.93392e-05	-9.43061e-05	0.0046582	-0.012677	0.12679
0.000880773	-0.00039064	1.97646e-05	-0.0120558	-0.0190333	0.138452
0.00113691	-0.00054865	0.000116559	-0.0150762	-0.0236068	0.150068
0.00162304	-0.000397737	0.000194834	-0.0110303	-0.0251246	0.170619
0.00194092	-0.000185176	8.07995e-05	-0.0050041	-0.00847743	0.182851
2.27496e-05	8.01284e-05	1.86159e-05	0.00130337	-0.00779429	0.0927757
0.000153612	8.9967e-05	6.55535e-06	-8.81836e-05	-0.00777258	0.0997964
0.000118076	0.000176965	-3.47232e-06	0.0061814	-0.00970197	0.103352
0.000515999	0.000382056	-6.87352e-06	0.0095302	-0.0110956	0.133891
0.000420694	0.000167553	-5.57649e-05	-0.00222625	-0.0156311	0.128593
7.16023e-05	9.88994e-05	-1.25121e-05	0.0019203	-0.00765638	0.087202
0.000184367	6.09626e-05	5.44707e-06	0.000400658	-0.0116046	0.0965631
0.000623046	-0.000155968	8.17597e-05	-0.00456539	-0.0155599	0.113857
0.000283371	-5.48965e-05	6.08695e-05	-0.00216705	-0.0101513	0.0956705
0.00109128	-0.000128615	-2.25324e-05	3.28285e-05	-0.0193016	0.136078
0.00154072	-4.93953e-05	4.64277e-05	0.00244509	-0.0236627	0.162918
0.00141853	-0.000255806	8.05851e-05	-0.0097562	-0.00910577	0.155808
0.00118532	-0.000522855	8.11995e-06	-0.00957808	-0.0202106	0.14868
0.000816325	-0.000312316	-2.44597e-05	-0.000649392	-0.0266903	0.121343
0.000195198	1.13951e-05	1.51126e-05	0.000320741	-0.00790132	0.081582
0.000402104	3.21444e-05	1.51838e-05	0.00125357	-0.00745519	0.0983701
0.000557368	-0.000247307	-1.7226e-05	-0.00603675	-0.0157821	0.117218
0.00115094	-0.000142777	1.94775e-05	-0.00536425	-0.0182888	0.154537
0.000816968	0.000446261	2.8592e-05	0.00782296	-0.0142501	0.136393
0.000635388	0.000240643	7.47026e-06	0.00821557	-0.00731125	0.115272
0.000900544	-3.5727e-05	-1.60286e-05	-0.0032947	-0.0132091	0.126936
0.00142552	-5.79667e-06	5.88793e-05	-0.00181433	-0.0212449	0.156974
0.00181753	-5.48711e-05	-1.29907e-05	-0.00550595	-0.0201536	0.178634
0.00130987	-0.000458747	0.000159111	-0.0167329	-0.0187886	0.147194
0.00112832	-3.10988e-05	5.36999e-05	-0.00311504	-0.0246429	0.138405
0.000584565	0.000170716	5.52229e-05	0.00244769	-0.0200562	0.106551
1.11017e-05	-7.25178e-05	5.0308e-05	0.000923415	-0.00911487	0.106013
1.92719e-05	0.000101606	6.83563e-05	0.00157414	-0.00829137	0.110632
0.000508684	-0.000140786	1.16195e-05	-0.0029071	-0.00870011	0.137735
0.00139954	-0.000300315	5.45906e-05	-0.00620502	-0.0212194	0.150724
0.00081972	0.000389229	2.80268e-06	0.00668549	-0.015148	0.129622
0.00110327	0.000432978	4.88236e-05	0.0110987	-0.0175828	0.148668
0.00127192	0.000629441	9.403e-05	0.00943474	-0.0173139	0.148169
0.000879402	0.000271953	-7.69867e-05	0.00399819	-0.0046757	0.121075
0.000292715	0.00015578	5.28003e-05	-0.00244436	-0.00770219	0.0923354
0.000589734	0.000401726	1.96474e-06	0.0126764	-0.0125168	0.128513
0.00132124	0.000257235	8.53697e-06	0.00291641	-0.0210708	0.148007
0.00169417	0.000186466	-4.98167e-05	0.000833495	-0.0259208	0.172366
0.0018321	0.00015802	4.62676e-05	0.000688197	-0.0280989	0.183848
0.00130493	0.000559636	-5.7127e-05	0.00745017	-0.0176227	0.146955
0.000932711	0.000267193	2.20837e-06	-0.00209452	-0.00831774	0.118898
0.00111267	-1.74357e-05	6.47281e-05	-0.00590942	-0.0176197	0.140702
0.00109908	-0.000402582	-4.92477e-05	-0.00850735	-0.0211977	0.134604
0.000856368	0.000284991	-2.61194e-05	0.00256893	-0.0153304	0.119529
0.00141526	0.000284538	-4.58643e-06	-0.00019018	-0.0246452	0.154001
0.00169627	0.000201341	3.75008e-06	0.00401319	-0.023357	0.173776
0.00153778	-0.000179433	0.000150455	-0.0149041	-0.00871101	0.160683
0.00126467	-0.000644888	0.000110397	-0.0140112	-0.00967366	0.142752
0.000342983	0.000207209	-3.51657e-05	0.00371073	-0.00849678	0.122046
0.00066259	0.000384892	-9.5308e-05	0.00696179	-0.0150457	0.142162
-1.75953e-05	-0.000183897	-4.88617e-05	-0.00137779	-0.00669774	0.107986
0.000518958	-9.53194e-05	-4.17074e-05	-0.00735824	-0.00378515	0.130536
0.000794902	0.000248315	-1.05098e-06	0.00451875	-0.0163406	0.138806
0.000697045	-0.000353952	4.79121e-05	-0.00983411	-0.00674608	0.119359
0.00108235	-0.000431719	7.68636e-05	-0.0148923	-0.01437	0.141599
0.00156154	-0.000454745	0.000254826	-0.0156672	-0.0167466	0.163253
0.000373849	9.91542e-05	0.000157962	0.00149783	-0.00794072	0.117963
0.000868749	-6.68861e-05	8.96459e-05	-0.00328216	-0.0126508	0.144336
0.000425669	9.67261e-05	6.61148e-05	0.00632932	-0.0165832	0.117988
0.000443331	2.74139e-05	5.41176e-05	0.00241426	-0.00689938	0.0976149
0.00107898	5.26791e-05	2.43182e-05	0.00542635	-0.0146925	0.150984
0.000796525	0.000517246	0.000101179	0.0186335	-0.0119401	0.137404
0.00131528	0.00045453	-2.92635e-05	0.0176273	-0.0196064	0.16052
0.001398	0.000499679	-1.51773e-05	0.0212063	-0.020371	0.160243
0.00134957	0.000683834	3.48143e-05	0.0222191	-0.023311	0.15314
0.00168154	0.000566175	-0.000124801	0.025009	-0.0280902	0.173516
0.0019291	0.000484265	-0.000133159	0.0108434	-0.0362871	0.188629
0.00112944	-0.000370757	1.75418e-05	-0.00709485	-0.0165294	0.140883
0.00139388	-0.000485919	4.88188e-05	-0.00540134	-0.0114151	0.1557
0.000776626	-0.000141785	0.000121137	-0.0115726	-0.00599949	0.130515
9.98388e-05	0.0001222	2.32919e-05	0.00332951	0.0022404	0.115069
0.000102242	-0.000190735	3.32004e-05	-0.00652321	-0.00715171	0.134399
0.00018701	0.000211318	2.97542e-05	0.00724572	-0.00207886	0.132579
0.000653485	0.000490848	2.06894e-05	0.0230652	-0.0157666	0.138491
0.000333272	8.85633e-05	2.31709e-05	0.00065388	-0.010628	0.104222
0.00126688	-5.99091e-05	2.02973e-05	0.000248524	-0.0231983	0.147282
0.00104559	0.000394477	3.73347e-05	0.00660766	-0.0202543	0.130803
0.00075502	0.000112876	3.51967e-05	0.00949814	-0.0265105	0.120951
0.000291308	0.000177669	4.90819e-05	0.00760267	-0.0140784	0.119638
0.00046726	-0.000264766	0.000110659	-0.00703794	-0.0162654	0.111976
0.000961255	-0.000449598	0.000112574	-0.00211378	-0.0172592	0.132068
0.0015202	-0.000214176	5.25472e-05	0.00272489	-0.0276925	0.163698
0.00177838	-8.66371e-05	7.41805e-05	0.00449114	-0.0320961	0.182204
0.00146525	0.000288796	-0.000107261	0.0176788	-0.0337299	0.168511
0.00128165	0.000564448	-9.19577e-05	0.0106044	-0.0195812	0.14759
0.000774144	-0.000229343	0.000117878	-0.00337951	-0.0150106	0.118556
0.00136676	-0.000238962	0.000146496	-0.00587915	-0.0209108	0.15243
0.00121601	-0.000487752	0.000205495	-0.016424	-0.0252038	0.14789
0.00117641	-8.83704e-05	-4.89296e-06	0.00851674	-0.00789888	0.138939
0.000563841	0.000115078	-3.44359e-05	0.0146458	-0.0161782	0.108773
0.000586451	0.000134063	2.41792e-05	0.00902364	-0.0125806	0.116792
0.000782941	3.72928e-05	5.33622e-06	0.00365723	-0.00570427	0.112095
0.000265848	-2.51626e-06	4.23847e-05	0.00144051	-0.00473965	0.0806157
0.000282185	-8.23625e-05	3.87227e-05	0.000347411	-0.00468628	0.0941778
0.000682442	-0.00042413	3.87869e-05	-0.0088543	-0.0101737	0.127074
0.000957073	-0.000605359	-0.000114781	-0.00474766	-0.0157495	0.143846
0.000931658	-0.000274335	0.000137544	-0.00412415	-0.00485759	0.119943
0.000665385	8.55349e-05	-1.67143e-05	0.00670065	-0.00924285	0.113205
0.000586304	0.000175498	6.86066e-05	0.00225941	-0.0181167	0.105984
0.000195443	-3.14969e-05	3.66157e-05	0.00462896	-0.00790019	0.0807408
0.000169565	0.000146245	7.11445e-05	0.00830033	-0.00311816	0.102618
0.000829989	0.000182713	3.75827e-05	0.00857886	-0.0136828	0.150509
0.00144512	0.000195791	9.7052e-05	0.00861782	-0.0142239	0.168455
0.00051476	-0.000320443	0.000130603	-0.000122542	-0.00239506	0.106586
0.000248828	-0.000171709	-7.70896e-05	0.00187787	-0.00807667	0.114816
0.000147039	0.000162603	3.32666e-05	0.00923943	-0.00698638	0.103095
0.00100061	0.000208226	-2.01569e-05	0.0165154	-0.0152039	0.139882
0.00144953	0.000207396	-0.000121038	0.00574147	-0.0177393	0.159552
0.00102352	-0.000426754	-3.05578e-05	-0.00509194	-0.011732	0.12858
0.00146275	-0.000269847	4.02414e-05	0.00177534	-0.020143	0.160768
0.00179722	-0.00019025	5.22613e-06	0.000322731	-0.0292679	0.178426
0.00135398	0.000166183	-0.000178306	0.0120941	-0.0322169	0.160589
0.000198201	1.22778e-05	-6.30079e-05	0.000565859	-0.0138715	0.0796178
0.000439476	-0.000270619	-9.86037e-05	-0.00675858	-0.0165271	0.114622
0.000367131	-8.29856e-05	-7.35822e-05	-0.00499797	-0.0237842	0.118038
7.66297e-05	-0.000193829	-3.36773e-05	-0.00936778	-0.011487	0.0994726
0.000107609	0.000167988	-8.43238e-05	0.0030741	-0.0144199	0.102903
0.000887843	0.000263459	-5.16851e-05	0.00199347	-0.0198985	0.121415
0.000757616	-0.000206913	-5.03946e-05	-0.00381133	-0.0215846	0.125038
0.00143185	-9.94571e-05	-7.47698e-05	-0.00383802	-0.0230241	0.158544
0.00168771	-6.10098e-05	-1.22606e-06	-0.00362935	-0.0239992	0.174261
0.00187966	-3.51332e-05	-0.000162636	-0.00330014	-0.0230522	0.186274
0.00156122	-0.000232785	2.68454e-05	-0.015637	-0.0208337	0.167535
0.00131795	-0.000553879	3.21742e-05	-0.0218747	-0.0225617	0.152067
0.00164096	-0.000410459	6.48769e-05	-0.0133152	-0.0181622	0.169481
0.000481322	0.000143143	-4.08591e-05	-0.00510104	-0.00528094	0.116145
0.000261218	-0.000110726	-3.23915e-06	-0.0148453	-0.0166592	0.105172
0.000293379	-0.000230313	-3.20783e-05	-0.0102444	-0.0160261	0.118581
0.00035249	-0.000163518	-5.05534e-05	-0.00657263	-0.0218511	0.113611
0.000114409	4.45696e-05	-4.98086e-05	-0.00514628	-0.018229	0.104195
-9.31411e-05	0.000226418	-3.39243e-05	0.0040555	-0.0124477	0.111018
0.00036155	0.000453257	5.97588e-05	0.00620738	-0.0162081	0.137687
0.000743972	0.00060167	3.02913e-05	0.0118376	-0.0140416	0.140874
0.000606589	0.000280382	0.000139381	-0.00020636	-0.0168569	0.122807
0.000347555	-0.000352536	0.000120573	-0.0107825	-0.020467	0.11743
0.000681837	-0.000463317	1.31838e-05	-0.0160599	-0.0194678	0.127849
0.00115952	-0.000470769	0.000134618	-0.016118	-0.0275917	0.142247
0.000289137	-0.000129255	6.51363e-05	-0.00314244	-0.0138024	0.105235
0.00113562	-0.000138813	4.51661e-05	-0.00500702	-0.0183382	0.156673
0.000906517	-0.000542082	3.14179e-06	-0.0123962	-0.0143498	0.137903
1.27272e-05	-7.9651e-05	9.74288e-06	-0.00250891	-0.00532358	0.111025
0.000616139	-0.000285027	3.94671e-06	-0.00877256	-0.00941298	0.137418
0.000965493	-0.000527164	-2.21177e-05	-0.0165859	-0.0136439	0.138774
0.00130832	-0.000589868	-0.000142722	-0.00502355	-0.011769	0.149591
0.00140408	-0.000715282	1.95452e-05	-0.0113213	-0.019057	0.158819
0.000328291	8.96232e-05	-1.43113e-05	0.000273547	-0.00763638	0.087807
0.000457848	3.7155e-05	-3.11395e-05	0.00153219	-0.00853273	0.0996641
0.000683624	0.00031921	3.95017e-05	0.0105722	-0.0135876	0.129416
0.000860823	-0.00016325	-7.57358e-05	-0.000922198	-0.0236807	0.139458
0.000814187	-0.000571559	1.68567e-05	-0.00839191	-0.0167854	0.135912
0.000481787	0.000142806	-3.02619e-05	0.00908368	-0.0111746	0.124018
0.00107357	0.00012565	-1.79442e-05	0.0094403	-0.0196134	0.154513
0.000434772	0.000108338	-5.04576e-05	0.012243	-0.0220157	0.106381
0.000469602	-0.000306826	3.27504e-05	-0.0012498	-0.0111246	0.111504
0.000742519	-8.85406e-05	-3.57824e-05	0.00907008	-0.0109585	0.12607
0.000830434	0.000352302	-0.000100147	0.0129353	-0.0160609	0.130673
0.00121921	0.000461544	-0.000223355	0.0188578	-0.028976	0.146002
0.000109434	2.70976e-06	-3.57484e-05	0.004749	-0.0146358	0.107976
0.000657867	0.000327762	-0.000141437	0.012466	-0.0202072	0.13251
0.00110551	0.000496539	-0.000148553	0.0213888	-0.0255659	0.145288
0.000410908	-4.65349e-05	-1.65851e-05	0.00383598	-0.018772	0.101581
0.000864715	0.000252536	-0.000197436	0.00929289	-0.0204021	0.121906
0.00137208	0.000167491	-0.000106761	0.00608297	-0.0227492	0.156234
0.00120417	0.000334036	-5.29923e-05	0.00252617	-0.0228538	0.153009
0.000268352	-3.33717e-05	-5.51193e-05	-0.00595387	-0.0158338	0.106469
-6.74852e-05	-0.000123801	-5.63944e-05	-0.00817709	-0.00737488	0.110485
0.00060341	-0.000153827	-9.99404e-05	-0.00782551	-0.0155571	0.148553
0.000588524	-2.23162e-05	-5.89101e-05	-0.0115564	-0.016604	0.121952
0.000735434	-5.79827e-05	-6.57549e-05	-0.0101116	-0.019604	0.128058
0.000967237	-0.000301489	-7.66652e-05	-0.0140983	-0.0232354	0.144948
0.000464891	-0.000236655	-0.000169186	-0.0118149	-0.0250351	0.108371
0.000306705	0.000267969	-9.15082e-05	-0.000834542	-0.0144632	0.118555
-0.000125689	8.95116e-06	-8.04502e-05	-0.00251473	-0.0129225	0.113737
0.000215965	3.84639e-05	-9.13426e-05	-0.00755547	-0.0110007	0.0801252
0.000665394	-0.00012573	-3.86892e-05	-0.0153463	-0.0138983	0.113833
0.000141555	7.93769e-05	-0.00010184	-0.00578399	-0.0166072	0.0973135
0.000332173	-0.000175931	-6.71746e-05	-0.0065962	-0.0137934	0.120703
0.00118921	-0.000174776	-3.00493e-05	-0.0019162	-0.0233367	0.155969
0.00164596	-0.000100581	-1.90967e-06	-0.000421319	-0.0305753	0.173973
0.0012169	-0.000538532	3.78825e-05	-0.00563381	-0.0218312	0.147302
0.000409957	-2.28578e-05	-8.4338e-06	-0.00840845	-0.0222272	0.114501
0.000640906	-0.000404831	-7.70752e-05	-0.0186665	-0.0206596	0.140251
0.00118947	-0.000479134	-0.000165475	-0.0150124	-0.0177508	0.160096
0.00155688	-0.000416265	3.53329e-05	-0.00549278	-0.0340526	0.174318
0.00131049	-0.000684738	3.93157e-05	-0.0103689	-0.0278688	0.148198
0.000618967	0.000182832	1.7215e-05	0.00376934	-0.0239008	0.111594
0.000882423	-0.000125572	-5.679e-05	-0.00823919	-0.0271632	0.131524
0.000975711	-0.000479986	-6.02645e-05	-0.0031521	-0.0285486	0.140159
0.000189634	0.000127459	-4.90824e-05	0.00271081	-0.0214388	0.0926711
0.000649442	1.02242e-05	-6.78845e-05	-0.00495817	-0.012242	0.120569
0.000524571	-0.000330728	-3.1174e-05	-0.0149761	-0.0172127	0.138642
-2.65994e-05	-0.000103648	-5.62928e-05	-0.00815649	-0.00762576	0.108469
0.00091023	1.75299e-05	-2.072e-05	-0.00734519	-0.0287751	0.134478
0.00146281	-9.53448e-05	3.3551e-05	-0.00383257	-0.0242776	0.160103
0.00141156	-0.000351025	-9.21526e-05	-0.00372754	-0.013669	0.154492
0.00148416	-0.000351923	4.60326e-05	-0.0142998	-0.0264159	0.15995
0.000171491	-0.000213015	-7.50403e-05	-0.0023848	-0.00647287	0.0977453
0.000544299	-0.000426583	-9.6543e-05	-0.0171671	-0.00551569	0.131555
0.000907069	-0.000613008	-0.000156819	-0.0102499	-0.0142585	0.149533
0.000992267	-0.000620801	-3.64764e-05	-0.0152176	-0.0163581	0.150994
6.78412e-05	8.45216e-05	-3.81458e-05	-0.00187875	-0.00532716	0.106911
0.000209132	-0.000213472	-9.5081e-05	-0.00392929	-0.0075968	0.112277
0.000913867	-0.000183118	-8.64939e-05	-0.00506836	-0.0172317	0.154854
0.000313923	-0.000192047	-6.64043e-05	-0.0138105	-0.0117387	0.126195
0.000124436	-9.603e-05	-5.43329e-05	-0.00451221	-0.00616371	0.125237
0.000306953	-5.97482e-05	-2.6399e-05	-0.00857376	-0.010817	0.129831
0.000381564	-6.91051e-05	6.90253e-06	-0.00469227	-0.0132484	0.0855744
0.000995078	-0.000141772	-2.27731e-05	-0.000727676	-0.0218498	0.133226
0.00149981	-1.27363e-06	-9.8374e-06	-0.00355806	-0.0146055	0.164103
0.001083	0.000507294	-5.51651e-06	0.0134072	-0.0186165	0.140494
-3.69602e-05	-0.00017054	-3.13657e-05	-0.0034972	-0.00974721	0.10902
0.000287346	-0.000109158	4.27498e-05	0.00191132	-0.0108001	0.110111
0.000952607	-0.000241132	-1.98132e-05	-0.00146059	-0.0150402	0.126953
0.00128418	-0.000302527	3.63492e-06	-0.00234411	-0.0187773	0.14769
0.00170221	-0.000169122	3.83412e-05	-0.005164	-0.023832	0.171558
3.80795e-05	-1.18101e-06	-6.34735e-05	0.000946509	-0.0135048	0.0888643
0.000305953	-9.21462e-05	-2.49449e-05	-0.00108361	-0.0150485	0.0878925
0.000129503	-1.11637e-05	-8.37981e-05	-0.000328162	-0.0158401	0.10255
0.00017313	-2.12742e-05	-8.20876e-05	-0.00422759	-0.00689479	0.113199
0.000147581	-3.14588e-05	-5.42333e-05	0.000894508	-0.00761607	0.103589
0.000980256	-4.58709e-05	-6.09566e-05	-0.00103088	-0.0152546	0.124281
0.000182848	0.000177177	-4.79406e-05	0.00840154	-0.00784553	0.0981552
0.000524708	0.000414201	9.14037e-05	0.0147747	-0.0162051	0.124001
0.00118687	0.000402485	-4.11642e-05	0.0101009	-0.023042	0.151474
0.0011876	0.000581057	6.05626e-06	0.0101675	-0.0151234	0.141815
0.00142658	0.000407515	-1.9859e-05	0.0120959	-0.0344171	0.163432
0.000864735	0.000192995	4.89332e-05	-0.000589738	-0.0045225	0.128739
0.000582757	-0.000365447	1.22411e-05	-0.00852696	-0.0110777	0.128407
0.000577663	-0.000132588	4.39744e-05	-0.0119294	-0.0104592	0.128206
0.000448694	3.00574e-05	-2.1818e-05	0.00430267	-0.0107353	0.112756
0.00098984	-0.000194243	3.48773e-05	-0.00258087	-0.0201879	0.139672
0.0012086	0.000195824	9.44345e-05	-0.00405416	-0.0138254	0.145907
0.00060097	-6.00806e-05	5.63862e-05	-0.00285142	-0.0138558	0.106998
0.00065019	0.000444778	8.58697e-05	0.0054492	-0.0101674	0.125193
0.0012141	0.000481595	-0.00018365	0.0101992	-0.0169706	0.141339
0.00167769	0.00021636	-4.5863e-05	-0.000393393	-0.0214292	0.170425
0.000970185	-0.000478218	3.41671e-05	-0.0153485	-0.0151841	0.131991
0.00136646	-0.000375893	-4.0822e-05	-0.0171876	-0.0396124	0.158822
0.000768562	-0.000330703	9.41418e-05	-0.00744779	-0.00625561	0.112252
0.000876961	-2.11674e-05	-4.41897e-05	-0.00158617	-0.0136859	0.121736
0.000944048	-0.000237174	7.48397e-05	-0.00982672	-0.025011	0.13853
0.000973485	-0.000523474	-4.43161e-05	-0.01222	-0.0175444	0.142227
0.000490454	-0.000329335	5.97262e-06	-0.00537014	-0.0021947	0.121881
0.000430926	-3.10891e-05	-8.11146e-06	-0.00106834	-0.0111653	0.0997536
0.000470488	8.90567e-06	3.22833e-05	0.00030858	-0.0109716	0.0948899
0.00111802	4.1718e-05	-1.1062e-05	0.00276259	-0.0174939	0.142632
0.00114722	0.000206829	-7.55109e-05	0.0132101	-0.0156859	0.147469
0.00107066	0.000568806	3.13999e-05	0.016045	-0.0189839	0.147242
0.00120628	0.000567266	-0.000129732	0.0238258	-0.0295676	0.148861
0.000837373	0.000282906	-1.00365e-05	0.00509431	-0.0158438	0.122637
6.55932e-05	3.34191e-05	-2.63854e-05	0.00481345	-0.00513149	0.106694
3.88567e-05	-0.000183675	-4.58072e-05	-0.000494222	-0.00932138	0.123137
0.000606985	-0.000454603	-9.08097e-05	-0.0165275	-0.00990279	0.138821
0.000818433	0.000233642	-2.47693e-05	0.00660329	-0.0128783	0.119624
0.000737022	0.000147223	6.50717e-05	0.00294624	-0.0121359	0.114714
0.000212423	2.57838e-06	5.7064e-05	0.000321879	-0.0094648	0.0805918
0.000728868	0.000167691	-2.31143e-05	0.00281057	-0.0148384	0.113151
0.00026699	-1.94166e-06	3.98274e-05	0.00157476	-0.00934711	0.0811268
0.000203056	3.3972e-06	4.29323e-05	0.00227824	-0.0071447	0.0798164
0.000196192	4.71759e-06	4.23897e-05	0.000893088	-0.00305925	0.115783
-0.000129394	7.56703e-05	5.00322e-05	0.00115799	-0.00590415	0.120474
0.000569709	0.000306103	5.90071e-06	0.00655707	-0.0147411	0.145399
0.000906284	0.000614424	4.75262e-05	0.0137814	-0.00842193	0.138245
0.00103289	2.01481e-05	-3.38591e-05	0.00615644	-0.0140121	0.13524
0.000183351	-0.00011502	3.0798e-05	0.00159956	-0.00865937	0.101405
0.000776671	0.000195693	-1.1039e-05	0.00350762	-0.0112496	0.110604
0.000624213	-7.34613e-05	9.68203e-05	-0.00310055	-0.00610635	0.0994132
0.000896955	0.00021281	5.13895e-05	0.00150036	-0.00871548	0.118884
0.00059318	-0.000174329	3.90873e-05	-0.00313779	-0.0080225	0.10962
0.000609332	-0.000519558	1.34435e-05	-0.0117634	-0.0143268	0.130322
0.00121534	-0.000453349	0.000175074	-0.00398201	-0.0176365	0.15797
0.000308148	-8.97929e-05	2.37891e-05	-0.00284772	-0.0109067	0.0943848
0.000638476	-0.000327977	4.01663e-05	-0.00799191	-0.0175832	0.133577
0.000657318	-0.000342525	5.22614e-06	0.00113218	-0.0137838	0.109687
0.000338859	5.15318e-05	-1.18375e-05	0.00287391	-0.0103788	0.110887
0.000316651	-2.19818e-05	0.000128848	0.00279226	-0.0103758	0.121433
0.000298345	-0.000191876	1.77011e-05	-0.00895259	-0.00968014	0.105787
0.00026931	9.08929e-05	1.70115e-05	0.00394429	-0.00667861	0.108812
0.000131833	-5.30305e-05	3.37298e-05	0.000239164	-0.00861143	0.114696
0.000670907	3.7114e-05	6.66123e-05	-0.0051535	-0.0151366	0.139371
0.00068248	0.00020744	4.08728e-05	0.0029575	-0.00910192	0.111689
0.000702964	7.28357e-05	-4.17033e-06	0.00064179	-0.0151004	0.129536
0.00037766	0.000215402	0.000110959	0.00501731	-0.0116374	0.105863
0.000341913	-0.000252968	4.44616e-06	-0.00474686	-0.00963872	0.122217
0.00115752	-0.000278308	-1.74607e-05	-0.00685323	-0.0192692	0.148971
0.00100781	0.000349248	-0.000104207	0.00543651	-0.0176735	0.125276
0.000856634	0.000141228	-7.36851e-05	0.00356621	-0.00663417	0.120293
0.000381087	4.03135e-05	1.89106e-05	-0.000237732	-0.0102418	0.0995004
0.00088418	-0.00011988	4.44261e-05	-0.004485	-0.00691425	0.126436
0.000412745	-0.000175597	3.25347e-06	-0.0123522	-0.0144409	0.113626
0.000150087	9.58182e-05	6.00483e-06	0.00111762	-0.00715677	0.0977377
0.000347257	0.000312859	-5.67589e-05	0.00813229	-0.0140237	0.136714
9.0578e-05	9.64991e-05	3.38353e-05	0.000312044	-0.0112351	0.0894804
0.000964424	1.27946e-05	-7.97004e-06	0.00176609	-0.0098305	0.127312
0.00149908	1.44764e-05	2.24221e-05	-0.00287126	-0.0251231	0.161317
0.000494415	-0.000224056	-6.17149e-05	0.000207979	-0.0157934	0.11698
0.000711817	0.000180156	-2.3543e-06	0.00525626	-0.0152161	0.134469
0.00147839	2.98336e-05	-3.86081e-05	0.000221563	-0.023033	0.160472
0.00142811	-0.000321738	-4.93043e-05	0.000465254	-0.0132508	0.154858
0.00117257	-0.000536594	1.57084e-05	-0.0109089	-0.0166337	0.14784
0.00125385	-0.000585665	0.000201506	-0.0203	-0.00524888	0.145416
2.6004e-05	0.000147984	-1.62025e-05	0.00562144	-0.00438886	0.10782
0.000159274	-1.45722e-05	-9.81797e-07	-0.000166824	-0.00755546	0.103231
0.000371574	1.89095e-06	-4.54586e-05	-0.000269967	-0.00949708	0.102833
0.000737683	0.000322135	5.01116e-05	0.00768327	-0.013978	0.121895
0.000207464	-0.000239737	-1.27236e-05	-0.00622673	-0.0104595	0.120768
5.34649e-05	7.91489e-06	3.65883e-07	0.000698131	-0.0114812	0.092144
0.000214598	-5.11266e-05	-1.04157e-05	-0.00202844	-0.0125001	0.0994249
0.000183066	0.000163662	-3.97088e-05	0.00201203	-0.00994025	0.0970146
0.00111536	0.000128582	-3.45247e-05	0.00365858	-0.0201114	0.142075
0.00115532	0.000441318	-5.96337e-05	0.0101748	-0.0184566	0.140331
0.00167359	0.00035826	-7.99274e-05	0.00985296	-0.0171713	0.1723
0.00189678	0.000292008	1.40966e-05	0.0119648	-0.0258603	0.18646
0.00145522	-0.000121158	0.000101308	-0.000591549	-0.0302613	0.160778
0.00123944	-0.000562904	0.000179992	-0.00888236	-0.0218116	0.146099
0.00141988	-0.000632593	7.10283e-05	-0.00837572	-0.0194561	0.159067
0.000231118	9.33108e-05	-4.08264e-07	0.000814672	-0.00785926	0.0953602
0.000626879	0.000320756	-1.05151e-06	0.00769201	-0.0133063	0.140361
0.000420641	-0.000128432	1.36792e-05	-0.00731609	-0.00731322	0.112464
0.000665334	-1.25952e-05	-1.12854e-05	0.00581949	-0.0110056	0.127083
0.000644267	0.000152298	4.18288e-06	-0.00173826	-0.0105072	0.135814
0.00103599	0.00040523	-0.000126295	0.00637143	-0.0188397	0.132161
0.00155651	0.000273063	-9.65532e-05	0.00655835	-0.0235997	0.16313
0.0015026	0.000426097	5.24864e-05	0.0033613	-0.0167309	0.160676
0.000142506	-7.60192e-05	4.03965e-06	-6.07169e-05	-0.00690987	0.105872
0.000241026	0.000255556	-7.90024e-06	0.00441291	-0.00808747	0.125849
-1.85831e-05	1.66737e-05	-1.44766e-05	-0.00225593	-0.0064382	0.124709
0.000490466	-7.03443e-05	-1.19161e-05	0.000773008	-0.0123764	0.1008
0.000404361	9.78242e-05	3.05948e-05	0.000571917	-0.010057	0.0896411
0.000559644	3.46341e-05	-1.86916e-05	0.00160164	-0.0077554	0.102714
0.000554852	0.000278278	1.98487e-06	0.00669148	-0.00789473	0.11404
0.000533892	0.000158917	-8.63782e-05	0.0104264	-0.0142393	0.106633
0.000150326	-6.70107e-05	3.26152e-06	0.00191673	-0.00558095	0.117532
0.000838989	-9.83542e-05	9.63527e-07	-0.00435701	-0.0165577	0.148208
0.00156967	-0.000167532	-3.49117e-06	-0.0037264	-0.023409	0.163938
0.00180227	-0.000121625	-3.76621e-05	-0.0020691	-0.0247746	0.182877
0.00211795	-1.04676e-05	1.29506e-05	-0.000302698	-0.00974079	0.192091
0.00132436	0.000575091	-1.79095e-05	0.00961862	-0.0200333	0.155296
0.00161232	0.000407565	-9.76742e-05	0.00781592	-0.0238201	0.173316
0.00184575	0.000266621	-0.000129087	0.00867422	-0.00929851	0.179387
0.00163795	0.000453245	3.91461e-05	0.00310925	-0.0164316	0.16755
0.000757888	0.000245785	-0.00012783	0.010653	-0.00672073	0.121352
0.000177599	-6.37917e-05	1.72831e-05	0.000988312	-0.00812063	0.0866806
0.000735873	-0.00013659	-3.04757e-05	0.00135209	-0.0134467	0.111882
0.000849608	6.66578e-05	4.05275e-05	-0.00384354	-0.0103513	0.124547
0.00118672	0.000187017	-8.77805e-05	0.00475484	-0.0193508	0.141732
0.0010926	0.000425657	1.55187e-07	0.0090311	-0.0178565	0.144474
0.00125882	0.000404699	-9.82781e-05	0.0161156	-0.0164874	0.150756
0.00127685	0.000650307	1.71863e-06	0.011207	-0.0165784	0.146184
0.00146795	0.000697523	-5.09751e-05	0.0099105	-0.0160714	0.158347
0.000295812	7.27136e-05	1.57331e-06	-0.00184844	-0.00805234	0.109605
-4.4441e-05	7.64719e-05	-2.17054e-06	0.000718476	-0.00661162	0.116596
0.000774553	0.000386624	-7.16631e-06	0.0202145	-0.0100427	0.13542
0.00104569	0.000591147	-1.2163e-05	0.0129707	-0.0200152	0.146193
0.00148976	0.000499115	-0.000107239	0.0085146	-0.0242587	0.164737
0.00177342	0.000412085	-1.6997e-05	0.0079191	-0.0254827	0.180437
0.00138652	-5.55238e-05	-0.000101985	0.00771575	-0.0150316	0.160655
4.74728e-05	8.24218e-05	2.48259e-06	0.00437514	-0.00898464	0.112294
0.000518704	0.000318006	4.54436e-06	0.00743691	-0.0132768	0.141702
0.00101502	0.000411769	-2.3985e-06	0.00898512	-0.018319	0.156142
0.00112064	0.000540233	-2.00661e-05	0.0104373	-0.0183137	0.159116
0.00138597	0.000748071	-7.92726e-05	0.0119913	-0.0178805	0.152463
0.00151587	0.000644434	-9.96266e-05	0.01381	-0.0235127	0.163491
0.001863	0.000436171	-2.54657e-05	0.0106605	-0.0251181	0.18379
0.0019856	0.000327078	-1.07749e-05	0.0111435	-0.02172	0.192914
0.00213171	0.000373526	-0.000171194	0.00780278	-0.021201	0.197165
0.00119736	0.000165892	6.34339e-05	-0.00541888	-0.0139758	0.140312
0.000673834	-0.000231054	1.03695e-05	-0.00665623	-0.0112245	0.1131
0.000343502	0.000123906	9.72679e-06	0.00345481	-0.0109087	0.106959
0.000578679	0.000429351	7.88262e-05	0.01069	-0.00999257	0.132084
0.000196257	-0.000147763	-4.77009e-06	-0.0056297	-0.00685909	0.124362
0.000721001	-0.000162446	-7.17678e-06	-0.0100681	-0.0181402	0.148992
0.00159352	-0.000239134	0.000119998	-0.00879526	-0.00982544	0.1617
0.0017728	-0.000150014	-3.21069e-05	-0.00307799	-0.0272591	0.179939
0.00152601	-0.000320063	-3.12809e-05	-0.000234685	-0.0173967	0.164749
0.00140922	-0.000575803	0.00020711	-0.0137906	-0.0218668	0.153721
0.00161511	-0.000392148	1.37757e-05	-0.00538248	-0.0277474	0.172902
0.00125228	-0.000683347	9.66974e-06	-0.0100714	-0.0191229	0.146356
0.00164405	-0.00053765	0.000205817	-0.0135278	-0.0063425	0.165275
0.00129126	-3.85158e-05	-4.66067e-05	0.00519337	-0.0271976	0.149348
0.000644329	0.000149869	2.18126e-05	0.00110733	-0.0222045	0.10841
0.000521866	1.7185e-05	-5.81949e-06	-0.000771317	-0.0107295	0.0956833
0.000723012	-0.000333424	6.84112e-05	-0.00816772	-0.0128801	0.110687
0.000591788	0.000190639	4.39211e-06	0.00439918	-0.0124122	0.109226
0.00118362	0.000154215	-4.81333e-05	0.00267029	-0.0198491	0.148571
0.00157883	8.49805e-05	-6.99974e-06	0.00250789	-0.0240761	0.168146
0.000958088	-0.000467965	-3.58709e-05	-0.0112052	-0.0166607	0.135928
0.000641891	-0.000277638	-8.77303e-05	-0.00030001	-0.0192653	0.121336
0.00107455	0.000112429	-5.57562e-05	-0.000329424	-0.0182329	0.130818
0.000862121	0.000499852	-9.02179e-05	0.00889987	-0.0160713	0.13302
0.00107116	0.000649	0.000117257	0.00237328	-0.0266302	0.145965
0.000221904	8.56906e-05	-1.16145e-05	0.00149551	-0.00902101	0.0959337
-6.0156e-06	-1.98031e-05	-3.48802e-05	-0.00291492	-0.00601822	0.0908363
0.0008315	7.25383e-05	-2.97113e-06	6.4171e-05	-0.0146762	0.12682
0.000717759	-3.61499e-05	5.54134e-06	0.000458454	-0.00734912	0.120709
0.000369266	-0.000385601	7.10464e-07	-0.00870568	-0.0131783	0.120391
-6.75751e-05	-6.02959e-05	-1.5922e-05	-0.00227037	-0.006852	0.116151
0.000169921	-0.000139293	1.21472e-05	0.00242524	-0.00871212	0.131995
0.000291777	-0.000187906	7.74835e-06	-0.00914223	-0.00792096	0.108302
0.000276845	4.6146e-05	-6.51092e-07	3.66479e-05	-0.00937671	0.0967436
0.00021398	-4.40432e-05	1.80502e-05	0.00530207	-0.00873264	0.113903
0.000502164	-8.352e-05	1.51662e-06	-0.000270189	-0.0137351	0.119423
0.00031464	-0.000246333	1.73632e-05	-0.0108916	-0.0040583	0.113605
0.000382586	-0.00029022	-2.54663e-07	-0.00979623	-0.0149173	0.128866
0.000435893	-0.000245294	1.35129e-05	-0.00092532	-0.00849598	0.111238
0.000278565	-0.000168233	-2.86578e-05	-0.00145419	-0.0125098	0.0939753
0.000331085	-8.56474e-05	3.86701e-05	-0.003713	-0.00962425	0.0884847
0.00101924	-0.000132072	1.36494e-05	-0.00532704	-0.0156461	0.136203
0.000688181	0.000410986	-1.85499e-05	0.0111833	-0.0116406	0.127432
0.00131302	0.00028241	-5.53922e-05	0.0106706	-0.0168882	0.148459
0.000948048	-0.000274799	-1.50085e-05	-0.00407003	-0.0127894	0.124255
0.000784109	-8.25897e-05	3.57156e-05	-5.19188e-05	-0.021413	0.118892
0.000305224	-7.41098e-05	-5.0236e-06	-0.00425839	-0.00985013	0.0950849
0.000241896	3.40793e-06	1.08922e-06	-0.000331026	-0.00878212	0.080655
0.000574052	-0.000103928	-1.32007e-05	-0.00512172	-0.0145986	0.115146
0.000916376	-0.000346369	0.000138769	-0.0116327	-0.0108031	0.138528
0.000954235	-0.000576508	5.10308e-05	-0.0188341	-0.0225159	0.140649
0.000167674	-5.10704e-05	8.27998e-06	-0.00457102	-0.00938966	0.114884
0.000124415	-5.1696e-05	-4.46735e-06	-0.00465282	-0.0104669	0.122192
0.000609483	0.000199251	-2.83991e-06	0.00897625	-0.0113434	0.131462
0.00103545	0.00036584	1.21631e-06	0.00806683	-0.0167368	0.15616
2.62899e-05	1.95117e-05	5.37546e-06	-0.00211759	-0.0091738	0.110409
0.00094282	-0.000180762	5.13591e-06	-0.00242479	-0.0138201	0.137206
0.00111888	-0.000222069	-1.21824e-05	-0.0111018	-0.0186438	0.144426
0.00109655	-0.000576749	4.148e-06	-0.012089	-0.0162174	0.141289
1.91206e-05	0.00017573	1.52305e-06	0.00534232	-0.00688894	0.105154
0.000106411	0.000112181	-1.99042e-05	-4.75971e-05	-0.00578557	0.0903396
0.000159706	0.000112978	2.36513e-05	0.00135014	-0.0104498	0.0994073
0.000234459	1.51953e-05	4.54232e-05	-0.00227713	-0.00873132	0.0955654
0.00063305	0.000181253	1.37727e-07	-0.00058107	-0.0116035	0.124434
0.000817506	0.000460089	3.73397e-05	0.00896974	-0.0189949	0.138879
0.00147155	0.000434917	-4.12766e-05	0.00787682	-0.0218987	0.161601
0.00137174	0.000480019	-4.47787e-05	0.00402211	-0.0177775	0.157856
0.000797032	0.00024894	-0.000156155	0.0122386	-0.013336	0.127849
7.80311e-05	7.71647e-05	-5.16523e-06	0.00398904	-0.00907758	0.11916
-0.000216449	0.000220437	-3.72488e-06	0.00160347	-0.00601214	0.106127
0.000716676	0.000174135	-2.63267e-05	0.00176994	-0.0152171	0.112501
0.00136924	9.04908e-05	1.5285e-05	0.00199036	-0.0227707	0.153688
0.00171969	1.75112e-05	4.28785e-05	0.000611674	-0.0260477	0.174631
0.00176143	-7.45185e-06	4.71646e-05	-0.000719593	-0.0266022	0.184116
0.000980782	0.000591534	1.57532e-05	0.0121326	-0.0233809	0.141241
0.000320741	2.13677e-05	-2.08827e-07	0.00163588	-0.014381	0.103534
0.00109327	-0.000178373	-9.69377e-06	-0.00264472	-0.0205577	0.147998
0.00125657	-0.000334346	-2.54711e-05	-0.00288507	-0.0187771	0.150754
0.00117449	-0.000557238	5.66938e-06	-0.00895109	-0.0162921	0.140141
0.000476303	9.27826e-05	-1.07392e-05	0.00247804	-0.014901	0.114708
0.00117219	-1.06078e-06	2.35292e-05	-0.000848238	-0.020479	0.150388
0.000854326	-0.000451868	-1.5807e-05	-0.010469	-0.0180114	0.13657
0.000433776	0.000208126	7.98699e-06	0.00340985	-0.0116317	0.127194
0.000880355	0.00045167	8.31325e-05	0.00659734	-0.0179395	0.13908
0.00113221	0.000545306	-1.80997e-05	0.0152201	-0.0166038	0.144268
0.00040763	3.32098e-05	5.34387e-06	-0.00104496	-0.0129228	0.0993179
0.000798739	-0.000268676	3.86937e-05	-0.00504798	-0.0176445	0.11703
6.52362e-05	-2.10125e-05	7.35586e-06	-0.0014963	-0.00583549	0.0870292
0.000239506	0.000157484	-9.08833e-06	0.00205898	-0.0115598	0.127605
0.000500844	7.93393e-05	2.55645e-06	0.00414025	-0.0089136	0.110186
0.000221822	-8.68794e-05	-9.20279e-06	-0.00509715	-0.0088015	0.0990123
0.000486544	6.70149e-05	-5.31057e-06	0.00433766	-0.0125355	0.120385
0.000164818	0.000114086	-2.07532e-05	-0.00186523	-0.0131388	0.121546
0.000208189	0.00010344	-2.92451e-06	0.00319682	-0.00853432	0.0977683
0.000958504	0.000246468	9.99022e-06	0.00530711	-0.0148666	0.148126
0.000382361	-7.45868e-05	3.76419e-05	-0.00298286	-0.00953391	0.0877382
0.000991495	-0.000152238	-3.60606e-05	-0.00398405	-0.0191253	0.139417
0.000485623	0.000261367	-0.000105192	0.00557015	-0.00825564	0.103701
0.000521588	0.000315901	9.16955e-06	0.00706172	-0.0139998	0.121999
0.000232866	-1.4065e-05	-3.45123e-06	-0.00067571	-0.00930029	0.0796569
0.000547453	-0.000201042	-9.78607e-07	-0.00155761	-0.00963576	0.122184
0.000925676	-0.000492093	-4.83654e-05	-0.00798523	-0.0148448	0.140083
0.00137272	-0.000500322	8.13541e-05	-0.0120704	-0.0255154	0.162988
0.00080865	0.000396277	-2.97556e-05	0.00454043	-0.014548	0.118609
4.15832e-05	-8.62443e-05	5.26386e-06	-0.00416066	-0.0090713	0.10745
0.000422644	4.82685e-05	-1.87132e-06	0.00258312	-0.00912852	0.0995617
0.000393432	0.000400689	-6.71364e-06	0.00927562	-0.0108754	0.127687
-0.000190993	-0.000117111	-6.16947e-05	-0.00231317	-0.00429457	0.106205
0.000405742	-0.000383584	-1.50565e-05	-0.00831781	-0.0132502	0.130209
0.000738377	5.74912e-05	3.43033e-05	-0.00712398	-0.0146634	0.136611
0.000478044	-0.000177607	-8.9086e-06	-0.00155364	-0.0147108	0.123243
0.000697776	-4.4156e-05	-5.24655e-06	-0.00436458	-0.00911679	0.12355
8.99718e-05	-0.000125724	1.05963e-05	-0.00147662	-0.00773697	0.104036
0.000295991	-0.000157953	5.3266e-05	-0.00233461	-0.008875	0.0941471
0.00061338	-0.000205615	-2.99182e-05	0.00127981	-0.0141094	0.116142
0.000981324	-0.000428672	4.19684e-06	-0.0097607	-0.0195803	0.140995
0.000922744	-0.000600492	-8.46318e-05	-0.0129183	-0.0199279	0.145634
0.000416387	0.000227466	2.96087e-05	0.00198107	-0.0119099	0.108703
0.000284736	-0.000114565	4.25481e-06	-0.00480447	-0.00908881	0.0926522
0.000875676	-0.000208681	-1.18476e-05	-0.00454131	-0.0144463	0.142316
0.00150368	-5.98543e-06	-3.45919e-05	-0.000790065	-0.0217143	0.160738
0.000870845	2.18791e-05	-4.25016e-05	0.002701	-0.0250614	0.131595
0.00022099	-7.16844e-05	-1.81607e-06	-0.0034599	-0.0101315	0.0977892
0.000196165	7.96142e-05	-2.17341e-05	-0.000653239	-0.0130133	0.115639
0.000688773	0.000433375	-1.01163e-05	0.0202258	-0.00856871	0.132199
0.00124751	0.000555429	-0.000162816	0.00930582	-0.0202289	0.144287
0.00147719	0.000460695	-9.24369e-05	0.00679921	-0.0210856	0.15875
0.00155514	0.000536785	1.51143e-05	0.00519914	-0.0178807	0.161569
5.75577e-05	2.70435e-05	2.08204e-06	0.00225144	-0.00907935	0.10692
0.000597096	0.000143753	3.59139e-06	0.00124952	-0.0102642	0.138647
0.00133506	5.27707e-05	8.47948e-06	0.00275289	-0.0186186	0.163742
0.00116621	0.000641409	-6.02715e-05	0.0114479	-0.0170364	0.139326
0.000289688	8.68495e-05	-3.35056e-06	0.00687732	-0.0095889	0.107072
0.00069458	-4.73275e-05	2.19583e-05	-0.00600624	-0.0174783	0.120169
0.000867385	-0.000408732	-1.67794e-05	-0.00887816	-0.0147774	0.132908
0.000476734	6.74171e-05	-6.24783e-05	0.00147664	-0.00897757	0.105732
0.000525433	0.000254314	1.17094e-05	0.00664554	-0.00858153	0.125488
0.000883806	-6.29776e-05	1.37552e-05	-0.00030616	-0.0172427	0.138632
0.000938952	-0.000358974	3.5963e-05	-0.00970792	-0.0178906	0.149498
0.00133957	-0.000548814	5.03546e-05	-0.00743322	-0.0174124	0.149263
0.000815888	-0.000163486	7.72925e-05	0.00115449	-0.0247407	0.130403
0.000432013	0.000396565	1.18085e-05	0.00856556	-0.0118348	0.115233
0.000553241	0.000149482	-1.04249e-05	0.00497426	-0.00793227	0.113436
0.000115037	5.56166e-05	3.98097e-06	0.00478006	-0.0066717	0.121598
-1.02606e-05	1.03408e-05	5.39851e-06	0.00358163	-0.00642501	0.128303
-8.27073e-05	7.62031e-06	1.35766e-05	-0.000361471	-0.00921171	0.100293
0.000360449	-0.000121375	-1.02474e-05	-0.0012478	-0.0108713	0.0887531
0.000510304	0.000191701	3.20447e-05	0.00277673	-0.0161104	0.122643
0.00139441	0.000133526	6.25375e-06	0.004121	-0.0225686	0.155467
0.000572671	0.000230234	-5.45314e-05	0.0079653	-0.00932629	0.118051
0.000538888	-0.000140031	1.7565e-05	-0.00469973	-0.0118434	0.135115
0.000913361	-0.000311689	-1.36728e-05	-0.00594583	-0.0136079	0.123375
0.00149	-0.000163556	6.92999e-05	-0.00229631	-0.02114	0.166095
8.70009e-05	-0.000173112	1.60043e-05	-0.00449574	-0.00793175	0.104443
0.000793044	-0.000321792	-2.90254e-05	-0.00747971	-0.0138718	0.117321
0.000574646	-0.000149988	-1.44269e-05	0.00268933	-0.0202127	0.130339
0.000135149	7.67694e-05	-1.55665e-05	0.00275451	-0.00491868	0.10162
3.31326e-05	9.19703e-06	2.48037e-05	0.000717734	-0.00941586	0.0915816
0.000719346	0.000168393	1.33247e-05	0.00376938	-0.00985118	0.13322
0.000697391	-0.000395083	-2.31745e-05	-0.0103196	-0.0134414	0.125141
0.00112528	-0.000459845	9.22351e-05	-0.00770865	-0.0150633	0.149449
0.00162678	-0.000416885	0.00013409	-0.00616714	-0.0236879	0.169487
0.00189847	-0.000307858	0.000152979	-0.0113043	-0.00919709	0.182597
0.00135793	-0.000725826	8.09017e-05	-0.011663	-0.0176517	0.149617
0.000495732	0.000264894	8.34982e-05	0.00217579	-0.0165309	0.110328
0.000993915	0.000449696	-1.28292e-05	0.00851358	-0.0210182	0.138854
0.00126377	-2.97104e-05	-3.09584e-05	0.00248046	-0.00870173	0.136494
0.000912185	-4.15515e-06	0.00013419	-0.0058684	-0.0137438	0.123835
0.000680425	0.00041289	1.2021e-05	0.00814962	-0.0145203	0.132921
0.00109394	0.00052497	3.88788e-06	0.00791714	-0.01743	0.143802
0.00114921	0.00048965	-2.34305e-05	0.0222901	-0.0095201	0.149941
-2.25106e-05	2.03573e-05	2.17099e-05	0.00195122	-0.0077688	0.0981073
0.000363199	0.000111075	-4.88962e-06	0.001581	-0.00916135	0.105119
0.000497345	0.000226226	-9.89388e-07	0.0056668	-0.0191744	0.123015
0.00073532	0.000109499	9.99264e-06	0.00543688	-0.0103497	0.119102
0.000513613	-0.000273812	-6.52403e-06	-0.00312161	-0.0137654	0.10505
0.000442954	0.000182451	3.01998e-05	0.00142652	-0.0141533	0.121373
0.00117298	0.000214855	2.30143e-05	0.00416511	-0.0199952	0.156447
-3.91829e-05	0.000189354	8.67176e-06	0.00250987	-0.00628574	0.0982475
0.000122057	0.000149864	3.37435e-06	0.00593282	-0.010584	0.100897
0.000644055	0.000190399	-1.42028e-05	0.00703801	-0.0100736	0.1134
0.000453242	0.000199721	2.35418e-05	0.000192569	-0.0142487	0.103447
0.000607138	-0.000214252	3.49093e-05	-0.00511402	-0.00907691	0.124548
0.000480287	-0.000229757	2.7666e-05	-0.0102198	-0.00984776	0.106031
0.000770468	0.000146058	1.83446e-05	0.00277914	-0.0164136	0.130453
0.000719513	-4.85016e-05	1.81099e-05	0.000587629	-0.00820467	0.121415
0.000676397	-0.000179207	-4.88931e-06	-0.00264912	-0.0135553	0.133905
0.000221881	-6.2618e-05	6.53795e-06	0.000361246	-0.00902824	0.0949146
0.000306409	-0.000135212	-4.18216e-06	-0.000279371	-0.0111053	0.093474
0.000212073	4.84395e-05	5.83622e-06	0.00192419	-0.00934971	0.0988633
0.00059364	-0.000246062	1.05669e-05	-0.00259742	-0.0131616	0.122331
0.00040876	-0.000232893	1.06915e-05	-0.00846663	-0.00911227	0.113469
0.000423567	2.04325e-05	1.58041e-05	0.00272461	-0.0137726	0.105132
0.000646911	-0.00026761	1.60292e-05	-0.0141229	-0.0125053	0.128653
0.000513404	-9.71513e-05	5.89796e-06	0.00500396	-0.0175773	0.131141
-4.44711e-05	0.000269518	-2.6715e-05	0.00620174	-0.00647331	0.112146
8.2422e-05	0.000244798	-1.3886e-05	0.00404241	-0.00652637	0.119457
0.000857643	-0.000191889	9.51211e-05	-0.00579112	-0.0102955	0.13834
0.00149155	-0.000263593	-4.79378e-06	-0.00297032	-0.0222853	0.161785
0.0016949	-6.72783e-05	-3.13453e-05	-0.00296265	-0.025159	0.177835
0.000647957	-0.00019828	1.50334e-06	0.00297348	-0.0179737	0.124772
0.000625292	-0.000147285	-2.59105e-05	-0.00726718	-0.0166648	0.131501
-6.54663e-05	-5.36598e-05	7.50807e-06	-0.00326261	-0.00445594	0.114502
0.000343533	-0.000332222	-1.30624e-05	-0.0085243	-0.00934656	0.139037
0.00126247	-0.000440407	-1.10132e-05	-0.00867185	-0.015686	0.160905
0.00168736	-0.000218508	3.7259e-06	-0.00445357	-0.0240033	0.176373
0.00131172	0.000181275	5.13115e-05	-0.00244109	-0.0149176	0.155105
0.000753247	0.000217038	-0.000115797	0.0108729	-0.0110423	0.115743
0.000531333	-0.000223749	7.24076e-05	-0.0053737	-0.0104409	0.110468
0.00124619	-0.000202496	3.44475e-05	-0.0052938	-0.020537	0.144996
0.00167274	-9.96234e-05	8.90953e-05	-0.00242361	-0.0182603	0.169788
0.000858798	-2.41449e-06	-6.45278e-05	0.00683942	-0.0203013	0.13465
0.000175071	0.000314858	-2.18057e-07	0.00779681	-0.00790738	0.11645
6.79954e-05	0.000216014	7.34831e-05	0.00432888	-0.0151064	0.121812
-0.0001051	6.47854e-05	5.24303e-05	0.00225914	-0.00449472	0.11406
0.000137648	0.000365618	8.2054e-05	0.0110748	-0.0100412	0.131572
0.00057361	0.000243975	1.34706e-05	-1.68805e-05	-0.0159854	0.117825
0.00042995	5.10643e-05	4.56977e-06	0.0018159	-0.00946595	0.100683
0.00121047	0.000113799	2.37369e-05	0.00515211	-0.0239477	0.149973
0.000515292	-0.000281076	-3.15634e-05	-0.00234989	-0.00999528	0.104173
0.000932041	8.55759e-05	7.5862e-06	0.000471167	-0.014674	0.124875
0.000952492	0.00037926	-1.04465e-05	0.00770422	-0.015389	0.141349
0.000628677	0.000179275	4.51171e-05	-0.00100297	-0.023447	0.131594
0.00036976	9.04931e-05	-4.7772e-05	0.00254766	-0.00932748	0.0879698
0.000336324	0.000179627	-1.64907e-05	0.0016321	-0.0150377	0.100464
0.000638688	-0.000150867	4.07745e-05	-0.0034323	-0.00990948	0.115813
0.00123923	-0.000135226	1.67635e-06	-0.000927715	-0.0184992	0.151684
0.00080323	0.000426457	-5.19584e-06	0.0101377	-0.017302	0.133361
0.00119759	0.00050404	-9.76649e-05	0.0109985	-0.0199113	0.149842
0.0014187	0.000671659	-0.00015997	0.011746	-0.0226176	0.155835
0.000250734	-6.37832e-05	-1.89245e-05	-0.00122211	-0.00819565	0.0943564
0.000649093	0.000144085	-3.00531e-06	0.00646417	-0.0128967	0.117422
0.000893842	0.000274174	-2.68128e-05	0.011454	-0.0133886	0.142973
0.0010446	0.000605315	1.35356e-05	0.0140998	-0.0200573	0.145931
0.000420408	-0.000186866	-8.09933e-06	-0.00591598	-0.0111041	0.123575
0.000481401	-3.25509e-05	4.15816e-06	0.00512429	-0.0143865	0.131397
0.000322491	-2.58812e-05	-5.18183e-06	0.000249451	-0.0106689	0.104126
0.000580102	-0.000122416	1.79732e-05	-0.00615038	-0.013391	0.135101
0.000780008	-0.000320369	-2.99698e-05	-0.00841075	-0.0176556	0.148953
0.000631727	0.000111183	-4.66259e-05	0.000922638	-0.0146955	0.110937
6.8231e-05	-6.66714e-05	-4.06769e-05	-0.0030903	-0.00917707	0.0879948
0.000146448	-5.60372e-05	1.76216e-05	0.00313345	-0.00925093	0.105028
0.000181369	-0.000114353	-1.20768e-05	-0.00694998	-0.00870857	0.101495
0.000478317	0.000318791	6.47299e-06	0.00590951	-0.0103654	0.118508
0.00119638	0.000416737	-4.00699e-06	0.00837691	-0.0211117	0.154071
0.000980035	0.000112636	-0.000120551	0.00803814	-0.0152215	0.127543
0.000841897	0.000142006	-6.5652e-07	0.000536158	-0.0140958	0.128254
0.00133752	4.25604e-05	-1.20739e-05	0.00051959	-0.0235338	0.160132
0.00144229	0.000265627	8.00002e-06	0.00103982	-0.0105982	0.150934
0.00138592	0.000365056	-9.1103e-05	0.00527741	-0.0189384	0.154085
0.00110594	-9.4743e-05	-0.000148964	0.00456714	-0.0184907	0.144855
0.000724679	-6.61255e-05	5.01201e-05	-0.00305504	-0.0184931	0.136581
0.00124071	0.000183694	-8.77401e-06	0.00494913	-0.0218706	0.155414
0.00178116	0.000162074	-4.81807e-05	0.00202442	-0.00895733	0.17585
0.00151127	0.000351717	-1.3315e-05	0.00779966	-0.0249289	0.165645
0.000113642	-0.000175024	-1.7618e-05	-0.00914785	-0.00954326	0.106146
0.000580954	0.000314614	-1.45136e-05	0.00458206	-0.00928981	0.121539
0.000352142	0.000216289	3.36541e-05	0.000772381	-0.017056	0.123841
0.000208645	-9.13721e-06	-2.23399e-05	0.00402592	-0.00585309	0.124253
0.000445441	0.000326157	1.59049e-05	0.00787972	-0.0137336	0.139469
