0.00120884	-3.71864e-05	-7.6702e-05	-6.34464e-06	-0.0221922	0.152692
0.00104859	0.000552232	3.02615e-05	0.0120107	-0.019818	0.141291
0.00130205	0.000589664	-3.86932e-05	0.0100909	-0.0207585	0.142029
0.000407052	2.88635e-05	-2.01645e-05	-0.000130594	-0.0129535	0.0872086
0.000215914	-9.03167e-05	-1.27246e-05	-0.000570907	-0.00861544	0.0812856
0.000820691	3.4388e-05	-1.52908e-06	0.000389968	-0.0162294	0.120781
0.00123065	1.39371e-05	-5.29775e-05	0.00123076	-0.0211115	0.136643
0.00143509	-6.94074e-05	-3.08946e-05	-0.000643359	-0.0231299	0.145433
0.00116861	0.000194613	7.78257e-05	-0.000947306	-0.0161997	0.122915
0.000947568	0.000449462	1.75211e-05	0.00497887	-0.0171397	0.111754
0.00100234	0.000470562	-8.37327e-05	0.0131619	-0.0155088	0.114506
0.000465737	-0.000228164	-3.94051e-05	-0.00393258	-0.0122158	0.0823767
0.000748078	-0.00032849	3.09025e-05	-0.00928514	-0.0181342	0.0983805
-3.83025e-05	-0.000119999	-6.78209e-06	-0.00104454	-0.00724483	0.0625445
0.000212609	-0.000259643	-7.45015e-06	-0.0029904	-0.00940119	0.0845866
0.000418134	-0.000319547	1.01291e-06	-0.0154245	-0.00940225	0.0927215
0.000577548	-0.0003316	3.35333e-05	-0.0156398	-0.00896066	0.0923899
0.000731243	-0.000369754	1.18819e-05	-0.00637037	-0.0160442	0.0960564
6.23609e-05	-3.96547e-05	1.05411e-06	-3.39016e-05	-0.00838593	0.0527155
6.07051e-05	-0.000101085	-9.26329e-06	-0.00281601	-0.00934174	0.0625716
0.000216108	-0.000100403	-5.61319e-06	-0.000757326	-0.00919304	0.0637445
0.000131496	4.89899e-05	-7.93719e-06	0.00139531	-0.00866568	0.0559763
7.6311e-05	-0.000134474	-3.24016e-06	-0.00403996	-0.00929566	0.0730126
-8.01194e-05	-7.13492e-05	-3.43145e-06	-0.00167591	-0.00719573	0.0587801
3.09512e-05	0.000123714	-1.04046e-05	0.00241785	-0.00819552	0.061235
3.45764e-05	0.000127737	3.32753e-05	0.00184042	-0.0102631	0.0662497
0.00017101	0.00015553	1.8628e-05	0.00355371	-0.0113577	0.0709526
0.000393424	0.000260046	-2.31908e-06	0.00589762	-0.00802558	0.0809838
0.000694295	0.000310223	-3.2921e-05	0.00388306	-0.0124878	0.0832343
0.000935556	0.0001527	-8.29234e-05	0.00467777	-0.00887634	0.0948766
0.000286561	0.000205485	2.77012e-05	0.000365238	-0.0127822	0.0650356
0.000226392	0.000103114	-1.00323e-05	0.00240383	-0.00884663	0.0682121
0.000698088	5.3756e-05	-1.90071e-05	0.00338341	-0.0133402	0.0802459
0.000866746	2.27323e-05	-3.36356e-06	0.00121268	-0.0172084	0.0929862
0.000524544	-0.000296459	9.74842e-06	-0.00659969	-0.0142633	0.0723811
0.000650172	-0.000301689	6.09884e-05	-0.00552398	-0.0155003	0.0797217
0.000887287	-0.000232883	0.000106249	-0.00791938	-0.00856818	0.092691
0.000728583	-0.000354739	1.83229e-05	-0.00553892	-0.0148925	0.0840866
0.000752205	-0.000361141	5.81263e-06	-0.00100309	-0.0143631	0.0862013
0.000805648	-0.000357391	0.000189979	-0.0123645	-0.0117919	0.0863829
0.000770285	-0.000399119	1.37273e-05	-0.00680331	-0.0146551	0.0860075
0.000807331	-0.000438564	3.9574e-05	-0.0069978	-0.015681	0.0871834
-5.41098e-05	5.93446e-05	-1.01443e-05	0.000690161	-0.0083647	0.0540179
0.000195783	-0.000109155	3.88108e-05	-0.00319403	-0.0085913	0.06585
2.38217e-05	4.86643e-05	-6.35649e-06	0.00181582	-0.00820506	0.0596862
0.000122675	7.45092e-05	-3.49772e-06	-0.000133363	-0.0102138	0.0619328
8.69607e-05	2.46119e-06	-2.42189e-06	-2.10882e-05	-0.00925182	0.0462126
0.000424814	-5.01446e-05	1.16744e-05	-0.000670493	-0.0142536	0.073726
0.000775364	-6.55172e-05	6.54701e-06	-0.00339177	-0.00903433	0.0917317
0.000489533	-7.31586e-05	2.43686e-05	2.68379e-05	-0.0182636	0.0741609
0.000245515	-1.93032e-05	6.82615e-06	-0.000541076	-0.0117244	0.0591146
0.000323377	-0.00014434	-1.25892e-05	-0.00103092	-0.0102981	0.0711296
0.00039256	-7.39507e-05	3.0969e-05	-0.00307827	-0.0103664	0.0632878
0.000229682	9.44331e-06	-5.52705e-06	-0.00171783	-0.00955974	0.0640799
4.49256e-06	6.73645e-05	3.65492e-06	0.00132321	-0.00965098	0.0737633
0.000259252	0.000237352	-4.34657e-06	0.00496163	-0.0130605	0.0850338
0.000537509	2.53919e-05	-1.75191e-05	0.00481148	-0.010826	0.0830728
0.000559872	-0.000265638	3.16822e-05	-0.00446861	-0.0133425	0.0823722
0.000642622	-0.000376264	-3.81923e-05	-0.00747056	-0.0137884	0.0895776
0.000730539	-0.000432176	3.73555e-05	-0.00770211	-0.0144778	0.0940002
0.000855627	-0.00041736	7.23897e-05	-0.0066149	-0.0182813	0.100181
0.000428809	0.000161348	-3.03373e-05	0.00207856	-0.0135138	0.0759467
0.000427136	5.59728e-05	-1.50877e-05	0.00384029	-0.0103394	0.078031
4.77078e-05	-6.25635e-05	-9.49113e-06	-0.00234146	-0.00675468	0.0750469
0.000165215	0.000121806	1.00614e-06	0.00133352	-0.010269	0.0924716
-0.000175609	-0.000182102	-2.44229e-05	-0.00175422	-0.00843094	0.0766201
-7.36266e-05	-0.000210981	-3.64196e-06	-0.00557098	-0.00598304	0.0814624
-0.000205486	-0.000193186	-3.38865e-05	-0.00163968	-0.0066957	0.0875219
0.000232063	-2.05863e-05	-1.01651e-05	-0.00386874	-0.0104833	0.102144
0.000514869	0.00011191	-9.69048e-06	3.75439e-05	-0.0128002	0.104001
-0.000133759	-6.36757e-05	-6.23184e-06	-0.00123959	-0.0055586	0.0772842
0.000371415	-0.000112762	-4.05679e-06	-0.000659638	-0.0133071	0.108014
1.19509e-05	7.41061e-05	2.00011e-05	0.0013107	-0.00881916	0.0706539
0.000385319	0.000193937	-4.0039e-06	0.00581202	-0.00885479	0.10013
0.000654756	2.69592e-05	1.87976e-05	-0.00380456	-0.0165774	0.106931
-4.34956e-05	0.000159938	1.52081e-07	0.00515426	-0.00721814	0.0857925
-7.69841e-05	1.37993e-05	-1.12412e-05	-0.000993278	-0.00509391	0.0936357
0.000349388	0.00016407	1.34325e-05	0.000729374	-0.00867679	0.0980541
0.00104944	9.43621e-05	-8.54431e-05	0.00225183	-0.014928	0.119561
0.00136593	7.96602e-05	-3.8038e-05	0.00253185	-0.00895641	0.13703
0.00117457	0.000265784	-0.000153802	0.0083573	-0.0207762	0.129869
0.00108637	0.000491014	9.44259e-06	0.00745557	-0.0178362	0.122783
0.00109157	0.000474877	-9.42831e-05	0.0083854	-0.0204899	0.126629
0.000484455	-4.80232e-05	7.69772e-05	-0.00444181	-0.0109294	0.0841171
0.000829286	0.000120527	3.30224e-05	0.0030693	-0.0181848	0.115827
0.000544376	-6.29638e-05	6.64204e-05	-0.00379976	-0.00909438	0.0854134
0.000648463	0.000267289	4.38358e-06	0.00324017	-0.010455	0.104135
0.000569785	8.61604e-05	-1.54332e-05	0.0056737	-0.0152021	0.116511
0.000840996	-0.000337284	5.45693e-05	-0.0141715	-0.0143786	0.119223
0.000416867	0.000211374	1.45032e-05	0.00447443	-0.0159393	0.111536
0.00112459	0.000308474	-0.000106695	0.00491584	-0.0214144	0.131556
0.00108871	-0.000105159	-4.39662e-05	0.00255444	-0.0146417	0.128084
0.000490679	-0.000187031	1.88803e-05	-0.00927348	-0.0101195	0.0972419
0.000201831	-8.62393e-05	6.62929e-06	-0.000229356	-0.010051	0.0856541
-5.92825e-05	0.000131879	3.07073e-05	0.000554059	-0.00818882	0.10209
-0.000250953	-0.000138382	2.69715e-05	-0.000252729	-0.00638543	0.097008
-3.22542e-05	-0.000179425	-4.27861e-05	-0.00379032	-0.00849701	0.103935
0.000107597	5.04408e-06	1.27526e-05	-0.000734918	-0.00998636	0.0914239
0.000648854	-0.000204299	5.85117e-05	-0.00956522	-0.013282	0.123191
0.00131984	-0.000193121	-3.5954e-05	-0.00799578	-0.0154462	0.150643
0.000924188	-0.000518529	8.02793e-06	-0.0115067	-0.0157113	0.1339
0.00108158	-0.000460959	8.66729e-05	-0.0123041	-0.0219989	0.142835
0.00147011	-0.000440185	0.000154143	-0.00680606	-0.0159284	0.156874
0.000501528	0.000350933	-1.18805e-05	0.00647222	-0.0129148	0.118034
0.000894719	0.000411039	-8.84659e-06	0.00860655	-0.0189424	0.137144
0.00152439	0.000355278	-8.32124e-05	0.00225702	-0.0192912	0.157552
0.00152166	0.000486776	3.76231e-06	0.0041418	-0.0168662	0.156564
0.000111453	1.56271e-05	-1.26823e-05	-0.00288117	-0.00779633	0.0941904
0.000567884	-0.000262686	-2.11407e-05	-0.00165819	-0.0119918	0.111142
0.0006949	-0.000482299	1.88819e-06	-0.00967767	-0.0157087	0.128968
0.000103812	6.28417e-06	1.10519e-05	0.000104632	-0.00683786	0.0847518
0.000307762	0.000208193	4.66051e-06	0.00268776	-0.00930589	0.121778
-0.00013995	6.44728e-05	-4.93251e-05	-0.000492283	-0.00610118	0.0983569
0.000158364	0.000139531	-3.21482e-06	0.00612762	-0.0103617	0.115642
-0.000135006	4.28699e-05	3.01662e-05	0.00153995	-0.00722946	0.118837
0.000874507	-0.000185863	7.16909e-05	-0.0110075	-0.0169718	0.139467
0.0013899	-4.03858e-05	-4.88695e-05	-0.00230912	-0.0237802	0.160623
0.000124295	6.16102e-05	1.82494e-05	0.00173207	-0.00894933	0.0837557
0.000446232	0.000127255	-2.25087e-05	0.00538664	-0.015259	0.121406
0.000946471	0.000178313	1.15497e-05	-0.00070388	-0.0161296	0.142165
0.00105867	0.000402771	-3.8496e-06	0.00701878	-0.0194097	0.144931
0.00115157	0.00058192	7.17357e-06	0.0117706	-0.021881	0.145392
0.000191827	-6.3899e-06	-3.5886e-06	0.000149332	-0.00929161	0.0798231
0.000743111	-8.97456e-05	1.73453e-05	-0.0011375	-0.0166811	0.127748
0.00104368	0.000152786	3.28219e-05	-0.0030653	-0.011129	0.135845
0.000481169	0.000187974	-2.888e-05	0.00679185	-0.00593626	0.114268
0.000366168	8.2242e-05	-5.51883e-06	0.00317878	-0.0133295	0.0885643
0.000528075	0.000156648	2.70328e-05	0.00200003	-0.00786299	0.110371
0.000146368	0.000167581	-2.48637e-06	0.00381925	-0.00595753	0.115043
8.54403e-05	0.000325631	2.69937e-06	0.00821595	-0.00320264	0.131815
0.000127267	0.000163345	7.10599e-05	0.00991188	-0.0126075	0.127122
0.000726122	-0.000126827	-1.69004e-05	-0.00402565	-0.0101328	0.127478
0.000514407	-0.000110289	-3.44912e-05	-0.000398613	-0.0050185	0.119675
0.000931338	0.000138209	-1.9783e-06	0.00160946	-0.0162501	0.139544
0.00073666	-0.0004167	7.14029e-06	-0.0104111	-0.0126705	0.128936
0.00040211	-0.000260933	8.35043e-06	0.000595484	-0.00849631	0.124915
0.000179554	0.000110408	-2.30127e-05	0.00463573	-0.00251987	0.118429
0.000596918	0.000403012	-1.91623e-05	0.0193484	-0.00895434	0.137873
0.00041174	0.00017034	-5.43686e-05	-0.00173942	-0.0176906	0.120778
-0.00013566	-0.000216009	1.89939e-05	-0.00282817	-0.00111681	0.104266
0.000552549	-0.00026256	4.95478e-05	-0.00283129	-0.00712764	0.126
0.00105275	0.000105833	1.16287e-05	0.00956024	-0.0206182	0.136765
0.00104472	0.000480407	-1.71557e-05	0.00950952	-0.0182944	0.146448
0.000877261	4.34706e-05	-1.27284e-05	0.00871006	-0.0113834	0.141938
0.000782065	-0.000398986	-3.19708e-05	-0.00833491	-0.0195742	0.137499
0.0014863	-0.000286461	6.11861e-05	-0.00720642	-0.0172936	0.160939
0.000194826	-3.71797e-07	1.77725e-05	-0.000272483	-0.0101824	0.0815367
0.000259087	9.06539e-05	2.84205e-05	0.00277191	-0.00952936	0.0955214
0.000288784	0.000142759	6.05809e-05	0.00225515	-0.0137067	0.0933153
0.000558094	0.000159491	-2.12203e-06	0.0036838	-0.00755137	0.106785
0.000803902	-0.000124665	-5.5571e-06	-0.000610622	-0.0154261	0.130325
0.00135706	-0.000130638	-6.30128e-05	-0.00296185	-0.0250878	0.163546
0.00176238	-0.00012709	8.27119e-05	-0.00129876	-0.0268036	0.180527
0.00191606	-6.91194e-05	9.2033e-05	-0.00150461	-0.0288302	0.189571
0.00159773	0.000238224	7.89342e-05	-0.00137697	-0.0143701	0.164026
0.000419291	-0.000319059	-1.51151e-05	-0.00335516	-0.0113794	0.113623
0.00101305	-0.000325195	4.74595e-05	-0.00875615	-0.0196082	0.148239
0.00140643	-0.000162777	-9.61186e-06	-0.00316725	-0.0237964	0.164973
0.00136013	-0.000260327	-7.08622e-06	-0.000115016	-0.0181271	0.157242
0.00147216	-0.000332426	0.000107297	-0.00885363	-0.02459	0.165331
0.00137107	0.000161424	4.14406e-05	-0.00352333	-0.0144755	0.150777
0.000123156	-8.72313e-05	1.20638e-06	-0.00406263	-0.00896467	0.103347
-0.000223881	-2.2905e-05	-2.32397e-05	-0.00106955	-0.0062799	0.10747
0.000564902	3.15071e-05	-1.02092e-05	0.00120106	-0.00998621	0.0974483
0.000960376	0.000229463	-2.69312e-05	0.00808293	-0.0196608	0.131639
0.000409408	3.36992e-05	3.7661e-06	0.00105855	-0.00921288	0.0997694
0.000922856	-0.000311694	-9.56679e-06	-0.00609844	-0.0140978	0.122904
0.00142201	-0.00021805	0.000101744	-0.00638042	-0.0224571	0.155806
0.00172151	-7.80945e-05	7.79504e-05	-0.00251207	-0.0265976	0.179304
0.00156231	-0.000388931	-6.93397e-05	-0.00217641	-0.0186587	0.164139
0.000671016	-0.000271848	9.51057e-05	-0.0058446	-0.00406198	0.121759
-4.23825e-05	-2.5599e-05	4.32415e-05	-0.000524587	-0.00536433	0.114043
2.55055e-06	-0.000147346	-4.11038e-06	-0.00364894	-0.00958485	0.117045
0.000576837	-0.000172091	-6.96368e-06	-0.00492498	-0.0149951	0.140257
0.000428898	1.56548e-05	1.32756e-05	-0.000271467	-0.0147353	0.0997258
0.00110002	6.59889e-05	6.11459e-05	4.90728e-05	-0.0207739	0.150509
0.00025618	-0.000143419	-2.12495e-05	-0.000310653	-0.0110541	0.0919293
0.000297038	-0.000164031	-6.95934e-06	-0.0078967	-0.00823998	0.116471
0.000929096	0.000235148	-2.20534e-05	0.00446313	-0.0145989	0.138942
0.00146617	8.09888e-05	3.11023e-05	0.00266402	-0.0239662	0.162294
0.00174504	-6.00581e-05	-5.65889e-05	0.00271658	-0.0250955	0.178313
0.00191248	2.44771e-05	7.14646e-05	0.00189636	-0.026946	0.189368
0.000213536	-0.00020424	6.54982e-06	-0.00821476	-0.00915821	0.0994971
0.000991576	-0.000168045	3.52991e-05	-0.00676108	-0.0109309	0.136376
0.000304637	0.000116758	1.20074e-05	0.00364087	-0.00625723	0.0902995
0.000447016	0.000105373	6.76982e-06	0.00321967	-0.0148661	0.106083
0.000729205	0.000167883	-7.21463e-07	0.00316318	-0.0125371	0.112017
0.000124448	0.000249847	3.07473e-05	0.00976115	-0.00920949	0.10249
0.000227869	0.000116431	-1.86985e-05	4.77241e-05	-0.00447986	0.107067
0.00048681	0.000248239	-9.34615e-06	0.00621488	-0.0110189	0.128528
0.000390138	5.13925e-05	-2.13264e-05	-0.00255517	-0.0157356	0.1295
9.23641e-05	0.000238891	-1.0614e-05	0.00748239	-0.00706665	0.106853
0.000425693	0.000542805	8.26435e-05	0.0143992	-0.0109289	0.132438
-0.000248034	0.000215934	3.78367e-05	0.00399931	-0.0085882	0.105758
-8.43228e-05	0.000125278	-3.35268e-07	0.00183287	-0.0116629	0.130194
0.000264392	-0.000103668	-2.26197e-05	-0.00324171	-0.00755229	0.111067
0.000703133	0.00016704	7.54242e-06	0.00588706	-0.0128497	0.109912
0.000988397	0.00028182	-6.16408e-05	0.0137792	-0.0199229	0.139726
0.000209209	-6.93177e-05	-3.05345e-06	-0.00358058	-0.0107596	0.0959633
-1.29676e-05	7.17838e-06	8.65518e-06	0.000166988	-0.00456053	0.0927779
0.000166003	-0.000153018	-3.8789e-05	-0.00178756	-0.0103542	0.103898
0.000471132	-0.000313681	6.85307e-05	-0.00421804	-0.0097741	0.108626
0.000245081	8.52096e-05	-3.75119e-06	0.000508784	-0.0105098	0.0967954
0.000524076	0.000286296	-1.25008e-05	0.00820538	-0.0113089	0.116354
8.52808e-05	0.000106253	1.23352e-05	0.00347322	-0.00789065	0.108812
0.000367344	-3.17989e-05	-1.52273e-06	0.00048697	-0.00962819	0.133194
0.000431927	0.000490088	-4.48846e-06	0.0102646	-0.0124735	0.129805
0.00114916	0.000405452	-4.74671e-05	0.00197128	-0.0182104	0.15291
0.001178	-0.000179652	-5.28404e-06	0.000983379	-0.0163301	0.148908
0.00111957	-0.000474068	1.47002e-05	-0.00948492	-0.0205762	0.144688
0.00125745	-0.000603996	2.01489e-05	-0.0122707	-0.0240362	0.151932
0.00169978	-0.000413505	5.63199e-05	-0.00881117	-0.0264649	0.17607
0.000250722	-8.4593e-05	-3.56332e-06	0.000273817	-0.0108997	0.0972075
0.000411018	-8.08302e-05	-1.80002e-05	-0.000254154	-0.0128385	0.101571
0.000779752	-0.000272044	6.38428e-05	-0.005873	-0.0221814	0.120693
0.00152993	-0.000142571	5.01286e-05	-0.00782531	-0.0127961	0.159583
0.00134704	-0.000402368	0.000112906	-0.0100517	-0.025643	0.159037
0.00136612	-0.000676903	8.04533e-05	-0.01249	-0.0207763	0.155253
0.000767951	-0.000321856	-1.76271e-05	-0.00129805	-0.0113664	0.122943
0.000401037	6.06507e-05	3.26996e-05	0.00032429	-0.0127695	0.0995891
0.000206636	-1.24355e-06	2.16611e-07	0.000329915	-0.00885922	0.0814268
0.000674951	0.000216811	-9.11951e-06	0.00469185	-0.0161013	0.115372
0.000532767	0.000181542	-8.42864e-05	0.00588019	-0.0079091	0.0986482
0.000575246	-0.000172593	-3.38782e-06	-0.00271091	-0.00826265	0.123513
0.000800076	-0.000259858	2.69624e-05	-0.00624813	-0.0147312	0.149116
-4.77986e-05	0.000175094	4.07565e-05	0.00275675	-0.00564987	0.114621
0.000646461	0.000126243	1.72654e-05	0.00120029	-0.0116092	0.136193
0.00112871	0.000485313	-0.000119023	0.0185618	-0.0145593	0.141848
0.00119235	0.000614141	-0.000120117	0.0168205	-0.0182776	0.142123
0.00153404	0.000472158	-0.00034977	0.0201812	-0.0183543	0.164014
0.00153412	0.000683456	-0.000181742	0.0130202	-0.024068	0.163103
0.00182862	0.000411367	-0.000152013	0.0078794	-0.0285533	0.181822
0.0011055	9.80505e-05	-3.23174e-05	0.00538017	-0.0103845	0.133766
0.000375158	-0.000274934	2.59673e-05	-0.00232189	-0.0108053	0.118082
0.000225765	-2.43793e-05	1.00423e-05	0.0013974	-0.0100911	0.0818995
0.00027322	5.17856e-05	8.64128e-06	0.00268663	-0.00914419	0.0968644
0.000699761	0.000187809	-2.20332e-05	0.00582529	-0.0153875	0.112751
0.00136515	9.64149e-05	-1.52619e-05	-0.00144663	-0.0219198	0.154275
0.00110277	0.000539173	-0.000198987	0.0161355	-0.00816812	0.132234
0.00134728	0.000591835	-4.95791e-05	0.00888071	-0.0213149	0.148725
0.00171331	0.000348138	-0.000254876	0.0174618	-0.0127189	0.171647
0.000866678	-0.000414231	7.26015e-05	-0.0158215	-0.00951982	0.131871
0.00058458	-0.000252168	2.28942e-05	-0.000808122	-0.0194734	0.123932
0.000405296	-0.000270632	-4.04067e-05	-0.00787329	-0.0119184	0.124854
0.0012157	-0.000354422	6.07289e-05	-0.00617374	-0.015017	0.150536
0.00122999	-0.000607188	0.000113869	-0.0117343	-0.0129959	0.1496
0.00112522	-0.000102978	-9.77669e-05	0.00420923	-0.0190982	0.135424
0.000730573	-2.48837e-05	4.07327e-05	-0.00621895	-0.0186061	0.127216
0.000628063	-0.000191393	1.56743e-05	-0.000270919	-0.0141931	0.108626
0.000718588	-0.000185329	-8.7778e-06	-0.00638246	-0.0123812	0.113439
0.000892083	-0.000468526	3.31197e-05	-0.0172768	-0.0117615	0.133145
0.000824226	-1.26834e-05	9.82911e-05	-0.00164431	-0.0135285	0.131708
0.000612111	0.000472753	-1.80237e-05	0.012886	-0.015239	0.130081
0.00102474	0.000474887	-4.19483e-05	0.0137868	-0.010833	0.147037
0.000198946	-6.7363e-05	-2.31714e-06	-0.004976	-0.0113837	0.0964208
0.000520801	-0.000380136	-3.08465e-05	-0.0181292	-0.00732375	0.132213
0.00105613	-0.00051029	2.97289e-05	-0.00914175	-0.0125463	0.144364
0.00123778	-0.000621223	-1.38774e-05	-0.0117129	-0.0175584	0.146405
0.00135463	-0.000622039	7.65837e-05	-0.0109596	-0.0152947	0.152372
0.00154454	-0.000461543	5.4141e-05	-0.00862433	-0.0256502	0.164574
0.00175758	-0.00030105	0.000127076	-0.00508595	-0.0277604	0.179145
0.00140947	0.00021468	5.59392e-05	-0.00219148	-0.0185683	0.160143
0.000377051	-4.32688e-05	-1.38998e-05	-0.000426999	-0.0157789	0.0974886
0.00120443	-6.71044e-05	-4.97417e-05	0.00108724	-0.0249234	0.143264
0.00177572	7.76192e-05	-3.29313e-05	0.000275913	-0.00951633	0.171468
0.0005003	-4.61064e-05	-9.10629e-06	-0.00279689	-0.00964607	0.099895
0.000664387	-0.000360451	-1.43193e-06	-0.00997444	-0.0117364	0.134309
0.00106921	4.41913e-07	-0.000117185	0.00397897	-0.0128712	0.138248
0.0009911	0.00050445	-1.38702e-07	0.00885497	-0.0136515	0.133521
0.00151562	0.00052651	-0.00012918	0.00732815	-0.0231636	0.160016
0.000310835	-5.8394e-05	-2.03557e-05	-0.00594616	-0.00685707	0.0934108
0.000512576	-0.000359508	-2.87023e-05	-0.0165104	-0.0146923	0.125946
0.00105705	-0.000502045	1.53144e-05	-0.0203215	-0.00313969	0.145367
0.000609135	-0.000295699	-5.9182e-05	-0.000490713	-0.0136526	0.116237
6.3283e-05	0.000189473	2.31855e-05	0.00120298	-0.00557386	0.109798
0.000113655	-3.4956e-05	-2.9057e-05	-0.0041521	-0.00337366	0.103059
0.000233916	-0.000101174	-3.00199e-05	-0.00585836	-0.00601499	0.0951561
0.00042174	-0.000306504	1.25677e-05	-0.0120278	-0.0134218	0.112059
6.19089e-05	8.48863e-05	-3.11666e-05	-0.00151089	-0.00999103	0.108983
-2.81026e-05	-9.33789e-05	-5.04678e-06	-0.00440352	-0.00677631	0.115394
0.000631455	0.000138905	-1.50301e-05	0.00107122	-0.0211793	0.111702
0.00043147	-0.000336409	-2.06356e-05	-0.00613443	-0.0158829	0.129632
0.000810671	-0.000341391	-5.31966e-05	-0.0096703	-0.0213366	0.145093
0.00127686	-0.000432386	6.42069e-05	-0.00366431	-0.0161566	0.148997
0.00124332	-0.000547875	0.000172427	-0.0211653	-0.0129143	0.146221
0.000594255	0.000146432	-1.60353e-05	0.00435339	-0.00854261	0.11825
0.00128219	0.000234976	-6.18905e-06	0.00345246	-0.0166185	0.15577
0.00162765	0.000185973	-1.5672e-05	0.00187571	-0.0216752	0.17277
0.000536454	-9.35414e-05	1.44648e-05	-0.00848987	-0.0107942	0.1199
0.000629107	0.000334613	-7.7861e-05	0.0139349	-0.0195858	0.128553
0.000360503	-0.000212979	-1.29004e-05	-0.00305619	-0.0137834	0.125607
0.00043616	1.89876e-05	-1.65437e-05	0.000657141	-0.00880466	0.0994835
0.000983462	-2.6363e-05	-2.85417e-05	-0.00111187	-0.0144363	0.149155
0.000742392	-6.49922e-06	3.75943e-05	0.000434385	-0.0202041	0.122959
0.000364782	-4.29384e-05	-1.30785e-05	-0.00399022	-0.00496891	0.0993392
0.000372575	-0.000247033	-2.09416e-05	-0.00515168	-0.00800699	0.131069
0.0010444	-0.000127079	-1.25199e-05	-0.00196591	-0.0121232	0.154772
0.00168566	-7.10041e-05	-9.72929e-06	0.000778037	-0.019592	0.173788
0.00106058	0.000539591	-2.14626e-05	0.0109854	-0.0157658	0.137768
0.00124763	0.000493253	-3.09184e-05	0.0066577	-0.0220137	0.149288
0.000802471	0.00016147	-0.000108011	0.00665513	-0.00439679	0.1285
0.000112351	2.52504e-05	6.82085e-07	0.00500493	-0.00654815	0.107324
0.000229408	-9.90126e-05	-1.51605e-05	0.000443891	-0.0116782	0.107769
0.000354282	0.000218835	3.98228e-06	0.0137319	-0.00915177	0.122868
0.000656284	0.000370768	7.00789e-06	0.0100222	-0.0121662	0.142624
-6.64208e-05	-2.28557e-05	4.40382e-06	0.00442185	-0.00250415	0.117005
0.00011149	-7.29657e-05	4.00288e-06	-0.00191896	-0.0100124	0.105994
0.000492916	0.000247106	3.0945e-05	0.00345208	-0.0129769	0.128103
0.000207999	0.000289557	2.85017e-05	0.00191435	-0.0114762	0.103581
0.000148391	0.000227113	1.42013e-05	0.00897511	-0.0114939	0.117226
0.000388958	7.84306e-05	-5.87043e-05	0.00320637	-0.0117637	0.0896397
0.000104143	-6.85997e-05	-3.78643e-07	-0.000233506	-0.0132522	0.105089
0.000283911	-0.000175689	-1.33629e-05	0.000614496	-0.00943944	0.112505
0.00114442	-2.97536e-05	-2.47402e-05	-0.00387142	-0.0178539	0.152491
0.00154753	1.98872e-05	-4.87765e-05	0.00494683	-0.0296916	0.169646
0.00141465	0.000294534	9.74584e-05	0.00483763	-0.0278269	0.158852
0.00158469	0.000388802	-0.000232227	0.010926	-0.0107935	0.162818
0.000898759	0.000142088	3.67447e-05	-0.000449378	-0.023056	0.129682
-2.41673e-05	-0.000107136	-2.92606e-05	-0.00132968	-0.00431553	0.0962221
0.000171295	-1.9009e-05	-2.45042e-05	0.00242651	-0.0053898	0.0817159
0.000530067	0.000182707	-6.15152e-05	0.00820389	-0.00771914	0.121453
0.000419702	-5.80286e-05	4.09489e-05	-0.000920454	-0.00730912	0.0972613
0.000175982	-1.99239e-05	3.97633e-05	0.000514902	-0.00766784	0.0811467
0.000314365	0.000160054	9.44812e-05	0.00874095	-0.00986476	0.121366
8.28089e-05	-2.48289e-05	7.82794e-05	-0.00125113	-0.00941418	0.108165
0.000257465	0.000273502	0.000109223	0.0128252	-0.0060759	0.130883
0.000191192	-0.000196988	3.00917e-05	-0.00729838	-0.00429459	0.133857
0.000399393	-0.000184464	3.32004e-05	-6.03716e-05	-0.00907404	0.115691
0.000868922	0.000125333	3.63032e-05	0.00143389	-0.0086146	0.134002
0.000849823	-0.00042706	-0.000102739	-0.00623955	-0.0140092	0.122983
0.000582162	-0.000278644	2.67977e-05	-0.00514648	-0.00607189	0.115905
0.000454078	-0.000319476	4.99086e-05	-0.0172829	-0.00605443	0.121518
0.000870588	-0.000500069	-5.32178e-05	-0.0137099	-0.012626	0.144848
0.000219926	0.000120012	-2.72294e-05	-0.00100995	-0.00671251	0.129289
0.000118337	-0.00011735	2.64234e-05	-0.00866531	-0.0044884	0.103025
0.000101134	6.87203e-05	4.58172e-05	-4.56932e-05	-0.0116248	0.108153
6.05193e-05	-0.000196218	2.90979e-05	-0.00653785	-0.0117897	0.111293
0.000216666	-0.000114583	-5.29428e-05	-0.0048524	-0.0158477	0.112692
0.000949012	-0.000222814	-3.02098e-05	-0.00479625	-0.0212133	0.126145
0.00131667	-0.00024458	0.000127513	-0.0123102	-0.0259027	0.15223
0.00161314	-0.000139057	0.000149227	-0.00703754	-0.0171413	0.170043
0.00132053	0.00019685	-4.37976e-05	0.0131219	-0.0293627	0.154395
0.000253466	7.17048e-05	8.48242e-05	-7.8283e-05	-0.0121681	0.0985281
0.000217262	2.94672e-05	3.00605e-05	-0.00248698	-0.00856593	0.0807129
0.000219799	1.96463e-05	1.16772e-06	-0.0028826	-0.00960364	0.0787545
0.000774447	2.05947e-06	5.26574e-05	0.000472187	-0.017289	0.124943
0.00143163	0.000126498	7.19069e-06	-0.00166217	-0.0215245	0.159654
0.000476823	-0.000119155	-4.62154e-06	-0.000250932	-0.00872326	0.124297
8.03806e-05	0.000273953	3.42793e-05	0.00770768	-0.00712312	0.118018
-0.000320011	0.000212502	-2.61123e-05	0.00401383	-0.00478766	0.115603
0.000332118	0.000288424	-8.70064e-05	0.0112624	-0.0120355	0.141143
0.00134627	0.000139838	-0.000175069	0.000309918	-0.0150385	0.149043
0.00164858	0.00012359	-0.000114173	-0.00183115	-0.0182538	0.170815
0.000137613	-0.000152055	-9.13532e-05	-0.00153918	-0.0118614	0.102056
0.000110482	-0.000113059	-4.49031e-05	-0.00113063	-0.0101155	0.117176
0.000766284	-0.000351242	-8.93056e-05	-0.0102944	-0.0220014	0.149052
0.00120765	-0.000166761	-3.8639e-05	-0.015705	-0.0227146	0.169086
0.000367629	-0.000330775	-5.26489e-05	-0.00609125	-0.00457439	0.121707
0.000128718	-0.000196994	-6.9093e-05	-0.0137482	-0.00405364	0.128977
0.00111152	-0.000332117	-2.08682e-05	-0.0102211	-0.012399	0.153074
0.000422746	-0.0002998	-6.51731e-05	-0.00307281	-0.00641394	0.122002
0.000350017	0.000126221	-5.90098e-05	0.00594161	-0.009469	0.132263
0.000637923	0.000168558	-6.90214e-05	0.00527653	-0.00730011	0.109718
0.000850091	-6.55625e-05	-9.31201e-05	0.00343421	-0.0147705	0.125677
0.00112816	-0.000239485	-2.46359e-05	-0.000739921	-0.00998713	0.142386
0.000253255	-8.56692e-05	-5.79656e-05	0.00297806	-0.0058881	0.11482
7.39654e-05	-0.000173439	-2.68722e-05	-0.00255602	-0.0115746	0.118253
0.000328211	0.000126819	1.62863e-06	0.00730919	-0.010145	0.0924092
0.000637278	0.000339796	6.8879e-05	0.0171422	-0.0169037	0.137068
0.00150894	0.000231643	1.0971e-05	0.016087	-0.0189915	0.16484
0.0016848	0.000194457	4.22657e-05	0.0108963	-0.0241173	0.176059
0.00100862	-0.000395997	0.000101865	-0.00837526	-0.0105466	0.138716
0.000255314	-5.88067e-05	1.56584e-05	-0.00389512	-0.00750796	0.0955446
-5.35819e-05	0.000129225	2.86232e-05	0.000191277	-0.00679953	0.11235
5.4487e-05	-0.000140421	4.10071e-05	-0.0054803	-0.00297826	0.132508
0.000140223	-5.38243e-06	2.44061e-05	-0.00456653	-0.00633228	0.120865
0.000446897	5.0031e-05	9.64373e-05	0.00290205	-0.011201	0.0991154
0.000430644	6.16148e-05	4.98306e-05	0.00473556	-0.00820906	0.0996445
0.000380418	-3.88265e-05	3.5125e-05	0.00373079	-0.0111921	0.100098
0.000378902	4.00146e-05	3.85308e-05	0.0057108	-0.0142926	0.0873397
0.0010084	0.000128871	5.10249e-05	0.00600856	-0.00729732	0.138184
0.00090971	0.000471372	7.39492e-05	0.00931348	-0.00959486	0.140015
0.00141938	0.000232495	-2.03399e-05	0.00541149	-0.0185328	0.165957
0.000480156	-3.87512e-06	4.35294e-05	-4.75219e-06	-0.00534704	0.0985787
0.000816153	-0.000289081	8.79861e-05	-0.00470566	-0.0192942	0.123715
0.00137902	-0.0001903	0.000139095	-0.00741693	-0.02537	0.159165
0.000321866	0.0002589	2.94382e-05	0.0078434	-0.0117904	0.111544
0.000408633	0.000308929	4.60911e-05	0.00336626	-0.0132676	0.127015
-8.71758e-05	-0.000142278	6.09823e-05	-0.00307391	-0.00981599	0.107539
-0.00014115	2.03967e-05	4.05986e-05	-0.000777288	-0.00769447	0.100694
0.000672813	0.000148436	5.49536e-05	0.0033135	-0.00854522	0.136315
0.00106462	0.000264115	-3.71897e-05	0.00643447	-0.0160218	0.140606
0.00112374	0.000484302	-4.01295e-05	0.00705576	-0.0233419	0.13801
0.0015858	0.000275625	-1.12916e-05	0.00566883	-0.0280189	0.168234
0.00153782	0.000438437	3.37614e-05	0.00307612	-0.022957	0.160973
0.00141858	0.000665186	-0.000101271	0.00811854	-0.0227689	0.156117
0.00169708	0.000433804	-2.64358e-05	0.00935655	-0.0304825	0.173259
0.000884793	0.000215214	-2.55478e-05	0.0057576	-0.0107831	0.13201
0.000212169	-4.94762e-05	5.48284e-05	-0.000545237	-0.010285	0.0960624
0.00046218	-0.00018073	2.89287e-05	-0.00650114	-0.0081544	0.119741
1.98043e-05	6.47184e-05	2.49044e-05	0.000946744	-0.00321643	0.113921
0.000911189	-0.000294791	0.000145423	-0.00993242	-0.0193225	0.123422
0.000659184	0.000315595	3.94802e-06	0.0137048	-0.0154253	0.113232
0.000271256	-0.000204854	4.26402e-06	-0.00584226	-0.00964934	0.119931
0.000191712	6.33481e-05	-8.94926e-06	0.0021561	-0.00471129	0.100861
0.000286395	7.8259e-05	1.4253e-05	0.00423647	-0.00799969	0.0957501
-6.4215e-05	-2.7771e-05	3.05645e-05	0.0012271	-0.00880916	0.114745
0.000746029	7.87248e-06	-1.3116e-05	-0.000790079	-0.0143226	0.12059
0.000539761	-8.97045e-05	7.72808e-05	-0.00288806	-0.0118128	0.119487
0.000593072	0.000352237	1.45551e-05	0.0112246	-0.0136155	0.131463
0.000490875	0.000293012	1.61859e-05	0.00056259	-0.0141944	0.110078
0.000396998	-5.41055e-05	-3.63376e-06	-0.000419311	-0.0116152	0.0973156
0.000408928	-6.55318e-06	3.48494e-05	-0.00426114	-0.00992722	0.101647
0.000391421	-0.000329221	3.29948e-05	-0.00880085	-0.00775877	0.1321
0.000687701	3.26222e-05	4.00018e-05	0.00747614	-0.0126969	0.135884
-8.39204e-05	9.81978e-05	1.70901e-05	-6.82733e-05	-0.00753548	0.114978
0.000545696	0.000325299	4.58983e-05	0.00529176	-0.016673	0.139713
0.000254118	8.29885e-05	1.92045e-05	-0.00059366	-0.01034	0.0966975
0.000789087	0.000369417	-1.00946e-05	0.00437966	-0.0139322	0.113239
0.000904555	-4.3456e-05	-5.03388e-05	0.00379887	-0.00991895	0.126441
0.000885955	-0.000409832	-3.64259e-05	-0.00859939	-0.0185719	0.13842
0.00110179	-0.00056498	-1.63356e-05	-0.0117995	-0.030782	0.149919
0.00170781	-0.000380229	0.000241164	-0.0142154	-0.00911308	0.170294
0.00184234	-0.000197953	0.000119305	-0.00282933	-0.0257338	0.182733
1.73464e-05	8.10415e-05	4.44484e-05	0.00135185	-0.00876247	0.0928615
0.000157564	9.35846e-05	1.4695e-05	-0.000648694	-0.00679942	0.099738
0.000120052	0.000179296	1.29764e-05	0.00562273	-0.00933051	0.103311
0.000521312	0.00038079	2.32466e-06	0.00986239	-0.0101099	0.133936
0.000434641	0.000172259	-4.36668e-05	-0.00300148	-0.0128481	0.128628
7.71455e-05	0.000100734	-2.52014e-06	0.0015508	-0.00651346	0.0871528
0.000194172	6.30153e-05	1.22667e-05	-4.89842e-05	-0.00963315	0.0964423
0.000633745	-0.000172127	-9.45067e-06	-0.0013533	-0.0130709	0.113744
0.000218651	-0.000131714	3.94542e-05	0.000186182	-0.00804588	0.100827
0.00109322	-0.000132262	6.62114e-05	-0.00163661	-0.0187796	0.136056
0.00155818	-3.68824e-05	-2.07285e-05	-0.00135212	-0.0202298	0.162857
0.00145322	-0.000289829	0.000109463	-0.0107447	-0.0131841	0.159027
0.00125661	-0.000505995	7.6031e-05	-0.0172075	-0.0151951	0.149973
0.000860665	-0.000261381	5.59412e-05	-0.0118034	-0.0199628	0.121942
0.000196454	1.27537e-05	1.84464e-05	4.4073e-05	-0.00767858	0.0816474
0.000398516	3.32694e-05	1.62896e-05	0.00101024	-0.00807427	0.0985087
0.000578528	-0.000246445	3.92556e-05	-0.00620119	-0.0117846	0.117267
0.00119427	-0.000132422	1.48731e-05	-0.00775618	-0.00946408	0.154418
0.00080323	0.000429321	-3.88225e-05	0.00934795	-0.0147319	0.136163
0.000615752	0.000245646	5.92272e-05	0.00695974	-0.0097221	0.115199
0.000905256	-3.09569e-05	8.54678e-05	-0.00421164	-0.0120194	0.126781
0.00141807	-1.48741e-05	5.83781e-05	-0.000931025	-0.0223276	0.156771
0.00184334	-8.90215e-05	1.59723e-05	0.000849425	-0.0145001	0.178351
0.00194787	-3.51741e-05	5.26495e-05	0.00294921	-0.0245334	0.190012
0.00151918	0.000221033	-7.15233e-05	0.0103766	-0.0251431	0.163375
0.000713967	0.000259043	4.22068e-05	0.00562639	-0.0245053	0.114572
1.2934e-05	-7.65501e-05	2.43213e-05	0.00157832	-0.00878881	0.105839
2.22033e-05	0.000100906	5.59843e-05	0.0016271	-0.00774347	0.110532
0.000501008	-0.000144289	-2.48793e-06	-0.00227295	-0.0100685	0.137729
0.00111259	-0.000133357	-2.52108e-05	-0.00442235	-0.0196289	0.164475
0.000709361	0.00046558	2.18968e-05	0.00941121	-0.0142646	0.135104
0.00105561	0.000481236	6.86844e-06	0.0119912	-0.0200568	0.150354
0.00128046	0.000649367	5.09832e-05	0.00990402	-0.0145669	0.14856
0.00141684	0.000647472	-5.62171e-05	0.00713341	-0.0174841	0.160351
0.000294734	0.000150402	2.20043e-05	-0.00142468	-0.00716815	0.0922711
0.00059272	0.000433609	-6.51423e-06	0.00642407	-0.0107941	0.128209
0.000955531	-3.90632e-05	-6.87309e-05	0.00281561	-0.00630254	0.125125
0.00124103	-0.000185201	6.53975e-05	-0.00377711	-0.0168296	0.140173
0.00165368	-6.72318e-05	9.85895e-05	-0.00737391	-0.0108771	0.166326
0.00111229	0.000422947	-1.65635e-05	0.00570831	-0.0151918	0.13476
0.0012857	0.000513703	-3.14073e-05	0.00654089	-0.0161889	0.143119
0.00169992	0.000436227	-7.49368e-06	0.00229692	-0.0245355	0.173842
0.00103033	-0.00035758	2.24834e-05	-0.0060581	-0.0170483	0.129503
0.000857586	0.000271261	3.16841e-05	0.00518795	-0.0158515	0.119681
0.00138522	0.00025786	-4.85691e-05	0.00379661	-0.03086	0.1541
0.00166868	0.000156285	-0.000177481	0.0117462	-0.0296617	0.174021
0.00149263	-0.000204126	7.13946e-05	-0.0109486	-0.0177453	0.160841
0.00119973	-0.000641222	7.86976e-05	-0.0152121	-0.0232856	0.143067
0.000310426	0.0001994	2.95492e-05	0.0053338	-0.0156625	0.121913
0.000668253	0.000380502	-1.68193e-05	0.00778131	-0.0139715	0.14198
-2.82423e-05	-0.000180153	2.67778e-06	-0.0015706	-0.00838514	0.107942
0.000466329	-8.88718e-05	1.57302e-05	-0.00825675	-0.013821	0.130466
0.000830222	0.000248214	1.05827e-05	0.00494164	-0.0100653	0.138626
0.00063151	-0.000333645	-0.000116071	-0.0133284	-0.0186363	0.119433
0.00107284	-0.000453445	-0.000190996	-0.01068	-0.0157763	0.141687
0.00156546	-0.00046503	0.000149156	-0.0137023	-0.0160639	0.163148
0.000366682	8.00256e-05	-3.13352e-05	0.0054692	-0.0094665	0.117885
0.000861174	-6.04807e-05	2.84397e-05	-0.00439439	-0.0138529	0.144239
0.00046814	7.96808e-05	-2.99358e-05	0.00959411	-0.00884365	0.117985
0.000444004	3.92326e-05	-3.49923e-05	0.000249032	-0.0068036	0.0978004
0.00106252	6.51796e-05	-1.89508e-05	0.00265938	-0.0185855	0.151098
0.00081042	0.000484258	-0.000109671	0.01087	-0.0200516	0.13076
0.00136763	0.000427279	-7.81256e-05	0.00582207	-0.021591	0.154102
0.00141052	0.000519723	-3.76156e-05	0.00926029	-0.0178196	0.1585
0.00128176	0.000651369	6.35577e-06	0.0137438	-0.0264454	0.145516
0.000576384	-0.000106129	1.13694e-05	0.00108523	-0.018709	0.118287
0.00139119	-1.34345e-05	-0.000139877	0.00385993	-0.022543	0.156317
0.00123568	-0.000420285	-1.5125e-05	-0.0107663	-0.0192348	0.146089
0.00147886	-0.000514083	1.07294e-05	-0.00795235	-0.0157328	0.158891
0.000724649	-0.000251847	-0.000103193	0.00440362	-0.0240494	0.130677
0.000432132	0.000294978	-3.98321e-05	0.0138079	-0.0190438	0.131187
0.000161057	-0.000201752	-4.63874e-05	-0.00400116	-0.0150051	0.128812
0.000164848	0.000213887	-3.92161e-05	0.00762687	-0.0134702	0.130269
0.000768001	0.00043836	-3.52547e-05	0.0092204	-0.0242382	0.143722
0.00032249	7.50909e-05	-6.24482e-05	0.0018385	-0.014568	0.103297
0.00124186	-4.57327e-05	1.73859e-05	-0.00284275	-0.0267854	0.14708
0.00102831	0.000400331	-6.66341e-06	0.00517956	-0.0232088	0.130506
0.000776042	0.000136145	-0.00019331	0.00478103	-0.0224074	0.120739
0.000160623	0.00017436	-6.39634e-06	0.00120191	-0.00774186	0.101207
0.000513519	-0.000242051	4.28992e-05	-0.00394247	-0.00948272	0.111765
0.000987328	-0.000414857	6.71524e-05	-0.00875382	-0.0132258	0.132569
0.0015869	-0.000201856	5.23821e-05	-0.00396597	-0.0213374	0.166032
0.001868	-0.000104819	9.44549e-05	0.00100479	-0.0224351	0.18464
0.00150176	0.000344193	3.45483e-05	0.00346681	-0.0277412	0.168791
0.000388232	3.42554e-05	4.68951e-05	-0.00225557	-0.0128346	0.0983676
0.00082387	-0.000225043	7.64071e-05	-0.0115956	-0.0159434	0.121373
0.00134128	-0.00020051	5.64166e-05	-0.0177344	-0.0317835	0.154119
0.00130202	-0.000478541	0.000274172	-0.0246273	-0.0167231	0.149951
0.00136271	-0.000487011	0.000366459	-0.0261886	-0.0186137	0.154293
0.00120537	-0.000568685	9.22883e-05	-0.0146556	-0.027376	0.152906
0.000228655	-4.96527e-05	1.39973e-05	-0.00409984	-0.0116348	0.111454
0.000616871	-7.40253e-06	5.90547e-05	-0.00174478	-0.0255679	0.108094
0.000206258	5.30381e-06	1.32603e-05	-0.000142829	-0.0167712	0.0805999
0.000219562	-7.05285e-05	2.93385e-05	-0.00249031	-0.0173456	0.0942723
0.000612892	-0.000408692	0.000166425	-0.0125718	-0.0231657	0.127022
0.000907217	-0.000591368	2.05964e-05	-0.00911005	-0.0258732	0.143779
0.0013434	-0.000603205	0.000197586	-0.0121281	-0.0336353	0.152856
0.00106012	-0.000205312	-7.14291e-05	-0.000340929	-0.0122706	0.132366
0.000519726	0.000156684	2.71903e-05	0.00111474	-0.0239192	0.104438
0.000153784	-3.97267e-06	-7.76514e-06	-0.000840612	-0.0163683	0.0808005
0.000230334	6.95754e-05	5.32105e-07	0.00249024	-0.0185988	0.095152
0.000970568	5.59593e-05	-6.63286e-05	-0.00305853	-0.0208226	0.141101
0.00150274	9.71767e-05	-0.00012893	0.00699413	-0.0252272	0.164091
0.000471079	-0.000341674	-3.70085e-05	0.00156639	-0.0149274	0.107614
0.000254224	-0.000149592	-3.81846e-05	-0.00228535	-0.00706873	0.114801
0.000153091	0.000171712	-2.95078e-05	0.00738679	-0.00534468	0.10311
0.000995507	0.00023874	-3.56713e-06	0.00988797	-0.0152547	0.139777
0.00142317	0.000168325	-3.39451e-05	0.011864	-0.0229066	0.159443
0.000962451	-0.000413204	0.000110111	-0.00800622	-0.0243117	0.128752
0.00144677	-0.000229578	6.12448e-05	-0.00652274	-0.0239864	0.161008
0.0018229	-0.000152128	4.66671e-05	-0.00778976	-0.025286	0.178634
0.000916153	2.68184e-05	-1.92998e-05	-0.00888827	-0.0258225	0.138777
0.000213723	3.38717e-05	-2.06606e-05	-0.00372839	-0.0106339	0.0796104
0.000461567	-0.000245869	-5.58255e-05	-0.0112564	-0.0117769	0.11448
0.000413034	-3.76203e-05	-1.22195e-05	-0.0133777	-0.0144447	0.118152
9.33769e-05	-0.000198541	7.62691e-06	-0.00868837	-0.00828192	0.0993551
-0.00010287	-1.66163e-05	8.11206e-05	-0.00749628	-0.00482761	0.117388
0.000262616	0.000203647	9.58656e-05	-0.000157776	-0.0104046	0.117588
0.000594758	-6.48329e-05	8.11769e-05	-0.00974285	-0.0127534	0.134955
0.000859724	0.000317236	5.33551e-05	0.00167549	-0.0217588	0.121614
0.00137825	0.000211297	0.000114134	0.00133653	-0.0196688	0.155612
0.00170894	0.000128782	-0.000126274	0.00234432	-0.0235169	0.175468
0.00141953	-0.000158107	-7.36817e-05	-0.00773781	-0.0229204	0.160962
0.00113635	-0.000478773	-6.84113e-05	-0.0129065	-0.0183589	0.149963
0.0015749	-0.000243453	-8.2772e-05	-0.0131063	-0.0245666	0.170531
0.000557434	0.000114868	-6.03043e-05	0.00881737	-0.00718631	0.118677
0.000331014	-0.000146648	-5.13293e-05	-0.00732727	-0.00299934	0.104748
0.000325218	-0.000227616	-0.000111222	-0.010027	-0.00859979	0.118699
0.00038566	-0.000196056	-3.93522e-05	0.000424396	-0.0145232	0.113637
0.000139721	5.79783e-06	-1.11294e-05	0.00129095	-0.0136563	0.104109
0.000293125	0.000355384	-7.16841e-05	0.00944541	-0.00604383	0.124123
0.000723544	0.000520536	2.55745e-06	0.018486	-0.0131594	0.139059
0.00100087	0.000655209	3.53695e-05	0.00941815	-0.0152231	0.144123
0.000710896	0.000276651	2.13491e-05	0.00296308	-0.0151584	0.123493
0.000392976	-0.00036171	4.7353e-05	-0.00904994	-0.0112767	0.117923
0.000720978	-0.000485744	-5.18377e-05	-0.0117134	-0.0123686	0.127842
0.00043734	-5.34722e-05	2.40238e-06	-0.000992151	-0.00916259	0.100296
0.000250807	-0.000171688	-6.72236e-05	-0.00317284	-0.00786387	0.10844
0.000619984	-0.000439815	-2.34513e-05	-0.0147437	-0.0100497	0.137239
0.000836327	-0.000573208	8.05146e-06	-0.016763	-0.00956371	0.142592
1.1521e-06	-9.53859e-05	4.41205e-08	-0.00663641	-0.000663939	0.113125
0.00061108	-0.000282395	-3.22075e-05	-0.0132208	-0.00621258	0.138254
0.0009193	-0.000570289	-8.64558e-05	-0.0215895	-0.013425	0.144599
0.0012521	-0.000564366	-0.00010715	-0.0240847	-0.017338	0.155797
0.0014165	-0.000707878	2.90045e-05	-0.0200216	-0.0182241	0.161844
0.000335706	0.000129134	-1.00188e-05	-0.0072082	-0.00699603	0.0880169
0.000444968	7.93492e-05	6.29096e-06	-0.00703482	-0.011514	0.0996726
0.000696955	0.000359913	-8.86224e-06	0.00260203	-0.0115126	0.12969
0.000912364	-9.72359e-05	-0.000133002	-0.0140942	-0.012469	0.139207
0.000643939	-0.000429499	-0.000109821	-0.0152102	-0.0164327	0.143048
0.000953629	-0.000429069	-0.000118029	-0.0152244	-0.0243494	0.15248
0.00138466	-0.000290428	2.60375e-05	-0.0138046	-0.0266684	0.167259
0.000207246	-8.14008e-05	-6.69867e-05	-0.0088059	-0.0128972	0.0974105
0.000551313	-0.000427446	-0.00018967	-0.00954617	-0.0219351	0.131903
0.000214728	-0.000331543	1.23802e-05	-0.0177079	-0.0223191	0.118239
0.000433868	0.000108308	-5.70821e-05	-4.3809e-06	-0.0175405	0.124554
0.00109216	0.000330992	1.84994e-05	0.00224069	-0.0235352	0.138336
0.000102225	5.45283e-05	-2.48276e-05	-0.005196	-0.0127475	0.108936
0.000696186	0.000392055	5.85357e-05	0.00043294	-0.011716	0.133055
0.000670628	0.000287621	-5.52622e-05	0.00478024	-0.00441026	0.118869
0.000452418	-1.45779e-05	5.34183e-06	-0.00271366	-0.00923934	0.101379
0.000915138	0.000302227	-5.75675e-05	0.000187542	-0.0111796	0.122107
0.00134496	0.000186644	-1.49364e-05	0.0041884	-0.0286832	0.156428
0.00126683	0.000337056	6.0262e-05	0.00262316	-0.0129717	0.153024
0.000185887	7.03736e-05	2.15861e-05	-0.00433223	-0.00457098	0.114041
-9.81939e-05	-7.56994e-05	1.81168e-05	-0.00228203	-0.00263993	0.113162
0.000601361	-0.00010244	-1.56245e-05	-0.0080608	-0.00862549	0.15035
0.000603075	-4.60325e-05	-0.000116735	-0.00441636	-0.00979541	0.122653
0.000761793	-8.71746e-05	-6.29472e-05	-0.00495611	-0.016092	0.128247
0.00100601	-0.000313949	-2.86349e-05	-0.0120704	-0.017531	0.145038
0.000503546	-0.000223305	-0.000108917	-0.00111336	-0.0129567	0.1238
0.000413061	0.000298175	-5.63901e-05	0.0112617	-0.00965634	0.133148
-0.000122333	-1.95186e-05	-8.24441e-05	-0.000274584	-0.00867974	0.114616
0.000215952	2.42941e-06	-0.000138116	-0.000366937	-0.0109315	0.079958
0.00030492	1.40582e-05	-0.000101828	-0.00285729	-0.0156858	0.105032
0.000155784	4.89173e-05	-9.81148e-05	-0.00261035	-0.00881098	0.0995871
0.000336043	-0.000159576	-0.000132449	-0.00932336	-0.0134471	0.120448
0.00122808	-0.000129534	-5.18977e-05	-0.0108991	-0.0157129	0.155774
0.00166113	-5.67247e-05	-4.44622e-05	-0.00904589	-0.0269867	0.173627
0.00118895	-0.000506518	-0.000112132	-0.0120237	-0.0281057	0.147365
0.00045346	-1.02563e-06	-8.29075e-05	-0.00417733	-0.00583392	0.117498
0.000709589	-0.000396731	1.94674e-05	-0.0188142	-0.011387	0.138963
0.00117661	-0.000465098	-5.28724e-05	-0.017134	-0.0208687	0.159408
0.00155088	-0.000373387	7.89098e-05	-0.013475	-0.0340157	0.174008
0.00137482	-0.0006662	2.78968e-05	-0.0140355	-0.0149834	0.147828
0.000396039	5.52975e-05	-5.76645e-05	-0.00392141	-0.00920536	0.0984601
0.000920652	-0.00021599	-1.56602e-05	-0.00538355	-0.00672888	0.126808
0.00108431	-0.000382138	7.42949e-05	-0.0237492	-0.0120198	0.140725
0.000241882	0.00013962	-9.851e-05	0.00045126	-0.0110953	0.0926466
0.000605089	1.02543e-05	-6.74622e-05	-0.00501387	-0.0214674	0.120393
0.000509851	-0.00037188	-6.97822e-05	-0.00689958	-0.0191192	0.138428
0.000115695	-2.90509e-05	-6.86921e-05	-0.00304702	-0.0120513	0.116019
0.00117282	7.92009e-05	-9.82598e-06	0.00549844	-0.0209861	0.143897
0.00121796	0.000186854	-0.000202032	0.0136355	-0.0190398	0.142481
0.00133555	0.000307086	-5.25851e-05	0.013714	-0.0218165	0.152086
0.0017307	0.000211688	-0.000124495	0.0171992	-0.0271341	0.175833
0.000264734	-0.000145326	-4.29509e-05	0.00298352	-0.0153076	0.0902715
0.000600399	-0.000428943	-4.42781e-05	-0.00774085	-0.00965345	0.127868
0.000573345	-0.00017776	9.56134e-05	-0.00792581	-0.0115639	0.115292
0.000218684	-0.000177608	-2.69501e-05	-0.00497379	-0.0084066	0.125514
-7.84202e-05	0.000156497	3.7982e-06	-0.00094618	-0.0088358	0.113731
0.000207539	-0.000192873	-5.63073e-05	-0.00646832	-0.00996865	0.111577
0.000912761	-0.000165738	-9.97891e-06	-0.00775266	-0.0188573	0.154556
-8.48259e-05	-7.20979e-05	-0.000107534	-0.00258136	-0.0126924	0.108057
0.000254559	-1.8808e-05	-8.97509e-05	0.00285129	-0.0108942	0.113569
0.000500246	0.000100366	-5.95214e-05	-0.00456597	-0.00983587	0.117714
0.000386622	-7.22638e-05	-4.85422e-05	-0.00408821	-0.0122274	0.085546
0.00101424	-0.000111658	3.91221e-06	-0.00694363	-0.0177769	0.133085
0.00144737	-8.64675e-07	-0.000135982	-0.0041342	-0.0232355	0.164244
0.00107454	0.000532039	-6.99306e-05	0.00877982	-0.0184417	0.140587
-2.50638e-05	-0.00013187	-6.43149e-05	-0.0102213	-0.00850868	0.108802
0.000270905	-8.15686e-05	-6.39123e-05	-0.00363996	-0.0155906	0.109931
0.00118032	-6.21555e-05	-6.02819e-05	-0.00848346	-0.0224311	0.146195
0.00159904	-2.43001e-05	2.08121e-05	-0.0105163	-0.0309543	0.170068
0.00122975	-0.000484788	0.000111251	-0.0114699	-0.0216021	0.140816
8.03963e-05	2.11538e-05	-5.5939e-05	-0.00329231	-0.00521052	0.0887711
5.03515e-05	-0.000279713	-8.4396e-05	-0.00494351	-0.00596729	0.104637
-5.63858e-06	-0.000317343	-5.16167e-05	-0.0121113	-0.00796769	0.110776
0.000214392	-0.000216182	3.04368e-05	-0.0118706	-0.0156169	0.105992
0.000203686	-6.13984e-05	-2.63977e-05	-0.00936644	-0.013332	0.0981809
0.000772668	-0.00017681	2.34266e-05	-0.00506816	-0.0142347	0.110795
0.000155877	0.000212243	-1.90742e-05	0.00235659	-0.0116915	0.0985622
0.000518002	0.000442863	0.000124695	0.00944269	-0.0160569	0.124257
0.00118092	0.00043071	4.22943e-05	0.00449385	-0.0226224	0.151348
0.00118435	0.000597687	3.82303e-05	0.00663759	-0.0163305	0.141776
0.00146386	0.000454082	3.5853e-05	0.00285056	-0.0274828	0.163157
0.0014283	0.000587574	9.62162e-05	0.0130549	-0.0256191	0.160307
0.000609119	-0.000279373	7.66422e-05	-0.00676353	-0.0165455	0.120742
0.000589262	-0.000157926	4.9205e-05	0.0034735	-0.0115495	0.125931
0.000455166	3.69744e-05	2.06738e-05	0.00663201	-0.0103435	0.112315
0.00097308	-0.000176372	8.28565e-06	-0.00584915	-0.0235829	0.139589
0.00121699	0.000191643	0.000103067	-0.00342694	-0.0121332	0.145759
0.000601198	-6.11737e-05	8.48554e-05	-0.00268471	-0.0138442	0.106845
0.000656378	0.000441336	7.97187e-05	0.00601986	-0.00921573	0.125099
0.00119324	0.000488302	-9.91553e-05	0.00876846	-0.020729	0.141165
0.00167196	0.000198043	-0.000139502	0.00371627	-0.022286	0.1703
0.000848308	-0.000431536	2.72259e-06	-0.0121415	-0.0162121	0.136113
0.00121087	-0.000321887	-1.12075e-05	-0.00484861	-0.0330254	0.160785
0.000328607	7.2337e-05	6.69569e-05	1.75292e-05	-0.00720132	0.0915281
0.00107102	0.000132907	-3.43038e-05	0.00387079	-0.0181113	0.132845
0.00104319	-0.000207952	9.53917e-05	0.00241059	-0.0222344	0.139865
0.000976579	-0.000458541	9.18006e-05	-0.020029	-0.0182149	0.140663
0.000406451	-0.000343479	2.29687e-05	-0.000282971	-0.0187894	0.121242
0.000424406	-2.92032e-05	4.75505e-05	-0.00140618	-0.0124264	0.0996471
0.000460182	1.19158e-05	5.4804e-05	-0.000361099	-0.0129395	0.0947274
0.00109723	5.69907e-05	7.6141e-05	-0.000173542	-0.0220407	0.142422
0.00109834	0.000207103	-3.47911e-05	0.0131663	-0.0262968	0.147559
0.00114564	0.00058217	0.000141608	-0.00117673	-0.0276627	0.141053
0.00127405	0.000597767	-2.45743e-05	0.00973265	-0.0235094	0.147185
0.000838553	0.000231645	-8.42575e-05	0.013928	-0.0165886	0.122961
3.81022e-05	4.71584e-05	0.000101408	0.00199585	-0.0108709	0.106571
4.9501e-05	-0.000176271	-1.61824e-05	-0.00195938	-0.00728626	0.122963
0.000559822	-0.000444779	-3.00845e-05	-0.018205	-0.0188854	0.138585
0.000802814	0.000241059	7.73451e-05	0.00505585	-0.0162461	0.119653
0.000673128	0.000153657	1.58225e-05	0.0015132	-0.0247939	0.114491
0.000191481	1.51373e-06	5.24341e-05	0.000556741	-0.0137114	0.080393
0.000718745	0.000163137	6.4619e-05	0.00344014	-0.0168544	0.112978
0.000230465	2.5533e-06	6.23954e-05	0.000711264	-0.0167084	0.0810093
0.000162481	1.71401e-05	6.02404e-05	-0.000442282	-0.0153444	0.0797543
0.000131997	-1.14591e-05	5.62046e-05	0.00416019	-0.0159851	0.115971
-0.000154508	7.33677e-05	4.90871e-05	0.00329329	-0.0113201	0.12064
0.000540751	0.000319724	0.000120659	0.00432435	-0.0196842	0.145383
0.000884814	0.000585014	5.07718e-05	0.0192536	-0.0108289	0.138611
0.00100233	1.92182e-05	-3.19941e-05	0.00611312	-0.0200864	0.135271
0.000265825	-3.41748e-05	5.45578e-05	0.000695941	-0.0125514	0.095422
0.000772372	0.000178688	4.12779e-06	0.00805245	-0.01379	0.111475
0.00114949	0.000255806	-0.000123723	0.0116664	-0.0176289	0.135651
0.00119078	0.000365111	-0.000208454	0.0198865	-0.0227101	0.138471
0.00139781	0.000410001	-3.94484e-05	0.00629392	-0.0240135	0.15902
7.47889e-05	-0.000206835	4.808e-05	-0.0062608	-0.0118075	0.0993835
0.000799876	-0.000277944	1.71868e-05	-0.00353117	-0.0207322	0.145009
0.000301662	-8.85555e-05	1.64033e-05	-0.00317537	-0.0121103	0.0942256
0.00063355	-0.000322628	1.16724e-05	-0.00931703	-0.0188805	0.133453
0.000620028	-0.000341012	-4.0115e-05	0.000773522	-0.0211157	0.109536
0.000341733	4.18516e-05	2.88327e-05	0.00463567	-0.00976969	0.110686
0.000430665	6.06271e-05	6.96669e-05	0.0048805	-0.0168907	0.113683
0.000403111	-0.0001547	-1.20269e-05	-0.00219483	-0.0073575	0.101245
0.00022016	8.7007e-05	4.1855e-05	0.00438538	-0.0162537	0.10867
0.000130333	-4.19431e-05	-1.21486e-05	-0.00218899	-0.00879145	0.115084
0.000870484	0.000145916	-7.83966e-05	0.010479	-0.0195605	0.130676
0.00067971	0.000180565	-6.30222e-05	0.0124537	-0.0147466	0.113663
0.000701942	6.23014e-05	-1.24822e-05	0.00229513	-0.0154274	0.129575
0.000381265	0.000187889	-1.27447e-05	0.0104724	-0.0107915	0.105944
0.000348193	-0.000257042	-6.13919e-05	-0.00384266	-0.00863991	0.122309
0.00116537	-0.000282367	-2.73177e-05	-0.00604402	-0.0180438	0.149022
0.00100471	0.000341705	-0.000125207	0.006886	-0.0182945	0.125275
0.000856491	0.00014807	-5.6614e-05	0.00237203	-0.00679541	0.120232
0.000377227	3.97614e-05	1.68061e-05	-0.00020275	-0.010994	0.0994139
0.000883152	-0.00013072	2.03518e-05	-0.00234674	-0.00702257	0.126427
0.000435431	-0.000173628	1.24603e-05	-0.0126998	-0.00976278	0.113591
0.000142564	9.3276e-05	1.76359e-05	0.00155148	-0.00876642	0.0976605
0.000367586	0.000318024	-1.69833e-05	0.00672298	-0.00982163	0.13667
0.000235005	0.000174138	-4.28104e-05	0.00185255	-0.00927152	0.0961683
0.00108707	0.000148638	5.25435e-05	0.00144196	-0.0207731	0.136766
0.00165312	7.78769e-05	-2.49971e-05	0.000288789	-0.0126888	0.166914
0.000458674	-0.000219345	1.09053e-05	0.000176327	-0.0208991	0.116541
0.000710049	0.000180231	1.14865e-05	0.00525654	-0.0152829	0.134491
0.00147459	3.25376e-05	-2.03279e-05	-0.000264255	-0.0245812	0.160634
0.00175904	-2.34282e-05	6.87758e-05	0.00141281	-0.0281062	0.178375
0.00115595	-0.000510053	9.72375e-05	-0.00777055	-0.0190268	0.143913
0.00116815	-0.0006101	5.31539e-05	-0.0105162	-0.0195485	0.143843
-8.13483e-06	0.00018363	1.70306e-05	0.000913465	-0.0117004	0.107712
0.000144048	-9.58441e-06	8.91849e-06	-0.00042961	-0.011171	0.103252
0.000200834	-7.90379e-05	1.59199e-06	-0.00260261	-0.0132563	0.0958299
0.000377094	-5.19812e-05	-1.91379e-05	0.00154803	-0.0147314	0.106182
0.000147592	-0.00022775	-9.38263e-06	-0.00677248	-0.0122481	0.12424
0.000119526	-4.19818e-05	-1.30457e-05	-0.0021353	-0.013236	0.0872449
3.39483e-06	-0.000221904	1.55649e-05	-0.00658434	-0.0101558	0.112194
0.000332486	6.44256e-05	-3.74583e-05	0.00176057	-0.0115037	0.0898509
0.000769523	-0.000108704	-4.3861e-05	0.00324725	-0.0116216	0.122985
0.000570967	0.000166985	-5.15949e-06	0.00147982	-0.0163521	0.118858
0.00134874	0.000203222	4.86747e-05	0.00350121	-0.0218428	0.158962
0.00185403	0.000196749	-8.41175e-05	0.0047308	-0.00905418	0.17778
0.00143941	-0.000137559	0.000167172	-0.00871342	-0.0280976	0.158972
0.0012827	-0.000582172	1.63374e-05	-0.00811409	-0.0160372	0.147022
0.00149261	-0.000578149	0.00027468	-0.0197489	-0.00814199	0.159497
0.000227184	9.67969e-05	-1.45598e-06	0.000100223	-0.00867654	0.0954212
0.000624038	0.000321759	1.78772e-06	0.00742834	-0.0140191	0.140388
0.000415995	-0.000124981	1.4802e-05	-0.00808059	-0.00823135	0.112478
0.000676636	-8.44137e-06	-5.33305e-06	0.00501427	-0.00886552	0.127121
0.000649685	0.000122571	4.28154e-06	0.0039887	-0.00952927	0.135815
0.00104483	0.000368697	-0.000126641	0.00609581	-0.01899	0.135463
0.00158334	0.00022938	-6.90447e-05	0.00553409	-0.0237282	0.166258
0.0015122	0.000410741	5.67139e-05	0.00269549	-0.0163353	0.161153
0.000141587	-7.44123e-05	4.00676e-06	-0.000289155	-0.00703824	0.105879
0.000242538	0.000256499	-8.05057e-06	0.0043377	-0.00784022	0.125945
-1.65637e-05	2.09209e-05	-1.17461e-06	-0.00311303	-0.00593811	0.124778
0.000490511	-6.98669e-05	-1.00545e-05	0.000662551	-0.0123649	0.100801
0.000405043	9.8735e-05	3.13607e-05	0.000385969	-0.00994273	0.0896448
0.000559113	3.70684e-05	-2.64058e-05	0.00111503	-0.00790929	0.102783
0.000533452	0.000285288	1.92939e-05	0.00528469	-0.0120874	0.11398
0.000538504	0.000199034	-5.35703e-05	0.007637	-0.00454838	0.109
0.000152393	-6.25886e-05	-2.35076e-06	0.000963046	-0.00493019	0.11757
0.000836742	-9.98971e-05	-5.03249e-06	-0.0040628	-0.0170073	0.148199
0.00156968	-0.000167329	5.61518e-07	-0.00371159	-0.0235269	0.164002
0.00180469	-0.000125084	-4.35783e-05	-0.00125877	-0.0244311	0.182931
0.00211803	-5.25657e-06	1.93063e-05	-0.00105778	-0.00989429	0.192153
0.00132476	0.000575826	-2.05758e-05	0.00960161	-0.0201289	0.155369
0.00161286	0.00040838	-0.000100851	0.00771422	-0.023864	0.173351
0.00176408	0.000285781	-2.60499e-05	0.00502454	-0.0249926	0.179686
0.00164351	0.00045517	3.67115e-05	0.00276034	-0.0163813	0.167948
0.000757734	0.000247559	-0.000131477	0.0104605	-0.00698613	0.121459
0.000176473	-6.3046e-05	1.32438e-05	0.00084991	-0.00836393	0.0867407
0.000735122	-0.000135757	-3.34168e-05	0.00118802	-0.0136871	0.112017
0.000853505	6.6815e-05	3.46774e-05	-0.00396325	-0.00973947	0.124557
0.00118817	0.00018871	-9.13582e-05	0.0044175	-0.0191681	0.141672
0.00109416	0.000428019	4.14286e-07	0.00865815	-0.0176585	0.144453
0.00125943	0.000405525	-9.53405e-05	0.0160524	-0.0162869	0.150679
0.00126571	0.000646313	-0.000118323	0.0108593	-0.0194928	0.146156
0.00142559	0.000686604	-0.000135969	0.0115319	-0.0241893	0.158967
0.000269289	5.12422e-05	-5.63488e-06	0.00340218	-0.0127754	0.11003
-4.41542e-05	6.78098e-05	-2.68994e-06	0.00330695	-0.00630042	0.116621
0.000649841	0.000511308	4.51485e-05	0.00942886	-0.011429	0.129707
0.000420456	0.000283892	3.02971e-05	0.0116658	-0.0151455	0.121269
0.000641959	0.000133873	-2.66979e-06	0.00457298	-0.00892889	0.136895
0.00131318	0.000145864	-2.77629e-05	0.0023925	-0.0191116	0.16513
0.00130729	-0.000158067	-4.46569e-05	0.00251272	-0.0150767	0.15508
5.1846e-05	9.17722e-05	4.14909e-06	0.00254774	-0.00903404	0.112118
0.000515086	0.000320802	6.12703e-06	0.00686444	-0.0142448	0.141686
0.00101837	0.000417275	3.57152e-06	0.00804827	-0.0179894	0.156171
0.00112143	0.000543285	-1.83221e-05	0.00988287	-0.0183168	0.159158
0.00138503	0.000750009	-7.58444e-05	0.0116339	-0.0182326	0.152519
0.00151701	0.000641796	-0.000102131	0.0143455	-0.0230709	0.163463
0.00189737	0.000438952	-2.8785e-05	0.0102742	-0.0186067	0.183624
0.00201447	0.000364355	-2.76336e-05	0.00407661	-0.0158618	0.192608
0.00212149	0.000410429	-0.00013492	5.93131e-05	-0.0229833	0.19709
0.00111553	0.000150448	6.02764e-05	-0.00308452	-0.0295736	0.140538
0.000648766	-0.000226546	-1.83876e-05	-0.00723158	-0.0158959	0.1132
0.000348511	0.000129842	-1.75648e-05	0.00224715	-0.010147	0.106951
0.000560856	0.000427537	3.19087e-05	0.0109414	-0.0141876	0.132151
0.000187285	-0.000149428	-5.97324e-06	-0.00562689	-0.00848109	0.124545
0.000734568	-0.000183774	-1.13946e-05	-0.00566199	-0.0160035	0.149271
0.00152184	-0.000253933	9.04327e-06	-0.00541926	-0.0231921	0.161903
0.00178527	-0.000144365	-2.1937e-05	-0.00349045	-0.0251173	0.180028
0.00153405	-0.000317047	-2.5662e-05	-0.00041295	-0.016478	0.16496
0.0014202	-0.000584474	0.000108201	-0.0121068	-0.0209706	0.153977
0.00170155	-0.00034363	0.000186398	-0.0144687	-0.0114648	0.172643
0.00126162	-0.000698616	3.46531e-05	-0.00717503	-0.0182035	0.146219
0.00155856	-0.000516194	0.000121352	-0.0183813	-0.0229151	0.165704
0.00127282	3.833e-06	6.8057e-05	-0.00372593	-0.0308415	0.149405
0.000648563	0.000155763	2.88763e-05	-0.000127136	-0.0214003	0.108433
0.000507256	1.57437e-05	1.63259e-05	-0.00060604	-0.0133638	0.0958367
0.000962725	-0.000197801	-5.33415e-05	0.00047209	-0.0114043	0.125108
0.000585851	0.00020488	-4.2098e-05	0.00212162	-0.014314	0.109303
0.00119475	0.000136956	6.77877e-06	0.00580783	-0.0173891	0.14854
0.00158339	7.91593e-05	-7.96563e-05	0.00404551	-0.0224061	0.168124
0.000970864	-0.000476479	2.88615e-05	-0.0101848	-0.0134334	0.136111
0.000673954	-0.000230856	0.000110744	-0.00957954	-0.0129699	0.121822
0.00106547	9.99148e-05	-1.66206e-05	0.00199299	-0.0199173	0.130838
0.000787553	0.000425388	4.11347e-05	0.0131908	-0.0195522	0.13723
0.00113816	0.000588977	2.62217e-05	0.0127269	-0.0177063	0.145618
0.00021575	8.35667e-05	3.45773e-06	0.00191436	-0.0102148	0.0958552
-6.11185e-06	-3.41529e-05	1.4542e-05	-0.00033467	-0.00616066	0.090796
0.000824723	6.43019e-05	-5.58615e-06	0.0020107	-0.0152314	0.126825
0.000720097	-4.31069e-05	1.38501e-05	0.0017299	-0.00673393	0.120766
0.000374717	-0.000393224	8.71712e-06	-0.00747884	-0.0121107	0.12058
-6.51477e-05	-6.42131e-05	-7.15212e-06	-0.00151117	-0.00626075	0.116163
4.82686e-05	-6.40149e-05	2.64651e-05	0.00346626	-0.00408633	0.126297
0.000153534	-0.000139879	1.25764e-05	-0.00660911	-0.00807079	0.104854
0.000276044	4.48704e-05	6.75777e-06	0.000374141	-0.00946001	0.0970541
0.000216649	-4.67115e-05	2.68314e-05	0.00561237	-0.00798834	0.114318
0.000505558	-9.34974e-05	5.3731e-06	0.00165004	-0.0126699	0.119794
0.000315686	-0.000258511	4.57258e-05	-0.00846451	-0.00351526	0.114037
0.000388158	-0.000321637	-7.35694e-06	-0.00370155	-0.0126668	0.129238
0.00044165	-0.000208903	3.5055e-06	-0.00757316	-0.00737101	0.111425
0.000548921	-0.000301239	5.6049e-06	-0.00425535	-0.0116911	0.10673
0.000333948	-9.32008e-05	3.89665e-05	-0.00219221	-0.00910211	0.0886336
0.0010174	-0.000142926	-4.42692e-06	-0.00294009	-0.0163862	0.136306
0.000689697	0.000410289	1.50734e-06	0.0112007	-0.0118781	0.127599
0.00129096	0.000307396	1.17235e-06	0.00549273	-0.0211401	0.148761
0.000951258	-0.000276292	1.30612e-05	-0.00382569	-0.0125799	0.124435
0.000793421	-9.59579e-05	9.8711e-06	0.00236845	-0.0197593	0.118759
0.000295982	-7.55305e-05	-1.60605e-05	-0.00407113	-0.0116918	0.0951186
0.000239637	4.55244e-06	-5.42088e-06	-0.000523892	-0.00928764	0.0806268
0.000569394	-9.89614e-05	-1.51148e-05	-0.00592032	-0.0149935	0.115289
0.000909193	-0.000361526	6.50819e-05	-0.00847058	-0.0130218	0.138592
0.000988016	-0.000608166	3.39855e-05	-0.0124934	-0.0159945	0.140519
0.000166033	-4.99953e-05	-3.37096e-06	-0.00497943	-0.00977614	0.114862
0.000129002	-5.01959e-05	-1.42401e-05	-0.00488938	-0.00953904	0.122176
0.000599239	0.000199497	-1.91489e-06	0.00872155	-0.0133445	0.13142
0.00104346	0.000364942	-4.41545e-06	0.00801011	-0.0155981	0.156079
0.000702352	-0.000322627	-1.86451e-05	-0.0071703	-0.0129782	0.133782
0.00128775	-0.000381635	7.06936e-05	-0.00755994	-0.0188857	0.153196
0.00137074	-0.000388103	2.73112e-05	-0.0109183	-0.012305	0.155074
0.00128896	-0.000629464	8.80243e-05	-0.0152374	-0.0173753	0.147312
3.86582e-05	0.000202266	3.95992e-05	0.00482624	-0.00930509	0.103146
9.49349e-05	9.06781e-05	3.9713e-05	0.00419299	-0.00748094	0.0902911
0.000308818	4.3176e-05	-2.04057e-05	0.000407737	-0.00687214	0.105389
0.000742545	0.000155723	-9.90858e-05	0.00610822	-0.0148239	0.11064
0.00103425	0.000382959	6.29804e-05	0.00838472	-0.0202583	0.141148
0.00115337	0.000570401	-5.58807e-06	0.0126903	-0.0215442	0.147831
0.00162122	0.000527099	-8.85965e-05	0.00831823	-0.0257328	0.168663
0.00142054	0.000551008	-8.7704e-05	0.00221778	-0.0275295	0.16283
0.00147658	0.000665184	-0.000197489	0.011271	-0.0235528	0.1585
0.000804473	0.000293201	-0.000111358	0.0106236	-0.01063	0.131021
8.01642e-05	4.50562e-05	1.18517e-05	-0.00120789	-0.00618928	0.090141
0.000746533	0.000176873	1.82551e-05	0.00292795	-0.011996	0.113168
0.000866203	-0.000266921	3.32015e-05	-0.00806553	-0.0170173	0.119768
0.00148412	-0.000216048	9.34861e-05	-0.00685051	-0.0148274	0.155855
0.00164326	-0.000178616	3.89232e-05	-0.0023886	-0.0192182	0.173747
0.000841502	0.000495806	6.27565e-05	0.0123825	-0.0150019	0.13525
0.000327356	5.30302e-05	-3.34716e-06	-0.00307682	-0.0109387	0.104097
0.0011176	-0.000167073	4.88851e-06	-0.00499231	-0.0155371	0.147766
0.00126255	-0.000343179	-7.52283e-05	-0.00121201	-0.0166767	0.150674
0.00116458	-0.00055169	-1.22173e-05	-0.010154	-0.0171906	0.14008
0.00047741	9.43042e-05	-1.51932e-05	0.00213929	-0.0145103	0.114727
0.00117268	-6.71285e-07	1.94679e-05	-0.000939726	-0.020188	0.150298
0.000845154	-0.000442611	-2.59672e-05	-0.0121822	-0.0195206	0.136464
0.000435184	0.000210343	6.33552e-07	0.00291367	-0.0112883	0.127083
0.000875887	0.000456089	7.3649e-05	0.00578332	-0.0188928	0.138961
0.001111	0.000554433	5.24957e-05	0.0128813	-0.0197334	0.144019
0.000407001	2.26566e-05	-5.63494e-06	0.00109217	-0.0128357	0.099305
0.000799914	-0.000265955	3.20619e-05	-0.00525899	-0.0170082	0.116871
6.48244e-05	-1.8112e-05	3.39368e-06	-0.00204471	-0.00586817	0.0869772
0.000240094	0.000159358	-1.06576e-05	0.00171427	-0.0113329	0.12754
0.000499527	8.0216e-05	-1.13076e-06	0.00398988	-0.00906403	0.110126
0.00022214	-8.46297e-05	-1.38022e-05	-0.00553078	-0.00871869	0.0989636
0.00048696	6.81241e-05	-9.83137e-06	0.00413585	-0.012442	0.120334
0.000164807	0.000114798	-2.52948e-05	-0.00199622	-0.0131224	0.121497
0.000208244	0.000104015	-7.00761e-06	0.00307359	-0.00849668	0.0977141
0.00096023	0.000249166	8.31719e-06	0.00473513	-0.014453	0.148036
0.000380644	-7.34212e-05	3.3971e-05	-0.00319705	-0.00981367	0.0877022
0.000990386	-0.000152112	-3.97503e-05	-0.00402501	-0.019211	0.139371
0.000485553	0.000262135	-0.000107459	0.00540246	-0.00821423	0.103665
0.000525379	0.000312137	-4.7726e-06	0.00779006	-0.013121	0.121973
0.000233225	-1.38676e-05	-6.58738e-06	-0.00071453	-0.00921573	0.0796428
0.000551489	-0.000198711	-4.0729e-06	-0.00202148	-0.00881278	0.122167
0.0009481	-0.000484205	-5.52651e-05	-0.00951238	-0.0104338	0.140137
0.00136652	-0.000498071	8.09733e-05	-0.0127234	-0.0262919	0.163074
0.000804686	0.000394615	-2.36095e-05	0.00476904	-0.0151878	0.118553
4.70803e-05	-0.000106156	9.08471e-06	-0.000242799	-0.00781978	0.107386
0.000393687	5.79516e-05	-1.73269e-05	0.000523905	-0.0149817	0.0995943
0.000383447	0.000412163	5.19346e-06	0.00784091	-0.0126564	0.127624
-0.00019256	-0.000121263	1.71336e-05	-0.00175131	-0.00496159	0.106059
0.00040454	-0.000384152	-2.08233e-05	-0.00806884	-0.013057	0.130076
0.000750465	5.89489e-05	2.73655e-05	-0.00730905	-0.0120776	0.136569
0.000474535	-0.000173174	7.50841e-06	-0.00233994	-0.0153009	0.123225
0.000699549	-4.38906e-05	-6.61411e-06	-0.00445089	-0.00878979	0.123535
9.0077e-05	-0.000125447	9.02441e-06	-0.00150779	-0.00771981	0.104025
0.000296513	-0.000158036	5.1236e-05	-0.00231918	-0.00877116	0.0941387
0.000612262	-0.000204731	-3.40413e-05	0.00111228	-0.0143164	0.116138
0.000981159	-0.000428058	3.70315e-06	-0.00987211	-0.019565	0.140968
0.000919832	-0.000598162	-8.73521e-05	-0.0133377	-0.0204693	0.145611
0.000416921	0.000227907	2.77204e-05	0.00190679	-0.0118206	0.108677
0.000284525	-0.000114242	3.05209e-06	-0.00486629	-0.00911597	0.0926331
0.000875214	-0.000208593	-1.28715e-05	-0.00456073	-0.0144984	0.142285
0.00150306	-5.63568e-06	-3.46535e-05	-0.000872645	-0.0217639	0.160701
0.000960031	3.87539e-05	-5.37773e-06	-0.00058784	-0.00805822	0.13124
0.000243145	-4.7708e-06	-5.64212e-07	0.000338271	-0.00895302	0.081248
0.000305162	7.36328e-05	-1.96e-05	-5.61066e-05	-0.0137377	0.109383
0.000712563	0.000473564	3.70502e-05	0.0092949	-0.00967147	0.130372
0.000813198	0.000222889	-7.56256e-05	0.00807696	-0.0088388	0.11518
0.000906067	2.46174e-05	4.25194e-06	0.000193889	-0.00899031	0.124491
0.00118194	0.000273617	6.51788e-05	-0.000567283	-0.0154915	0.139598
3.08539e-05	5.06341e-05	4.32032e-06	0.00185069	-0.00905193	0.108464
0.000590523	0.000154815	1.09721e-06	0.000907246	-0.0102647	0.138717
0.00133407	5.5215e-05	5.8719e-06	0.00244173	-0.0187856	0.163542
0.00116578	0.00064262	-6.33344e-05	0.0111413	-0.017024	0.139304
0.000288685	8.78653e-05	-5.72405e-06	0.00668528	-0.00976838	0.10707
0.000695407	-4.61641e-05	1.99947e-05	-0.0062461	-0.0173076	0.120154
0.000867624	-0.00040856	-2.08326e-05	-0.00890804	-0.0146894	0.13289
0.000474948	6.84527e-05	-6.59471e-05	0.00127395	-0.0093562	0.105707
0.000525601	0.000254388	7.36436e-06	0.00660947	-0.00849706	0.125462
0.000876765	-5.82014e-05	2.13422e-06	-0.00130207	-0.0187196	0.138616
0.00094265	-0.000358242	2.61554e-05	-0.009916	-0.0172476	0.149473
0.001342	-0.00054917	5.14284e-05	-0.00736474	-0.0169213	0.149236
0.000821554	-0.000168288	6.88027e-05	0.00211041	-0.0235903	0.130371
0.000439805	0.000384454	-5.55283e-06	0.0105577	-0.0102988	0.115173
0.000540212	0.000155664	4.62582e-05	0.00376658	-0.0101712	0.113497
0.000101162	6.70296e-05	7.20291e-06	0.00265271	-0.00959094	0.121597
-1.66689e-05	3.85279e-05	-6.07403e-06	-0.00253606	-0.00767491	0.128267
6.73683e-05	0.000128175	-1.94286e-05	-3.89058e-05	-0.00733993	0.0911707
0.000358071	-0.000107647	3.90975e-05	-0.00390188	-0.0114082	0.0887509
0.00032905	0.000110249	2.9989e-05	0.00130698	-0.0132898	0.107517
0.00133994	3.23824e-05	-1.83299e-05	0.00152336	-0.00900187	0.14738
0.00107004	0.000500717	-2.03344e-05	0.0116873	-0.0168833	0.141225
0.00134714	0.00036277	1.8994e-05	0.00516071	-0.0204931	0.164574
0.000888203	-0.00030078	-3.30725e-05	-0.0051084	-0.0138418	0.122101
0.00147324	-0.000152659	5.67881e-05	-0.00267367	-0.0215236	0.165509
8.69357e-05	-0.00017614	8.8795e-06	-0.00394405	-0.00791488	0.104482
0.000791257	-0.000322057	-3.40624e-05	-0.00747488	-0.0142803	0.117392
0.000568091	-0.000142173	-1.8142e-05	0.00109809	-0.0216172	0.130357
-3.80958e-05	0.000169326	7.4187e-06	0.0081124	-0.00731221	0.112473
3.31098e-05	8.83466e-06	1.40742e-05	0.000849623	-0.00951843	0.0915661
0.000719332	0.000167508	5.09824e-06	0.00392126	-0.00991563	0.133235
0.000696252	-0.000395473	-2.85447e-05	-0.0102692	-0.0137593	0.125165
0.00112636	-0.000460351	8.74412e-05	-0.00763435	-0.0150107	0.149467
0.00162767	-0.000417662	0.000129004	-0.0060439	-0.0236065	0.169515
0.00181049	-0.000339004	0.000111643	-0.00475818	-0.0266874	0.183155
0.00135647	-0.00072727	6.99565e-05	-0.011407	-0.0182113	0.149634
0.000524887	0.000259068	-2.26912e-05	0.00333535	-0.0107813	0.110296
0.00101676	0.000432313	-4.34993e-05	0.0120661	-0.0164011	0.138694
0.00163739	0.000294673	-4.64057e-05	0.00649135	-0.0261182	0.166331
0.000956087	0.000130395	8.39797e-05	-0.00402979	-0.0238922	0.134521
0.000267836	0.000239558	-1.429e-05	0.00639145	-0.00907558	0.121791
0.000721247	0.000518233	-1.19339e-05	0.011012	-0.0154661	0.132584
0.000937894	0.00051273	-5.44233e-06	0.0119668	-0.0105107	0.147899
-6.48292e-05	4.80648e-05	2.4047e-05	0.0026332	-0.00740517	0.100871
0.000336896	0.000128968	8.428e-07	5.78565e-07	-0.0113595	0.105885
0.00052487	0.000223136	-8.11632e-07	0.0062233	-0.0136083	0.122984
0.000682235	0.000138673	2.61173e-05	-0.000433788	-0.0206431	0.119173
0.000527217	-0.00025281	-1.16313e-05	-0.00714881	-0.011533	0.105382
0.000468553	0.000163856	-6.29765e-06	0.00474281	-0.0092027	0.121292
0.00117717	0.000218635	-1.47332e-05	0.00370018	-0.0199046	0.156302
0.000232909	-4.04386e-06	1.25098e-06	-0.000571688	-0.0104857	0.0814713
0.000235074	7.1769e-05	-1.53599e-06	0.0033399	-0.0100308	0.0950028
0.000605238	0.000199665	-1.87104e-05	0.00509924	-0.0171669	0.113462
0.000475578	0.000164388	-2.29529e-07	0.00733386	-0.00950979	0.10338
0.000572687	-0.000218345	-1.1083e-05	-0.00422011	-0.016055	0.124574
0.000381821	-0.000315859	4.13834e-05	-0.0108612	-0.0069234	0.112486
0.00081071	0.000121667	-1.30022e-06	0.00463227	-0.00895006	0.129105
0.000645176	-4.21222e-05	2.0984e-05	-0.00121271	-0.0213318	0.121311
0.000685972	-0.000171687	-1.19154e-05	-0.00409058	-0.0118314	0.134018
0.000218879	-4.71097e-05	1.01029e-07	-0.00280364	-0.00960548	0.0949242
0.000181108	-0.000211662	1.26367e-05	-0.00677579	-0.00717378	0.102415
0.000171687	2.19686e-05	8.7427e-07	0.000191397	-0.00902375	0.101058
0.000595054	-0.000248993	1.00245e-05	-0.00211011	-0.0129362	0.122379
0.000408565	-0.000235601	5.69025e-06	-0.00801945	-0.00904191	0.113501
0.000427982	1.59982e-05	1.50017e-05	0.00357965	-0.0128971	0.105093
0.000640234	-0.000306888	1.54138e-05	-0.00600707	-0.0133847	0.128698
0.000542021	-2.22842e-05	-9.76301e-06	-0.00904743	-0.0115327	0.130945
-7.24311e-05	0.000279042	6.80379e-05	0.00410821	-0.0119526	0.11208
6.51864e-05	0.000234916	5.63475e-05	0.00553835	-0.00977596	0.119162
0.000856727	-0.000195315	6.78368e-05	-0.00535239	-0.0109157	0.138402
0.00154097	-0.00023236	0.000185811	-0.00938913	-0.0125853	0.161504
0.00169127	-8.71877e-05	-5.33666e-05	0.000495938	-0.0253482	0.17766
0.000645068	-0.000197647	3.96075e-06	0.00285428	-0.0185351	0.124754
0.000624404	-0.00014773	-2.37891e-05	-0.00715964	-0.0167884	0.13148
-6.52799e-05	-5.49744e-05	8.646e-06	-0.00303067	-0.00443561	0.114471
0.000343586	-0.000333218	-1.19839e-05	-0.00833616	-0.00937714	0.13902
0.00126252	-0.000440607	-1.28376e-05	-0.00860245	-0.015703	0.160893
0.00168836	-0.000215456	1.09478e-06	-0.00517039	-0.0237163	0.176348
0.00131147	0.000180353	5.12414e-05	-0.00232124	-0.0148824	0.155071
0.00075833	0.000220731	-0.000111553	0.0101373	-0.010027	0.115703
0.00053139	-0.000224279	7.23736e-05	-0.00527121	-0.0104128	0.110464
0.00124671	-0.000203494	3.20982e-05	-0.00509501	-0.0203767	0.144974
0.00166841	-0.000104158	9.26911e-05	-0.00149818	-0.0190983	0.169808
0.00084399	5.11872e-06	-5.15421e-05	0.00541381	-0.0231769	0.134692
0.000174075	0.000314863	6.80444e-06	0.0078044	-0.0081126	0.116415
6.97661e-05	0.000222238	3.55502e-05	0.00306099	-0.0148203	0.121787
-0.000108891	6.21636e-05	5.44775e-05	0.00266443	-0.00521942	0.114018
0.000146953	0.000376168	6.04762e-05	0.00891028	-0.00826363	0.131508
0.000568444	0.000238058	5.84473e-06	0.00100308	-0.0166835	0.117783
0.00042633	5.18221e-05	1.01634e-05	0.00166139	-0.0102044	0.100668
0.00121562	0.00012285	3.91274e-05	0.00331008	-0.022627	0.14989
0.000167684	-5.44528e-05	-1.28358e-05	-0.00207871	-0.00905304	0.0845123
0.000935739	8.72548e-05	3.1491e-05	-3.06871e-07	-0.0139506	0.124814
0.000948419	0.000377789	4.71804e-06	0.00804226	-0.0162894	0.141335
0.000626404	0.000175827	4.57757e-05	-0.000269793	-0.0238681	0.131583
0.000370959	8.94444e-05	-3.73857e-05	0.00274613	-0.00904993	0.0879518
0.000335996	0.000176687	-6.60214e-06	0.00220364	-0.0150935	0.100433
0.000381985	2.28349e-05	2.4298e-05	-0.00352937	-0.0109635	0.100869
0.000872128	0.00014688	1.31883e-05	0.00259952	-0.016799	0.135971
0.000776922	0.000479853	4.55261e-05	0.00971126	-0.0213497	0.137366
0.00121427	0.000543106	-1.20809e-05	0.00817066	-0.016086	0.151585
0.00149919	0.000634278	-0.000322037	0.0206733	-0.00911253	0.156282
0.000242864	-6.94693e-05	3.22935e-07	-0.000169304	-0.00978108	0.0942788
0.000629766	0.00014439	2.53055e-05	0.00634645	-0.0170613	0.11735
0.000868256	0.000293683	-2.62854e-05	0.0077027	-0.0186113	0.142989
0.000218144	0.00019066	-1.37528e-05	0.00365832	-0.00729552	0.108383
0.000391864	-0.000138753	4.59458e-06	-0.00550906	-0.0106617	0.132686
0.00046058	5.50544e-06	1.7229e-05	0.0053462	-0.015813	0.134538
0.000340725	-1.82405e-05	-1.24508e-05	-0.000180811	-0.00853673	0.103827
0.00059058	-0.000126364	-5.82118e-06	-0.00519841	-0.0110103	0.135228
0.000801315	-0.000318292	6.1562e-05	-0.00829328	-0.0130723	0.149068
0.000697009	0.00016882	-2.15492e-05	0.00099032	-0.0124333	0.107783
0.000360567	-0.000150286	1.62901e-05	-0.00662424	-0.00594835	0.0971297
0.000131049	-4.9666e-05	1.54607e-06	0.00198082	-0.0121565	0.105082
0.000195795	-0.000122213	-1.21817e-05	-0.00534945	-0.00576954	0.101547
0.000479656	0.000311968	2.02588e-05	0.00727565	-0.00970916	0.118501
0.0012139	0.000413618	-2.29761e-06	0.00914089	-0.0173985	0.15398
0.000951893	0.000108984	-0.000111627	0.00867354	-0.0202457	0.127475
0.00085663	0.000113982	5.28062e-06	0.0059558	-0.0109838	0.128268
0.00134604	1.98982e-05	-6.4204e-05	0.00533715	-0.0209958	0.159978
0.00140076	0.000284806	0.000109494	-0.00211916	-0.0181816	0.15094
0.00137107	0.000361104	-0.000130288	0.00649757	-0.0224128	0.154165
0.00114405	-9.24457e-05	-8.86984e-05	0.00422641	-0.0113226	0.144865
0.000744165	-4.27619e-05	-5.29896e-06	-0.00808332	-0.0133836	0.136539
0.00123277	0.00019917	3.83229e-05	0.00152823	-0.0225365	0.155312
0.00168322	0.000159651	2.78574e-05	0.00164966	-0.0273095	0.176083
0.00154951	0.000376011	1.39944e-05	0.00223331	-0.0178565	0.165493
0.000109143	-0.000215006	-1.7969e-05	-0.00161338	-0.0096305	0.106268
0.000563606	0.000307684	2.10601e-05	0.00617247	-0.0127548	0.12182
0.000398984	0.000172745	1.02648e-05	0.00989072	-0.00850498	0.124058
0.000187186	3.22455e-05	7.37778e-06	-0.00363736	-0.0100837	0.124201
0.000442859	0.000326988	-7.69885e-06	0.00759185	-0.0144174	0.139438
