-0.00022247	-0.000244134	0.000271074	-0.0109332	0.0147468	0.0597045
0.000231679	0.000278239	-0.000234331	0.00515182	-0.0132954	-0.0600481
-0.00050535	-0.000342866	0.000178918	0.00732397	-0.0365388	0.0584573
0.000189223	0.000263262	-0.000248283	0.007889	-0.0210509	-0.060155
-0.000264708	-0.000258948	0.000257415	-0.00818814	0.00713157	0.0595074
0.00017916	0.000259906	-0.000251725	0.00852344	-0.0229635	-0.0600892
-0.000265416	-0.00025878	0.000257362	-0.00822674	0.00708422	0.0594007
0.000471379	0.000364749	-0.000156116	-0.0107156	0.0301207	-0.0594934
-0.000241724	-0.000258922	0.000172665	-0.00810274	0.0115617	0.0597383
0.000241572	0.00029349	-6.8753e-05	0.00163108	-0.0114404	-0.0600242
-0.000618687	-0.000391941	-2.40178e-06	0.0167655	-0.0569555	0.0583467
9.72767e-05	0.000242168	-0.000128521	0.0109173	-0.0375673	-0.0603078
-0.00045556	-0.000329603	0.000139726	0.00516691	-0.0275214	0.0587219
0.000205679	0.000277877	-0.0001639	0.00545034	-0.0179588	-0.0604032
-0.000299056	-0.000292532	8.15492e-05	-0.00310072	0.0014335	0.060254
0.000582131	0.000426243	2.41659e-05	-0.0213088	0.0500295	-0.0597558
-0.000375352	-0.000318409	7.28047e-05	0.00152549	-0.0125355	0.0600731
0.000421916	0.000355969	-0.000116841	-0.00867961	0.0211064	-0.0598731
-0.000267292	-0.000267028	0.000178138	-0.00668873	0.00688383	0.0596197
0.000231675	0.00029056	-6.83881e-05	0.00220489	-0.0132067	-0.0600331
-0.000619197	-0.000392445	-1.75865e-06	0.0168304	-0.057075	0.0583488
4.34365e-05	0.000223325	-0.000145704	0.0143889	-0.047288	-0.0604248
-0.000455458	-0.00033003	0.000139791	0.00523384	-0.0275082	0.058697
0.000222834	0.00028376	-0.000158238	0.00436971	-0.014852	-0.0603021
-0.000290735	-0.000289441	8.43371e-05	-0.00368786	0.00296242	0.0602475
0.000582056	0.000426291	2.42149e-05	-0.0213046	0.0500079	-0.0597103
-0.000212036	-0.000259413	0.000126363	-0.00938709	0.017138	0.0605869
0.000422132	0.00035476	-0.000116703	-0.00843221	0.0212201	-0.059864
-0.000676015	-0.000410377	4.51764e-05	0.0197859	-0.0672741	0.0579359
0.000323279	0.00032389	-3.85027e-05	-0.003935	0.00341187	-0.0598555
-0.000620956	-0.000391661	-2.02628e-06	0.0166871	-0.0572481	0.0582693
0.000339625	0.00032541	-4.96875e-05	-0.0043813	0.00618475	-0.0594317
-0.000457375	-0.000328685	0.000139641	0.00495378	-0.0276959	0.0585303
0.000239898	0.000278997	-0.000245541	0.0049148	-0.0118873	-0.0597178
-0.000262648	-0.00025813	0.000254994	-0.00835005	0.0076075	0.0592938
0.000472026	0.000365096	-0.000156612	-0.0107651	0.030237	-0.0593529
-0.000217661	-0.000250184	0.00018057	-0.00974355	0.0159952	0.0596654
0.000253982	0.000297764	-6.46814e-05	0.000877969	-0.00922351	-0.0598468
-0.000619246	-0.000392289	-2.4143e-06	0.0167763	-0.0569828	0.058226
9.73508e-05	0.00024198	-0.000128492	0.0109789	-0.0376079	-0.0601144
-0.000456357	-0.000329752	0.000139729	0.00515488	-0.0275791	0.0585507
0.000242518	0.000246385	-0.000147944	0.0111733	-0.0114091	-0.0601248
-0.000150152	-0.000203693	0.0001278	-0.0194584	0.0284815	0.0608858
0.00033704	0.000344032	-5.67109e-05	-0.00612856	0.00568392	-0.0603047
-0.0001471	-0.000233429	0.000147916	-0.0141899	0.0288984	0.0607513
0.000204703	0.000447054	-0.000202922	-0.0250402	-0.0179463	-0.0602121
-0.0005746	-0.000499426	9.00153e-05	0.0358217	-0.049131	0.0580771
7.76153e-05	0.000207949	-0.000114457	0.0172859	-0.0412602	-0.0602932
-0.000345981	-0.000306672	8.79475e-05	0.000970453	-0.00716941	0.0591161
0.000716968	0.000283626	8.93292e-05	0.00298687	0.0743089	-0.0586928
-0.000295448	-0.000154237	8.86518e-05	-0.0268131	0.0021878	0.0596386
0.000228511	0.000318305	-8.96928e-05	-0.00291298	-0.0138212	-0.0596575
-0.000623222	-0.000386385	-7.93444e-06	0.0157011	-0.057646	0.0581709
0.000338274	0.000326393	-5.08584e-05	-0.00451036	0.00625052	-0.0596932
-0.000697228	-0.000413713	6.06105e-05	0.0206187	-0.0715052	0.0577987
0.000195558	0.000272365	-0.000167306	0.00647676	-0.0196236	-0.0603044
-0.000230662	-0.000431734	0.000212362	0.0218219	0.0132344	0.0598159
0.000482009	0.000681358	-0.000195797	-0.0667368	0.0325047	-0.0597962
-0.000289117	-0.000548062	0.000269996	0.0425852	0.00227408	0.0594202
0.000241871	0.000567423	-0.000256324	-0.0457096	-0.0108515	-0.0606047
-0.000524144	-0.000642267	0.000196892	0.0599534	-0.0404368	0.0584044
0.000485648	0.000660126	-0.000173829	-0.062747	0.0333599	-0.0600535
-0.000658258	-0.00052225	0.000137236	0.0383749	-0.0647177	0.0584787
0.000309561	0.00013155	-9.86928e-05	0.0337072	0.000907172	-0.0611243
-0.000568022	-0.000156642	-2.52243e-05	-0.0291035	-0.0473055	0.0606458
0.000640695	0.000386778	5.33007e-05	-0.012546	0.0609159	-0.0605929
-0.000592865	-0.000436488	2.57041e-06	0.0215691	-0.0521959	0.0598873
0.000701648	0.00035049	6.16922e-05	-0.00600198	0.0718314	-0.0603133
-0.000321829	-0.00020969	9.91392e-05	-0.0196791	-0.00295607	0.0611266
0.000216858	0.000321404	-8.94557e-05	-0.00057896	-0.015641	-0.0613679
-0.000752746	-0.000301141	-6.60142e-05	-0.00241864	-0.0813147	0.0597944
0.000203882	0.000165916	-8.32931e-05	0.0275438	-0.0179824	-0.0616986
-0.000286895	-0.000493381	0.000213492	0.031737	0.00254916	0.0603811
0.000302015	0.000454652	-0.00014226	-0.0238075	-2.55555e-05	-0.0614205
-0.000384142	-0.000314914	5.11593e-05	-0.00188484	-0.0143444	0.0614165
0.000258535	0.000359614	-5.41351e-05	-0.00673832	0.00650472	-0.0461492
-0.000195784	-0.000327317	6.57594e-05	0.00229679	-0.0145154	0.0237169
0.000136428	0.000348023	-4.49563e-05	-0.00583302	0.007998	-0.0202441
-0.000410931	-0.000423866	-1.15022e-05	0.0202439	-0.0565033	0.0196943
0.000371154	0.000445887	3.30965e-05	-0.0236907	0.0497285	-0.0206406
-0.000410331	-0.000423924	-1.14722e-05	0.0202438	-0.0565212	0.0194878
0.000371123	0.000446197	3.30125e-05	-0.0237295	0.0496767	-0.0206627
-0.000409776	-0.000424222	-1.13882e-05	0.0202929	-0.056464	0.0194877
0.000140587	0.000347907	-4.48325e-05	-0.00578873	0.00796741	-0.0210666
-0.000178751	-0.000327808	6.66834e-05	0.00258164	-0.0145131	0.0202782
0.000140609	0.000347949	-4.48669e-05	-0.00577257	0.00796916	-0.0211064
-0.000409811	-0.000423762	-1.13741e-05	0.0202479	-0.0564854	0.019513
0.000371286	0.000446003	3.29826e-05	-0.0236993	0.0497253	-0.0207398
-0.000409932	-0.000423936	-1.13694e-05	0.0202601	-0.0564827	0.0195403
0.000193639	0.000370479	-2.70225e-05	-0.00991152	0.0175659	-0.0210111
-0.000178782	-0.00032773	6.67183e-05	0.00257575	-0.0145049	0.0203039
0.000140541	0.000347989	-4.49581e-05	-0.00577775	0.00796646	-0.0211249
-0.000409773	-0.000423671	-1.13283e-05	0.0202413	-0.0564754	0.0195473
0.000371256	0.000446034	3.29078e-05	-0.0237005	0.0497328	-0.0207755
-0.000409806	-0.000423891	-1.13189e-05	0.0202617	-0.0564666	0.0195828
0.000140643	0.000347921	-4.49681e-05	-0.00579629	0.00798828	-0.0211299
-0.000178777	-0.000327618	6.67538e-05	0.00257961	-0.0144907	0.0203309
0.000140627	0.000348096	-4.50587e-05	-0.00580333	0.00794934	-0.0211359
-0.000178646	-0.000327627	6.67783e-05	0.00257312	-0.0144789	0.0203143
0.000140446	0.000348007	-4.50547e-05	-0.00577827	0.00796852	-0.0211567
-0.000409596	-0.000423599	-1.1265e-05	0.0202388	-0.056454	0.0195986
0.000371134	0.000446057	3.28311e-05	-0.0237	0.0497462	-0.0208328
-0.000409446	-0.000423913	-1.12399e-05	0.0202778	-0.0564318	0.0196526
0.000140419	0.000347912	-4.5019e-05	-0.00579636	0.00800685	-0.0211985
-0.000178309	-0.000327655	6.68184e-05	0.00260387	-0.0144607	0.0204127
0.00014045	0.000348012	-4.50592e-05	-0.00578932	0.00799932	-0.0212253
-0.000409623	-0.00042348	-1.12439e-05	0.0202344	-0.0564592	0.0196518
0.000371336	0.000445936	3.27849e-05	-0.0236812	0.0497737	-0.0208644
-0.000409817	-0.000423624	-1.1248e-05	0.020239	-0.0564626	0.0196679
0.00037101	0.00044618	3.272e-05	-0.0237128	0.049737	-0.0208566
-0.000409121	-0.000424004	-1.11603e-05	0.0203026	-0.0563929	0.0196989
0.000140172	0.000347952	-4.50862e-05	-0.00580047	0.00801414	-0.0212538
-0.000177714	-0.000327683	6.69236e-05	0.00262239	-0.0144119	0.0204885
0.000140179	0.000347875	-4.50836e-05	-0.00576701	0.00803512	-0.021313
-0.000408897	-0.000423544	-1.11287e-05	0.0202612	-0.0564072	0.0197597
0.000371043	0.00044582	3.27856e-05	-0.0236619	0.0498219	-0.020981
-0.000408886	-0.000423792	-1.11167e-05	0.0202865	-0.0563956	0.0197968
-8.58986e-05	0.000252567	-0.000121699	0.0116675	-0.0330955	-0.0218205
-0.000126285	-0.000305428	8.45755e-05	-0.0013995	-0.00490361	0.0205702
0.000372065	0.000446532	3.25542e-05	-0.023766	0.0497165	-0.020804
-0.00017915	-0.000326375	6.66638e-05	0.00244378	-0.0146163	0.0201233
8.41497e-05	0.000438604	-0.000139251	-0.0225038	-0.00208724	-0.0209592
-0.000382353	-0.000490588	5.51626e-05	0.0327808	-0.0516981	0.0192822
-7.9421e-05	0.000235672	-0.000104441	0.014391	-0.0320777	-0.0216577
-0.000122501	-0.000306242	8.88938e-05	-0.000880528	-0.00412817	0.0203174
0.000375782	0.000438243	3.33411e-05	-0.0226128	0.050278	-0.0205868
-0.000414269	-0.000414735	-1.10691e-05	0.0190011	-0.0569628	0.0193017
0.000459304	0.000458683	-3.34599e-05	-0.0269186	0.0653318	-0.0195128
-8.86497e-05	-0.000278271	0.000166166	-0.00549386	0.00190513	0.0196985
1.57866e-05	0.000294209	-6.94834e-05	0.00327436	-0.0148454	-0.020898
-0.000419414	-0.000406856	-8.5839e-06	0.0181005	-0.0581652	0.019115
-9.69199e-05	0.000250596	-0.000122819	0.0111655	-0.035224	-0.0212836
-0.000316581	-0.0002015	6.67662e-06	-0.0192922	-0.0391902	0.0205528
4.65205e-05	0.000177516	-6.45603e-05	0.0243117	-0.0095148	-0.0211738
-8.01876e-05	-0.000312599	0.000101486	0.000790469	0.00362966	0.0200256
0.000468944	0.000439596	-3.08728e-05	-0.0239896	0.0669551	-0.0192774
-4.0814e-05	-0.000259622	0.000180165	-0.00836174	0.01072	0.0194564
0.000209565	0.000344528	-9.85996e-05	-0.0070572	0.0201286	-0.0193025
-0.000476127	-0.000408519	4.50266e-05	0.0194838	-0.0684215	0.0181214
-0.000397207	0.000506348	-0.000234547	-0.0361638	-0.0896053	-0.0203871
0.000120199	-0.000962126	0.000333264	0.119199	0.038511	0.018158
-8.27671e-05	0.00090897	-0.000248192	-0.108957	-0.0322329	-0.019527
5.57287e-06	-0.000765343	0.000157791	0.0833231	0.0185494	0.0189084
-5.34855e-05	0.000818582	-0.000164705	-0.0924732	-0.027288	-0.0196734
0.000256138	-0.000704313	0.000257272	0.0720808	0.0638294	0.01927
-0.000117505	0.000789658	-0.000180163	-0.0871442	-0.0387321	-0.0197808
1.68428e-05	-0.000790085	0.000180027	0.0877639	0.0203009	0.0188551
-0.000118292	0.000788708	-0.000179716	-0.0869829	-0.038664	-0.0199872
1.85789e-05	-0.000790624	0.000180257	0.0878711	0.020398	0.0190579
-0.00029579	0.000728184	-0.000237444	-0.0758675	-0.0708071	-0.020621
-6.13112e-05	-0.000810583	0.0002463	0.0912172	0.00550042	0.0192567
-0.000234768	0.00073936	-0.00028693	-0.0775602	-0.0595587	-0.0206244
4.14784e-05	-0.000782809	0.000170794	0.0859702	0.0245721	0.0196499
-0.000289439	0.000722972	-0.000241004	-0.0744577	-0.0698223	-0.0209261
0.000288709	-0.00069122	0.000268526	0.0691263	0.0697099	0.0201687
-5.56471e-05	0.000811571	-0.000160101	-0.0906588	-0.0275687	-0.0201559
1.77674e-05	-0.000787942	0.000180716	0.0868801	0.0205783	0.0191383
5.80916e-05	0.000841562	-0.000215552	-0.0967073	-0.00699915	-0.0190563
0.00019638	-0.00071947	0.000307958	0.0748541	0.0527301	0.0190916
-0.000373532	0.000700334	-0.000245753	-0.0707773	-0.0850345	-0.0204029
1.34165e-05	-0.000790494	0.00018319	0.0878801	0.019544	0.0189093
-0.000295548	0.000728256	-0.000236802	-0.0758934	-0.0709578	-0.0205361
-0.000123814	-0.000668961	0.000120422	0.065874	-0.00512407	0.0196421
-0.000187229	0.000635584	-0.000192477	-0.0591881	-0.0514975	-0.020508
8.79661e-05	-0.000792211	0.00020928	0.088163	0.0332224	0.0191709
9.32461e-05	0.000680024	-9.69295e-05	-0.0675196	-0.000952464	-0.0191847
0.000154654	-0.000613938	0.00021403	0.0557573	0.0456566	0.0193147
-1.28654e-05	0.000843657	-0.000242272	-0.0975709	-0.0199816	-0.0186216
-2.89439e-05	-0.000616877	0.000219113	0.0568496	0.0121668	0.0190611
-0.000450359	0.000558288	-0.000259531	-0.0454909	-0.0992967	-0.020383
2.72323e-05	-0.000811896	0.000194009	0.0923156	0.0221837	0.0184767
-3.61701e-05	0.000805352	-0.000155266	-0.0906283	-0.0241009	-0.0194773
6.74947e-06	-0.000788787	0.000180652	0.0881125	0.0186099	0.0184594
9.04566e-05	0.000682565	-9.84192e-05	-0.0684949	-0.00147436	-0.0187412
3.15683e-06	-0.000494493	0.000148715	0.0346221	0.0182386	0.0196064
-0.00026482	0.000397625	-0.000195473	-0.0165386	-0.0659922	-0.0197103
-1.14472e-05	-0.000126278	0.000107611	-0.0321238	0.0161964	0.0203679
6.22246e-06	0.000149682	-7.48963e-05	0.0284106	-0.0169226	-0.0205923
-0.000395738	-0.000406434	1.53668e-08	0.0191084	-0.0537945	0.0184876
0.000168934	0.000305729	-3.38034e-05	-3.33749e-05	0.012503	-0.0202245
-0.000190579	-0.000292949	6.06191e-05	-0.0016833	-0.0161813	0.0191898
0.000520263	0.000282873	9.19122e-05	0.00383033	0.0758726	-0.018883
-0.000122461	-0.000159578	7.20834e-05	-0.0259869	-0.00375345	0.019336
5.03375e-06	0.00031634	-9.31139e-05	-0.00180598	-0.0170485	-0.0200926
-0.000430448	-0.000377763	-1.58184e-05	0.0138962	-0.0599697	0.0183079
0.000142115	0.000329825	-4.56996e-05	-0.00442436	0.00796885	-0.0200312
-0.00050439	-0.0004034	5.26448e-05	0.0182581	-0.0738097	0.0185434
2.60214e-06	0.000276468	-0.000160078	0.00576502	-0.0173048	-0.0205656
-0.000244265	-0.000330558	0.000119649	0.0043045	-0.0263548	0.0197004
0.000530124	0.00045813	-8.54432e-05	-0.0275416	0.0781439	-0.0188514
5.68063e-06	-0.000241928	0.00017719	-0.0116446	0.0191746	0.0197683
5.70636e-05	0.000306297	-6.05819e-05	0.000513369	-0.00760466	-0.0205007
-0.000423075	-0.000394231	-1.00123e-05	0.0163574	-0.0586664	0.0186748
-0.000131444	0.00024012	-0.000133636	0.0125703	-0.0417746	-0.0210226
-0.000142266	-0.000298439	7.84758e-05	-0.00122183	-0.00751179	0.0195974
0.000385809	0.000418893	3.32561e-05	-0.0201781	0.0518243	-0.0198904
-0.000422642	-0.000392761	-1.25253e-05	0.0161	-0.058332	0.0185871
0.000281953	0.000382784	-4.99946e-07	-0.0135791	0.0330347	-0.0199619
-0.000422811	-0.000392628	-1.25391e-05	0.0160895	-0.0583433	0.0185694
0.000385695	0.000418836	3.30724e-05	-0.0201671	0.0517836	-0.0197845
-0.000179208	-0.000310225	6.61964e-05	0.000947409	-0.0143375	0.0191704
0.000116509	0.000325666	-5.38867e-05	-0.00309041	0.00325511	-0.0203064
-0.000420496	-0.000393305	-1.22484e-05	0.0162047	-0.0581767	0.0187331
-0.000106296	0.000248534	-0.000126394	0.0110227	-0.0372357	-0.0209755
-0.000130186	-0.000294089	8.23194e-05	-0.00200369	-0.00527946	0.0196157
0.000385983	0.000419031	3.31074e-05	-0.0201965	0.0518147	-0.0198694
-0.000179562	-0.000309847	6.61821e-05	0.000891892	-0.0143728	0.0191657
0.000134106	0.000331727	-4.82648e-05	-0.00420643	0.00641584	-0.0202456
-0.000420943	-0.000393128	-1.22673e-05	0.0161796	-0.058203	0.0187044
0.000143036	0.00033435	-4.53004e-05	-0.00472768	0.00807578	-0.020362
-0.000178745	-0.000311008	6.64231e-05	0.00106225	-0.0142045	0.0195379
0.000143022	0.000334448	-4.5356e-05	-0.00472364	0.00805216	-0.0203771
-0.000557763	-0.000271387	-7.21568e-05	-0.00586301	-0.0828459	0.0194046
5.77751e-05	0.000178883	-6.01215e-05	0.023533	-0.0076572	-0.020856
-7.16353e-05	-0.000306025	0.000103612	0.000146269	0.00530864	0.0197134
0.00052535	0.000288258	9.4985e-05	0.00337867	0.0767462	-0.0192477
-7.96513e-05	-0.000151463	8.68074e-05	-0.0279864	0.00412137	0.0197659
-4.75027e-05	0.000458899	-0.000218404	-0.0275893	-0.0263901	-0.0200103
-0.000467703	-0.000504483	0.000145205	0.0365807	-0.0672661	0.0180674
-6.3531e-05	0.000231811	-0.000159639	0.0139411	-0.0293979	-0.0206556
-0.000122894	-0.000300523	7.17474e-05	-0.000837902	-0.00396312	0.0196641
0.000388859	0.000417671	3.03439e-05	-0.0199383	0.0523871	-0.0199372
-0.000420483	-0.000390468	-1.20551e-05	0.0156861	-0.0579137	0.0186614
0.000384394	0.000418422	3.17681e-05	-0.0200604	0.0515947	-0.0198689
-0.000420984	-0.0003907	-1.15864e-05	0.0157181	-0.0580406	0.0186722
0.000141562	0.000336046	-4.57172e-05	-0.0050152	0.00768038	-0.0202546
-0.000312102	-0.000190289	6.11303e-06	-0.0208144	-0.0381203	0.0200918
0.000239773	0.000245029	-7.84901e-07	0.0114489	0.0254678	-0.0203663
-0.000394062	-0.000411314	5.69227e-07	0.0194591	-0.0533861	0.0188784
0.000146532	0.000331878	-4.30725e-05	-0.0041949	0.00849701	-0.0206463
-0.00017548	-0.000311034	6.67888e-05	0.00107975	-0.0134567	0.0195578
0.000140674	0.000337186	-4.57393e-05	-0.00520911	0.00745425	-0.0203047
-0.000176985	-0.000309661	6.61814e-05	0.000834354	-0.013671	0.0193921
0.000140289	0.000337658	-4.60049e-05	-0.00528615	0.00733958	-0.0202233
-0.000177246	-0.000309493	6.61326e-05	0.000794116	-0.0136978	0.0193439
0.000140037	0.000337638	-4.60616e-05	-0.0052677	0.00731663	-0.0202107
-0.000420515	-0.000387791	-1.08016e-05	0.0152136	-0.0578847	0.0186383
0.000383079	0.000417994	3.06943e-05	-0.0199668	0.051308	-0.0198774
-0.000321553	-0.000143159	2.41451e-06	-0.0202011	-0.0400547	0.0196523
-7.11641e-06	-7.2876e-08	-7.62941e-05	0.0258265	-0.0194647	-0.0210577
-0.000148882	-0.000116482	7.81505e-05	0.0050705	-0.00891773	0.0197096
0.000144692	0.000126548	-4.21518e-05	-0.00401348	0.00819057	-0.0205256
-0.000171471	-0.000104464	6.76023e-05	0.00119677	-0.0129676	0.0196538
0.000138677	0.000129576	-4.48054e-05	-0.00496399	0.0071331	-0.0205273
-0.000416489	-0.000180235	-9.13916e-06	0.0150431	-0.0574766	0.0189601
0.000381421	0.000208288	3.0969e-05	-0.019387	0.0511288	-0.0202659
-0.00049112	-0.000205919	5.68492e-05	0.0193565	-0.0712054	0.0191576
-4.13541e-05	7.14254e-05	-0.000168407	0.00605388	-0.0254101	-0.0210478
-0.000104768	-8.62376e-05	7.16458e-05	-0.00275822	-0.000753728	0.0200916
0.000380831	0.000219744	2.70196e-05	-0.0209487	0.0508786	-0.0204051
-0.000173188	-0.00010778	6.59578e-05	0.00119219	-0.0132444	0.0194805
0.000136854	0.000135914	-4.54434e-05	-0.00559176	0.00680806	-0.0207422
-0.00041267	-0.000190262	-8.54427e-06	0.0163005	-0.0568085	0.0192392
0.000137154	0.000135602	-4.50772e-05	-0.00556503	0.00687372	-0.0208438
-0.000247944	-0.000136816	0.000132846	0.00609289	-0.0270568	0.0201324
0.000191596	0.000159722	-9.46379e-05	-0.00954693	0.0169785	-0.020815
-0.000394896	-0.000194539	-2.03277e-05	0.0165414	-0.0536452	0.0197136
0.000374804	0.000297111	2.54645e-05	-0.0224842	0.0501173	-0.0207726
-0.000208726	-0.000185558	0.000144258	0.00544145	-0.0204911	0.0201813
-4.71819e-05	6.89633e-05	-0.000170721	0.0053882	-0.0256879	-0.0219609
-0.000284017	-1.17873e-05	-4.00408e-06	-0.0179013	-0.0337259	0.0213129
0.00022951	0.000200303	-6.65199e-06	0.00700298	0.0242444	-0.0218988
-0.000377064	-0.000331309	7.8402e-06	0.0231784	-0.050878	0.0194149
0.000371875	0.000212636	2.65665e-05	-0.0229529	0.0496282	-0.0207062
-0.000398476	-0.000269192	-8.68131e-07	0.0205104	-0.0543973	0.0443106
0.000364583	0.000411159	2.1708e-05	-0.0254675	0.0482926	-0.038828
-0.000401775	-0.000304464	1.31549e-07	0.0197406	-0.0552843	0.0142841
0.000127888	0.000135002	-5.21481e-05	-0.00839402	0.0062239	-0.0225135
-0.000163257	-0.000135009	7.39072e-05	0.00397578	-0.0128013	0.0204352
0.0001264	0.00028868	-5.39298e-05	-0.00903001	0.00627377	-0.0212411
-0.000291838	-0.000123652	1.6472e-05	-0.0147014	-0.0355651	0.0223659
0.000223187	5.47462e-05	-1.01605e-05	0.0057623	0.0230073	-0.0226919
-0.000375298	-0.000244218	1.51598e-05	0.0238432	-0.0508148	0.0182568
0.000370492	0.000374462	1.86293e-05	-0.0246906	0.049487	-0.0192456
-0.000395357	-0.000379617	8.08364e-06	0.0239699	-0.0541317	0.0429562
0.000120665	0.000319824	-5.91971e-05	-0.0129043	0.00587029	-0.0395976
-8.27713e-05	-0.000374687	0.000205637	0.0309047	-0.0033116	0.0122343
6.4128e-05	0.000253951	-0.000153024	-0.0297442	-0.00129578	-0.0188962
-0.000227618	-0.000162937	0.000123447	0.00811801	-0.0273653	0.0204424
0.000157605	0.000342558	-0.000116029	-0.0179195	0.0150601	-0.0197432
-0.000435453	-0.000379868	6.37566e-05	0.0305681	-0.0639199	0.0162418
0.000159713	0.000193437	-0.000114063	-0.017971	0.0157634	-0.0198994
-0.000188209	-0.000274736	0.000136191	0.0190468	-0.0218641	0.0457596
0.00015161	0.000412139	-0.000115597	-0.023355	0.0150736	-0.0386823
-0.000269296	-0.000153453	1.3471e-05	-0.00988884	-0.0322092	0.020503
0.0002121	0.000108389	-2.34211e-05	-0.00150749	0.0223467	-0.0252858
-0.000351782	-0.000290976	2.63708e-05	0.0303003	-0.0478087	0.0159958
0.00034809	0.000425342	6.19061e-06	-0.0318045	0.0460992	-0.017056
-0.000370555	-0.000447325	1.9627e-05	0.0338788	-0.0511904	0.0410224
0.000104011	0.000236009	-6.62235e-05	-0.0188524	0.00494655	-0.0398392
-0.000139858	-0.000165817	8.76653e-05	0.00885093	-0.0120482	0.0166224
0.00010581	0.000203809	-6.6206e-05	-0.0145783	0.00513012	-0.0223493
-0.000274181	-8.37285e-05	2.94012e-05	-0.00642973	-0.0338284	0.0251492
0.000254976	0.000153036	-8.46881e-06	-0.00554775	0.0295735	-0.0234892
-0.000349764	-0.000287713	3.01081e-05	0.0306656	-0.0478235	0.0157549
0.000108661	0.00033312	-6.47514e-05	-0.0146253	0.00591921	-0.0214075
-0.000129857	-0.000358568	9.06257e-05	0.0175583	-0.0109306	0.0461403
0.000100834	0.000244575	-6.85331e-05	-0.0202969	0.00466911	-0.039553
-0.000134886	-0.00016878	8.94874e-05	0.00935493	-0.0117358	0.0165095
0.000101821	0.000209044	-6.8244e-05	-0.0154672	0.0048792	-0.0221503
-0.0003748	-0.000272064	2.19119e-05	0.0278723	-0.0518522	0.0153515
0.000340443	0.000436235	-2.16115e-06	-0.0334557	0.044932	-0.015249
-0.000274378	-0.000283626	3.11268e-05	0.00351284	-0.0344642	0.051776
-4.44921e-05	9.61866e-05	-9.4225e-05	0.00712798	-0.0198448	-0.0502627
-1.21819e-05	-0.000326462	0.000222116	0.0376965	0.00206778	0.0077931
3.21915e-05	0.000314921	-0.000157152	-0.0342129	-0.00182323	-0.0165235
-0.000258552	-9.11842e-05	2.05145e-05	-0.00563297	-0.0310249	0.0266641
0.000177802	0.000167323	-3.86815e-05	-0.00753715	0.0176754	-0.0240178
-0.000251452	-0.000437896	0.00015263	0.0570481	-0.0377402	0.00696952
2.63359e-05	0.000453538	-0.000158827	-0.0355161	-0.00228727	-0.0149925
-0.000174857	-0.000417031	0.000133243	0.0265359	-0.0235896	0.0451345
0.000110966	0.000319907	-0.000123585	-0.0323866	0.0116983	-0.0365882
-0.000486571	-0.000203894	-4.31196e-05	0.0144455	-0.0687374	0.0152911
0.000191787	0.000175912	-3.18451e-05	-0.00803907	0.0201568	-0.0256888
-9.61948e-05	-0.000217972	0.000101816	0.0162979	-0.00708755	0.0202628
0.000326507	0.00046503	-5.17088e-06	-0.0371065	0.0431534	-0.0137743
-0.000111721	-0.000404272	9.41719e-05	0.023693	-0.0101864	0.0465747
7.41629e-05	0.000283986	-7.46763e-05	-0.0253758	0.00229258	-0.0403521
-0.000353126	-0.000295367	2.9228e-05	0.0310226	-0.0493394	0.00882953
8.48624e-05	0.000239062	-7.2208e-05	-0.0193372	0.00396311	-0.022055
-0.000250786	-0.000131367	3.71533e-05	0.000602234	-0.0314239	0.0263954
0.000184869	0.000177888	-3.01081e-05	-0.00840392	0.019217	-0.0250831
-0.000320421	-0.000420189	3.97834e-05	0.0446408	-0.044834	0.0383652
8.5146e-05	0.000442295	-7.03561e-05	-0.0265004	0.00446537	-0.0397114
-0.00011123	-0.000292356	9.50806e-05	0.0137144	-0.010483	0.0164733
8.15747e-05	0.000221472	-7.36724e-05	-0.0202203	0.00380682	-0.0216681
-0.000111498	-0.000217964	9.47922e-05	0.0152153	-0.0105564	0.0208605
8.11334e-05	0.000239869	-7.37358e-05	-0.0197945	0.00376491	-0.0206094
-0.000345327	-0.000412104	3.18526e-05	0.0430667	-0.048614	0.0381368
0.000315317	0.000550373	-1.19677e-05	-0.0462092	0.0419855	-0.0306711
-0.000442251	-0.000338167	-4.27311e-06	0.022192	-0.0631497	0.0118419
0.000148006	0.0001864	-4.72555e-05	-0.0138986	0.0140258	-0.0243493
-8.94982e-05	-0.00023217	0.0001029	0.0177477	-0.00779383	0.0199365
8.19753e-05	0.000242244	-7.33114e-05	-0.0201887	0.0042945	-0.0204929
-0.000342125	-0.000419212	3.46202e-05	0.0443017	-0.0483544	0.0374008
0.00031473	0.000555837	-1.42716e-05	-0.0471461	0.0420549	-0.0298266
-0.000347088	-0.000391175	3.55932e-05	0.031765	-0.0491839	0.00713458
7.53473e-05	0.000230155	-7.66467e-05	-0.0217605	0.00364096	-0.0207884
-0.000127988	-0.000281842	0.000156925	0.0264957	-0.0201766	0.0157378
0.000100331	6.49932e-05	-0.000121161	-0.00516885	0.0116644	0.0340389
-0.000335781	-0.000248674	2.47815e-05	0.0261796	-0.0462487	-0.00108328
0.000306424	0.000611835	-1.89412e-05	-0.0537922	0.0413835	-0.0366779
-0.000380765	-0.000578196	2.43511e-05	0.0362023	-0.0532387	0.0226396
9.8674e-05	0.000512968	-6.86334e-05	-0.0266563	0.00697292	-0.0342902
-9.36489e-05	-0.000421908	9.84765e-05	0.0162803	-0.00925096	0.0169012
8.30362e-05	0.000201248	-7.58075e-05	0.00561325	0.00483987	0.0370797
-0.000237809	-9.34911e-05	7.0277e-05	-0.0156455	-0.0301379	-0.0673382
8.93681e-05	0.000122745	-7.88315e-05	0.0141344	0.00498032	0.0550796
-0.00010625	-0.000266792	9.57353e-05	-0.000382792	-0.0108406	-0.0146558
6.86174e-05	0.000506367	-7.72412e-05	-0.0267046	0.00307783	-0.0279392
-3.78698e-06	-0.000460854	0.000128347	0.0162812	0.00681162	0.0382566
8.18953e-05	9.515e-05	-8.19098e-05	0.00395562	0.00308263	0.0321631
-0.00103905	0.0002124	-0.000159321	0.0202195	-0.157452	-0.0925901
0.000427096	-0.000499294	2.36359e-05	0.00741979	0.0581754	0.0595651
0.000149993	0.00052428	0.000163994	-0.03926	0.0301127	-0.0562978
0.00022457	-0.000116918	-1.91339e-05	0.0300953	0.0253641	0.0546041
1.32203e-05	4.38134e-05	0.000122674	-0.0491128	0.0120509	-0.0447916
-0.000271511	9.95036e-05	-0.000214413	-0.00739281	-0.0491545	0.0692776
0.000172462	-3.37203e-06	0.000209816	0.0381925	0.0278421	-0.0282594
-0.000497283	-7.19532e-05	-0.000264627	-0.0401842	-0.0819639	-0.0228946
0.000117536	-0.000286483	0.000215177	0.078261	0.0171172	-0.00711
-0.000354173	0.000561961	-0.000243549	-0.0642314	-0.0575428	-0.00226729
9.66346e-05	-0.000798822	0.000205809	0.0767807	0.0137711	-0.00580825
-0.0001179	0.00065622	-0.00018536	-0.0815765	-0.0199656	0.00618174
8.86558e-05	-0.000282451	0.000206033	0.0768013	0.0130284	-0.00507836
1.02594e-05	6.36861e-05	-0.000135219	-0.0681236	-0.00168874	0.00247382
0.00018911	-0.000105581	0.000210995	0.0448949	0.0320385	0.00936652
-0.000143336	0.000648101	-0.000189974	-0.0801752	-0.0241306	0.00690908
0.000337239	-0.000744386	0.000266819	0.0636736	0.0529248	0.00995318
-0.000458613	0.000548428	-0.000270809	-0.0595458	-0.074803	-0.01159
-3.7799e-05	-0.000207295	0.000151011	0.063853	-0.0055015	-0.000714125
-0.000504215	-0.000104897	-0.000266937	-0.0371453	-0.0827297	-0.0144845
9.24523e-05	-0.000251569	0.000279705	0.0918435	0.00818124	-0.00658353
-0.000316818	-0.000185492	-0.000289896	-0.038433	-0.0482862	0.0671031
0.000342732	0.000390455	0.00025658	0.0110149	0.0541644	-0.0848586
2.8727e-05	-0.000267129	-0.00013374	-0.0295175	0.00147551	0.0816757
0.000202272	0.000434692	0.000226731	0.00336019	0.0345912	-0.0860065
-0.000172296	-0.000213442	-0.000208001	-0.0394598	-0.0292711	0.0896294
0.00030832	0.000371846	0.000259219	0.0145303	0.0482569	-0.0865265
-0.000436161	-0.0003633	-0.000268891	-0.0135958	-0.0710737	0.0803299
-6.75815e-05	0.00031157	0.000153642	0.022835	-0.00811211	-0.0854266
-0.000465121	-0.000472994	-0.000267391	0.00685324	-0.0782772	0.0716234
9.89772e-05	-7.60384e-05	0.000271871	0.0747136	0.00728109	-0.0414647
-0.000347357	0.000148428	-0.00028736	-0.0735212	-0.0508647	-0.00664159
0.000344915	-7.69607e-05	0.000270669	0.0581181	0.0569893	0.0167028
-7.27396e-05	0.00018921	-0.000215941	-0.0788375	-0.0200172	0.0104564
2.01333e-05	-5.31485e-05	0.000238126	0.061639	0.0124353	-0.0321452
-3.96807e-05	0.000165743	-0.000278276	-0.0804296	-0.0111217	0.034987
0.000245397	-1.56893e-05	0.000343047	0.0542016	0.04385	-0.0241203
0.00024739	-0.000250569	5.82754e-05	-0.00509781	0.00907989	-0.00298819
-0.000725564	0.000412147	-0.000299026	-0.0343657	-0.0730016	0.0569792
0.000465138	-0.000506473	0.000252787	0.0492151	0.0333376	-0.0625707
-0.000724781	0.000232691	-0.00025058	-0.00834357	-0.086029	0.079524
0.000216936	-0.000263645	0.00015819	0.0271971	0.000891528	-0.131895
-0.000253544	0.000352045	-0.000138088	-0.0384091	-0.00960692	0.118562
9.41104e-05	-0.000576656	6.98569e-05	0.0471979	-0.00454867	-0.0289938
-0.000119489	0.00070773	-9.52469e-05	-0.0627738	-0.00483721	0.021383
0.000195156	-0.00047474	0.000154749	0.0409739	0.0125708	-0.0807908
-0.000442687	0.000475948	-0.000190152	-0.0477002	-0.0547396	0.0240161
0.000185426	-0.000147059	0.000149107	0.0565054	0.011228	-0.0424002
-0.000294405	-0.0003122	-0.000134712	-0.0151937	-0.0339667	0.0636795
0.000538624	0.000349247	0.000229053	-0.00211346	0.0700226	-0.0456801
-0.00031506	-5.95667e-05	-0.000136141	-0.0381571	-0.0298208	0.0852952
0.000218598	-8.6073e-05	0.000120702	0.0435575	0.0098829	-0.0702264
-0.000328924	0.000153615	-0.00012272	-0.0523206	-0.0297076	0.0487102
9.0088e-05	-7.49957e-05	7.46566e-05	0.0393748	-0.00749014	-0.0510998
-0.000647187	-0.000194191	-0.000164931	-0.000238284	-0.0763401	0.0493732
0.000343907	-0.00014318	9.16586e-05	0.0580205	0.0151808	-0.044697
-0.000545505	-6.65399e-05	-0.000121287	-0.027815	-0.052072	0.0624028
0.000340022	7.77193e-06	0.000115236	0.0367793	0.0205818	-0.069584
-0.000172007	0.000180976	-3.49684e-05	-0.0545202	-0.000966184	0.0281235
0.000274524	5.04993e-05	8.06787e-05	0.016921	0.0175193	-0.0265092
-0.000352343	0.000304453	-0.000169606	-0.0796771	-0.0197758	0.0497997
0.000369574	-0.000386916	0.000207002	0.0860228	0.0230299	-0.029456
-0.000188877	-0.000167133	1.50643e-05	0.00513867	-0.0222946	0.0344251
-0.000236721	0.00035709	-0.000204016	-0.0329822	-0.0334234	-0.0487303
-6.86657e-05	-0.000283412	0.000122379	0.0283689	-0.0149321	0.0235596
0.000335631	0.000218116	0.00018378	-0.013318	0.0374608	-0.0462782
-6.95114e-05	-3.32135e-05	-0.000167661	-0.0199388	0.00940776	0.0621271
-7.65293e-05	0.000184641	5.51258e-05	-0.00793164	-0.0251446	-0.046633
7.78276e-05	-0.000378797	0.000163705	0.0435697	0.00600347	0.0239874
-0.000428166	0.000419355	-0.000327868	-0.0510014	-0.054745	-0.0177957
-0.000228736	-0.000501122	0.000139286	0.0660719	-0.0478865	0.0129584
-0.000172733	0.000224694	-0.000147112	-0.0154135	-0.0261988	-0.0362167
3.44649e-05	-0.000240349	8.98265e-05	0.0183988	0.00548405	0.0373454
0.000244723	0.000412381	4.51662e-07	-0.0489467	0.0382343	-0.024758
-4.59316e-05	-0.000319378	8.72256e-05	0.0283957	-0.00614951	0.0422448
-0.000317278	0.000563939	-0.000281813	-0.0737718	-0.0438602	-0.0104084
0.000181342	-0.000759314	0.000317328	0.103484	0.0250408	0.000709422
-1.19575e-05	0.000294967	-9.31587e-05	-0.021674	-0.0255674	-0.0189433
-0.000233813	-2.26031e-05	-6.94069e-05	-0.0180715	-0.00555416	0.0095735
0.000320952	0.000185619	9.15687e-05	-0.00932154	0.0208337	-0.00630684
0.000110631	-0.00029188	0.000206213	0.0296413	0.0308939	-0.0105683
-0.000546421	0.000406812	-0.00041952	-0.0503641	-0.0911597	0.0226522
1.07292e-06	-0.000538315	0.000271908	0.0745422	0.00345377	-0.0303289
0.000158589	0.000283286	2.53163e-05	-0.0273784	-0.000845888	0.000658033
-0.000365609	-7.94078e-05	-0.000158244	-0.00957643	-0.0226993	0.0165653
0.000277887	6.40872e-05	0.000153988	0.0049785	0.0128846	0.00382794
-5.52205e-05	3.06848e-05	-8.48589e-05	-0.0242034	0.0195992	0.0160975
-0.000214884	-1.38815e-05	3.6925e-05	0.0283836	-0.0659402	-0.0405603
-0.000312694	-0.000192367	-8.17471e-05	0.0106346	-0.0273771	0.0171258
7.5623e-05	8.56047e-05	-6.25074e-07	0.00315829	-0.0083932	-0.00396356
0.00013931	3.49905e-05	7.63654e-05	-0.0265444	0.042832	0.0166933
-0.000165658	5.03762e-05	-6.09461e-05	0.0157785	-0.0495101	-0.0272992
-9.47967e-05	-0.000117379	1.85034e-05	-0.00277641	0.00509155	0.0192832
7.26141e-05	5.19309e-05	1.07461e-05	0.00712532	-0.00928094	0.000597915
4.69095e-05	-0.00013199	6.43825e-05	0.00500326	0.0237717	0.00111865
-4.26912e-05	0.000220568	-3.41133e-05	-0.0142157	-0.0265694	-0.0195633
-0.000120552	-0.000104329	8.77293e-06	-0.00511861	0.00142196	0.0199973
-0.000311666	2.45274e-05	-0.000106347	0.0121568	-0.068585	-0.00055775
-0.000223723	-0.000214545	-1.25765e-05	0.0200455	-0.019465	-0.00420292
9.34558e-05	0.000145766	1.26889e-05	-0.00102071	-0.00780239	-0.0234634
0.000177542	3.22706e-05	2.2357e-05	-0.029645	0.0542966	0.0331949
0.000274064	6.53161e-05	0.000121609	0.000780819	0.0206304	0.0108365
-7.52715e-05	-0.00034143	0.000120047	0.0459782	-0.00686442	-0.0238891
-0.000363794	0.000582935	-0.000340075	-0.0793533	-0.0555531	0.00881794
5.36641e-05	-0.000570272	0.000253138	0.0808074	0.00564894	-0.0190102
9.62919e-05	0.000384249	3.22441e-06	-0.0474269	-0.000154912	0.000104436
-0.000258901	-0.000205394	-0.000134456	0.0104854	-0.0152339	0.0334541
6.58163e-06	0.0001244	0.000104523	0.00512546	-0.0294894	-0.0418084
-0.000274978	-0.000145335	-0.000144548	0.00326702	-0.0165356	0.023275
1.14946e-05	-8.04401e-05	0.000118734	0.0250952	-0.025333	0.00219482
-0.000212605	-7.07144e-05	-0.000176355	-0.00131712	-0.0161687	0.0151716
0.00029712	0.000184405	0.000247634	-0.00643834	0.0262783	-0.0594029
-0.000208483	4.65695e-05	-0.000197827	-0.03175	-0.0101557	0.0587635
-0.00015512	4.51761e-05	4.64489e-05	0.0154714	-0.0419192	-0.0517165
0.000255378	-9.46013e-05	7.0893e-05	-0.00663849	0.0502431	0.0453684
-0.000261877	9.16501e-05	-2.76326e-05	0.00684781	-0.0546238	-0.0457302
3.71735e-05	-0.000136071	-7.13116e-05	0.000791036	0.0205508	0.0480075
-5.0581e-05	0.000165505	7.9272e-05	-0.0065161	-0.0236357	-0.0442647
0.000141877	-0.000271746	5.22941e-05	0.0256148	0.0285365	0.0336206
-0.000137438	0.000256263	-2.40279e-06	-0.0232083	-0.0317786	-0.0344899
6.8417e-06	-0.000142853	-8.11327e-06	0.00266606	0.0117644	0.041091
-0.000274376	9.67281e-05	-3.53562e-05	0.00522946	-0.0565704	-0.0432713
-1.84169e-07	-0.000173254	-1.05758e-05	0.00817003	0.00974748	0.0398224
-2.60454e-05	0.000191794	3.32473e-05	-0.0118738	-0.0156936	-0.0383717
-3.70323e-06	-0.000268504	1.40673e-06	0.0172373	0.0118733	0.0588643
-0.000651346	2.55019e-06	-0.000165372	0.0298227	-0.124539	-0.0656811
0.000201537	-5.15249e-05	7.05264e-05	-0.0132971	0.0484045	0.0352518
0.000271048	0.000197479	8.64944e-05	-0.0182555	0.0273762	-0.00734989
-1.27574e-05	-0.000110299	-5.43933e-05	-0.00321974	0.0193154	0.0352989
0.000225707	-6.35515e-05	0.000121411	0.01337	0.0147885	0.0340135
-0.000186439	0.000202469	-1.69707e-05	-0.0296541	-0.0153977	-0.0605575
-0.000217969	1.59286e-05	-4.40519e-05	0.0150755	-0.0535421	-0.0208553
-0.000285705	-0.000359405	-6.48242e-05	0.0199797	-0.0323193	0.0224672
1.71892e-05	0.00025615	2.09537e-05	-0.0067633	-0.0141727	-0.0280881
0.000202315	0.000234936	7.02027e-05	-0.0137845	0.049202	0.0348302
-0.00022639	-0.000378839	-4.92113e-05	0.0097381	-0.0549229	-0.0327148
-0.000243266	7.56752e-05	-0.000128526	0.0137102	-0.0202263	0.0318612
0.000339617	-8.67503e-05	0.000246717	0.00368063	0.0273125	-0.038332
-9.02798e-05	0.000199396	-0.000134169	-0.0199427	0.0109876	0.0417716
0.000184178	4.05451e-05	0.000108874	-0.0226225	0.0111051	-0.0258162
-0.000135354	3.49022e-05	-1.47398e-05	0.00923655	-0.00748441	0.0270406
-0.000232454	-0.000140408	-4.78902e-05	0.00937233	-0.0562059	-0.0316129
-0.000284297	-2.75604e-05	-6.73141e-05	0.0204276	-0.0320002	0.0249576
-2.92645e-05	-7.55675e-05	8.16037e-05	-0.00152637	-0.0266938	-0.0336569
-0.000206257	2.92952e-05	-0.000176238	0.00953861	-0.0105693	0.0354526
0.000191023	1.03097e-06	0.000184766	-0.0150985	0.0073778	-0.0325673
-0.000214126	2.55101e-05	-0.000167336	0.0102435	-0.012397	0.0344656
0.000236184	3.03038e-05	0.000123754	-0.0211494	0.0190539	-0.0259687
-3.91217e-06	9.7155e-05	-5.11942e-05	-0.00190934	0.019327	0.0334966
0.000195285	8.2327e-06	0.000125852	-0.0175412	0.0112518	-0.0271067
-2.15166e-06	9.15713e-05	-4.80076e-05	-0.000435483	0.019436	0.032403
-0.000271641	-0.00015769	-1.49101e-06	0.011757	-0.066683	-0.0341
-0.000299474	-2.30476e-05	-5.56776e-05	0.0206506	-0.0352201	0.0231292
0.000122112	-0.000177025	0.000134787	0.0154495	-0.00590838	-0.0370249
-0.000370107	7.2564e-05	-0.000152256	0.00289494	-0.0396245	0.032189
-2.90337e-06	-2.48912e-05	-3.25414e-06	-0.0121398	-0.0165813	-0.0238348
0.000204201	0.000166765	6.6486e-05	-0.0140737	0.0504721	0.033211
1.54123e-05	-4.69698e-05	1.67504e-05	-0.00813983	-0.0149356	-0.0256416
-3.7777e-05	6.86311e-05	9.70333e-07	0.00368554	0.00948031	0.0282236
-0.00023274	-0.000140091	-5.14245e-05	0.00866218	-0.056327	-0.0303994
-0.000285773	-2.3705e-05	-6.85158e-05	0.0203863	-0.0319717	0.0238711
2.44174e-05	-4.63222e-05	1.97747e-05	-0.00826051	-0.0135882	-0.0258576
0.000209613	0.00016074	7.16325e-05	-0.0129846	0.0509624	0.0327183
-0.000232119	-0.000139796	-5.21196e-05	0.00860895	-0.0564285	-0.0302056
0.000257365	0.00018928	9.97404e-06	-0.0180135	0.0638917	0.0374331
0.000153567	-9.3372e-06	0.000112101	-0.0151093	0.00432024	-0.026392
-0.000105948	5.27244e-05	-7.85009e-05	0.00719659	0.0022725	0.0293218
-0.000277788	-0.000154702	-3.06997e-06	0.0105631	-0.0678406	-0.032773
-0.000301605	-1.86541e-05	-5.67168e-05	0.0205093	-0.0354523	0.0221842
0.000121646	-0.000179765	0.000134298	0.0152798	-0.00615114	-0.0360171
2.42426e-05	0.000378811	-0.000123756	-0.0516786	0.0351525	0.0511248
-7.00317e-05	-0.000337954	0.000124441	0.0439221	-0.042663	-0.0463759
-0.000466652	0.000186117	-0.000250812	-0.0167918	-0.0481332	0.04105
0.000207575	-0.000248878	0.000203569	0.0278402	0.00329999	-0.0422023
3.98141e-05	0.000360351	-0.000107506	-0.0483335	0.0366155	0.0494688
-0.000173507	-0.00021204	1.45631e-05	0.0207027	-0.051927	-0.0353207
9.38835e-05	-6.61356e-05	5.87182e-05	0.0289594	0.0268608	0.0175112
0.00015856	0.000107739	5.44449e-05	-0.0370534	0.0109788	-0.0156179
-1.52095e-05	0.000112161	-6.79205e-05	-0.00291333	0.0192489	0.0315608
-0.000442245	-4.18317e-05	-5.84916e-05	-0.0101999	-0.091567	-0.0250409
-3.34832e-05	-0.000197645	2.90039e-05	0.0532255	0.0031601	0.0091479
-0.000166604	6.90924e-05	-3.82459e-05	-0.0304788	-0.0417833	-0.0165933
0.000424842	1.4962e-05	0.000140638	0.0148422	0.0825544	0.0203219
9.43613e-05	7.73042e-05	3.41578e-05	-0.0321456	0.000194946	-0.0158311
-0.000306657	0.000175065	-0.000156263	-0.0136952	-0.0256537	0.0360357
-6.48837e-05	-0.000353659	0.00014119	0.0457041	-0.0434563	-0.0462382
-0.000467528	0.000190453	-0.000246783	-0.0164951	-0.0484848	0.0394228
0.000189319	-0.00025923	0.000199185	0.0286174	-3.63216e-06	-0.0411026
-0.000210968	0.00027281	-0.000177246	-0.0314289	-0.00504784	0.0435448
0.000189414	-0.00025764	0.000197754	0.028355	-9.68752e-05	-0.0408414
7.07873e-05	0.000205168	-9.30784e-05	-0.0192258	0.038348	0.0376199
0.000171376	1.39671e-05	0.000104699	-0.0211203	0.00819683	-0.0210303
-0.000150977	4.30451e-05	-1.85235e-05	0.0104976	-0.0094787	0.0231343
-0.000250191	-0.000267773	-5.15243e-05	0.00620289	-0.0598659	-0.0268101
-0.000295429	9.50579e-05	-7.31767e-05	0.0186392	-0.0335353	0.0217445
1.68495e-05	-3.55691e-05	2.02957e-05	-0.00805947	-0.0151197	-0.023154
-3.54795e-05	8.21291e-05	2.54275e-07	0.00447994	0.0105184	0.0253053
1.66499e-05	-0.000190896	2.18012e-05	-0.0074113	-0.0152061	-0.0232525
0.00012349	6.46994e-05	4.99803e-05	0.0241463	0.03367	0.0178913
-0.000102949	4.5871e-05	-1.7272e-05	-0.0226952	-0.0328738	-0.0182227
-0.000169215	0.000239391	-0.000127953	-0.0236192	-0.00361912	0.0360104
-7.71768e-05	-0.000497197	0.000149906	0.0479979	-0.0445147	-0.0427504
0.000225004	0.000354755	-5.8485e-05	-0.0281425	0.0634242	0.0359005
0.000132341	1.53769e-05	0.000108032	-0.0176339	0.00288174	-0.0218643
-0.000309548	1.57638e-05	-7.35595e-05	0.0171459	-0.0368138	0.0213734
-0.000249936	-0.000277534	-4.63368e-05	0.00766311	-0.0607449	-0.0252036
-0.000159949	0.00014892	-4.4278e-05	0.00954011	-0.0110231	0.0233613
1.39431e-05	-0.000181751	3.03281e-05	-0.00555764	-0.0154343	-0.0228842
0.000221911	0.000274697	6.67694e-05	-0.0123029	0.0553607	0.026459
-0.000242841	-0.000261662	-4.37133e-05	0.00918588	-0.0600176	-0.0245498
-0.000222168	0.000139634	-0.000154455	0.0125561	-0.0196301	0.0253698
0.000111285	-0.000232244	0.00022431	0.0117959	-0.00569247	-0.0563884
0.000220204	0.000342565	-7.77037e-05	-0.0300732	0.0619629	0.0501377
0.000117107	-5.60762e-06	0.00011966	-0.0156283	0.00222252	-0.0175943
-0.000164124	7.34786e-05	-4.33036e-05	0.00695741	-0.0123073	0.0238574
-0.000248588	-0.000292224	-3.82169e-05	0.00973283	-0.0615945	-0.0229079
-0.000285211	0.000126908	-9.65687e-05	0.0141522	-0.034246	0.022862
1.08311e-05	-6.45625e-05	3.94577e-05	-0.00398494	-0.0155971	-0.0223141
0.000219287	0.00018615	6.10222e-05	-0.0132909	0.0561937	0.0244334
-0.000242909	-0.00029566	-3.7696e-05	0.0104095	-0.0608461	-0.0228638
-0.000303312	0.000123821	-0.000106566	0.014747	-0.0379639	0.0230984
5.27912e-05	-0.00018849	5.74497e-05	-0.0049604	-0.00779782	-0.0223175
0.000364771	0.000165186	0.000114408	0.00801624	0.0800376	0.0205852
7.58251e-05	6.72688e-06	6.24604e-05	-0.0330079	-0.000405461	-0.0430821
3.06111e-05	0.000214926	-9.99671e-05	-0.00573108	0.023213	0.0417048
-0.000424864	-0.000193972	-2.90857e-05	-0.00508999	-0.0922815	-0.0178291
-0.000194587	6.37998e-05	-5.83571e-05	0.0268575	-0.0217059	0.0237141
2.559e-05	-9.93257e-05	6.29069e-05	0.0019824	-0.0123824	-0.0219877
-0.00012398	-8.32923e-05	-4.62892e-05	0.0362916	-0.00971519	0.0222072
-6.52614e-05	-0.000112804	2.11877e-05	-0.0213826	-0.0263223	-0.0275518
0.000189247	0.000308136	3.92178e-05	-0.0197645	0.0528049	0.0261364
-0.000247395	-0.000283807	-2.87478e-05	0.0115056	-0.0628251	-0.0192118
0.000150773	0.000441831	-7.93547e-05	-0.0413616	0.0473194	0.0230515
-0.000212662	-0.000340486	6.69691e-05	0.0303002	-0.0572868	-0.0475382
-0.000148472	-4.01897e-05	-4.30817e-05	0.0402933	-0.0153484	0.0443329
0.000143402	6.62548e-05	9.94841e-05	-0.0300699	0.0131811	-0.018682
3.32032e-05	0.000164279	-0.000111455	-0.00817996	0.0219742	0.0236813
0.000144628	-0.000185004	0.000178117	-0.0112463	0.0131958	-0.0229641
-0.000129326	0.000208148	-5.53888e-05	0.00093846	-0.00784186	0.0214194
-0.000249311	-0.0001549	-1.78583e-05	0.0108583	-0.0636657	-0.0185465
-2.62565e-05	0.000137454	-3.82304e-05	-0.00274039	0.0112567	0.0211099
-0.000259048	-0.000270548	-2.24753e-05	0.0124698	-0.0649898	-0.0449526
-1.53417e-05	0.000204089	-3.84218e-05	-0.00452799	0.0130581	0.0410621
1.80841e-06	-0.000101888	6.36039e-05	-0.000364159	-0.0154231	-0.0157139
0.000354263	6.3264e-05	0.000100171	0.0101166	0.0827544	0.0217708
-8.59587e-05	-0.000173483	2.94311e-05	-0.0134885	-0.0303465	-0.0212028
-0.000125565	0.000260553	-8.26925e-05	-0.00849755	-0.00762516	0.0204029
-0.000332653	-7.80695e-05	-5.37954e-05	-0.00300769	-0.078559	-0.0201326
-0.000233754	1.88867e-05	-0.000110175	0.0189102	-0.0312173	0.0250189
0.000118298	-0.000356457	0.000221864	0.0281058	0.0093371	-0.045105
0.000152024	0.000526342	-0.000180439	-0.0631409	0.0440413	0.0335552
-0.00016696	-0.000404794	0.000188768	0.0551542	-0.0462181	-0.00856563
-1.21751e-06	0.000232194	-0.000205876	-0.0204906	0.0114419	0.0219695
2.29701e-05	-0.000108654	0.000180158	-0.0249968	-0.00345538	-0.0274698
-8.58905e-05	0.000138658	-0.000187393	0.0137194	-0.00772075	0.0264451
0.00015385	-6.12356e-05	0.000194451	-0.00650553	0.0194247	-0.0236018
-0.000271101	8.51113e-05	-0.000117418	0.00715253	-0.0379738	0.0232565
-0.000262933	-0.000298726	-9.5326e-06	0.0173057	-0.0659743	-0.0427042
-1.03216e-05	0.000227889	-4.74827e-05	-0.00852711	0.0131031	0.0396587
-7.72606e-06	-0.000154183	7.39315e-05	0.00138199	-0.0157332	-0.0152366
0.000346928	0.000104983	8.85821e-05	0.00838949	0.0836817	0.0225115
-8.71677e-05	-0.000184852	4.17341e-05	-0.0103693	-0.0298652	-0.0220186
-0.000324522	0.000374273	-0.000278269	-0.0280502	-0.0535506	0.0170743
8.67422e-06	-0.000460461	0.000283651	0.0508702	-0.00455328	-0.0375266
-4.89749e-05	0.000466217	-0.000246474	-0.0504055	-0.00163436	0.0304302
-0.00019045	-0.000412979	0.000204237	0.0560556	-0.0460124	-0.000772115
-6.95455e-05	0.000390592	-0.000259075	-0.0484078	-0.00551134	0.011711
1.66862e-05	-0.000487005	0.000273552	0.0430259	-0.00257972	-0.0105429
0.00017524	0.000531781	-0.000176992	-0.0573888	0.0444242	0.00576604
-0.000245618	-0.000249946	7.07939e-05	0.035656	-0.0605244	-0.036509
-0.00010262	-5.85516e-05	-5.56349e-05	0.0275845	-0.00874307	0.0501431
-9.02145e-05	-0.000170976	4.89716e-05	-0.016251	-0.0294642	-0.0203113
0.000188712	0.000335651	5.73873e-06	-0.0219514	0.0551438	0.0140846
-2.51703e-05	-0.000115445	7.9852e-05	0.00263243	-0.017339	-0.0186887
-8.84463e-05	0.000290218	-0.000202321	-0.026661	-0.00952086	0.0048755
-0.000207531	-0.000581705	0.00022412	0.0595362	-0.0460844	-5.08912e-05
5.20353e-05	0.000336282	-0.000207273	-0.0228779	0.014093	0.0204218
-8.63291e-06	-4.49104e-05	0.000244151	-0.00462064	0.000708069	-0.0434294
-5.25537e-05	0.00011385	-0.000236523	-0.00158167	-0.010567	0.0375984
-0.000203741	-0.000277898	0.000182405	0.00372191	-0.0413052	-0.0177991
-8.9662e-05	0.000195919	-0.00025146	0.0225863	-0.018518	-0.0280695
4.92203e-05	-5.85632e-05	0.00026761	-0.0350502	0.0125607	0.0545654
-7.71233e-05	0.00010014	-0.000246849	0.0279534	-0.0158835	-0.0413218
0.0001443	-9.13062e-05	0.000201881	-0.0165753	0.0249539	0.00605029
-5.13119e-05	0.000157744	-6.59606e-05	-0.00864671	0.00395129	0.0258191
-0.000251673	-0.000281886	1.43997e-05	0.013484	-0.0647895	-0.0114502
-0.000235847	0.000165852	-0.000144023	0.0217459	-0.0365951	-0.0323222
5.05145e-05	-0.000110272	0.000112774	-0.029084	-0.00110904	0.0641877
0.000590093	0.000126376	0.000152562	0.0166934	0.141656	-0.0325959
-8.81401e-05	-4.66957e-05	5.50827e-05	-0.0259281	-0.0311225	0.00936922
-0.000236015	0.000355972	-0.000273655	-0.0408423	-0.0403671	-0.00896317
-0.000335408	-0.000287303	0.000168831	0.0257089	-0.0707979	0.00959168
-0.000179698	7.54707e-05	-0.000177869	0.00801986	-0.0286346	0.0292719
0.00027446	-0.000434879	0.000210483	0.0691159	0.0426455	-0.0359828
-0.000224849	0.000433979	-0.00020293	-0.0958015	-0.0286189	-0.0394615
0.000145244	-0.000174483	0.000199651	0.0747439	0.0168951	0.0610537
-0.000182584	0.000250475	-0.000181171	-0.100238	-0.0218791	-0.00923415
0.000136163	-0.000226397	0.000198521	0.0924719	0.0157352	0.022229
-0.000210192	0.000231318	-0.000190051	-0.0946493	-0.0280086	-0.0184316
0.000134268	-0.000230303	0.000197836	0.0936855	0.0157099	0.019738
-0.000388725	0.000175557	-0.000249283	-0.0842155	-0.0671662	-0.0139726
0.000125683	-0.000221505	0.000193924	0.0920838	0.0139004	0.0189052
-0.000388168	0.000155202	-0.000247543	-0.0735008	-0.06629	-0.0332009
0.000353081	-0.000290477	0.000273275	0.0756572	0.0628716	0.030619
-5.82344e-05	0.000329884	-0.00012085	-0.0728046	0.00414651	-0.00698874
0.000270873	-0.000278891	0.00023273	0.065489	0.0461004	0.00979811
-0.000467235	0.000392586	-0.00027779	-0.0859593	-0.0835708	-0.0163749
-6.10392e-06	-0.000547397	0.000132587	0.0670524	-0.0126459	0.00938043
-0.00022605	0.000643068	-0.000174274	-0.0426263	-0.0347274	-0.021417
0.000106497	-0.000784373	0.000184738	0.0782846	0.0107848	0.0326803
-0.000390711	0.000803702	-0.000253119	-0.0865556	-0.0687905	-0.0143326
0.000567423	-0.000734188	0.000346125	0.0720671	0.110779	0.0123865
-0.000286875	0.000827062	-0.000218155	-0.0845529	-0.044781	-0.0375207
0.000139443	-0.000844614	0.000200799	0.0885009	0.01703	0.034211
-0.000384943	0.000793613	-0.000249292	-0.0849854	-0.0676813	-0.0143079
0.000124633	-0.00084154	0.000194622	0.09189	0.0144788	0.0221127
-0.000389196	0.000773607	-0.00024995	-0.0734458	-0.0679587	-0.0357415
0.000178646	-0.000815259	0.000212245	0.0820895	0.0254406	0.0345344
-0.000185051	0.00086134	-0.000182978	-0.0977774	-0.0225117	-0.0206184
0.000358752	-0.000794981	0.00027572	0.0831859	0.0645249	0.0184481
-0.00013708	0.000829935	-0.000264657	-0.0904165	-0.0223377	-0.0207053
3.523e-05	-0.000687275	0.000224368	0.0637567	0.00336214	0.00786975
-0.000343831	0.00037578	-0.000177612	-0.00542325	-0.0602109	-0.00920953
-0.000136233	-0.000242197	4.75022e-05	-0.00930522	-0.0371448	-0.0354048
-0.000161111	0.000254744	-0.000111531	0.00719607	-0.0231207	0.0531619
0.000275771	-0.000651278	0.0002325	0.0551672	0.0476943	0.0125001
-7.17686e-05	0.000744426	-0.000133264	-0.0627445	0.00237255	-0.0504502
0.000274111	-0.000539491	0.000231529	0.0505629	0.0446359	0.0356593
-0.000356101	0.000363832	-0.000243043	-0.0959794	-0.0579275	-0.01606
2.63278e-05	-4.51619e-05	0.000147859	0.0590659	-0.00922774	0.0321971
-0.000311785	-0.000121325	-0.000182108	0.0156954	-0.0526108	-0.0411907
-4.24991e-05	-0.000200486	8.50506e-05	-0.010423	-0.0182007	0.0107379
0.000224076	0.000461806	7.31907e-06	-0.0199694	0.061352	0.0202052
-0.00025781	-0.000409602	1.46255e-05	0.0142224	-0.064923	-0.010823
-0.000226493	0.000335115	-0.000147299	0.000198831	-0.0372475	0.0218851
1.37456e-05	-0.000352853	0.000106701	0.00279771	-0.0060117	-0.0185263
0.000219956	0.000419609	5.88264e-06	-0.0159317	0.0613796	0.0128133
-2.79979e-05	-0.000371198	9.3914e-05	0.00614599	-0.0156283	-0.0165261
-0.000241789	0.000320031	-0.00015266	0.00980873	-0.0396343	0.00135798
-3.10744e-05	-0.000356645	9.16792e-05	-0.00178152	-0.0162599	-0.00274239
-3.08303e-06	0.000373735	-7.04675e-05	-0.00864287	0.012361	0.0208117
-3.43254e-05	-0.000364069	9.07958e-05	0.00456378	-0.0168975	-0.0166034
-1.20095e-05	0.000362368	-7.35682e-05	0.000725038	0.0108827	0.000364333
-0.00024682	-0.00041085	1.89922e-05	0.00901172	-0.0640829	0.00054213
0.000472681	0.000462449	9.13349e-05	-0.0110676	0.118035	-0.0294398
-0.00023713	-0.000384296	2.14592e-05	-0.00702074	-0.0637172	0.0319657
-1.80154e-05	0.000378159	-7.7062e-05	-0.0121795	0.0112269	0.0270319
-0.000239489	-0.000279901	1.9732e-05	0.0123224	-0.0643565	-0.00917749
-2.36123e-05	-0.000111023	-7.84392e-05	-0.00765126	0.010343	0.0171436
-2.2998e-05	0.000294772	9.53057e-05	0.00400417	-0.0164028	-0.0169967
0.000209426	-6.81357e-05	4.22375e-06	-0.0150753	0.0605329	0.0129039
-0.00024424	-0.00027693	1.94982e-05	0.0143429	-0.064453	-0.011841
-2.04435e-05	0.000408292	-7.78583e-05	-0.00741216	0.0105844	0.0160245
-0.000287575	-0.000415474	4.00238e-06	0.0246265	-0.073602	-0.0358929
0.000224637	0.000436523	7.18895e-06	-0.0314016	0.0630883	0.0479732
-0.000261001	-0.000421397	1.32505e-05	0.0261887	-0.0673333	-0.04209
0.000223788	0.000433541	6.82645e-06	-0.0301039	0.0628385	0.0448028
-0.000261436	-0.000422766	1.31454e-05	0.0268872	-0.0673769	-0.0435629
0.000208188	0.000412317	1.67296e-06	-0.0115553	0.0600217	0.00381799
-0.000244964	-0.000404588	1.94824e-05	0.00585354	-0.0642393	0.00626997
-0.000257044	0.000323745	-0.000158804	0.000283558	-0.0413331	0.0256895
2.39866e-06	-0.000367411	0.000103686	0.016456	-0.00948886	-0.0487587
0.000224357	0.00043056	7.60185e-06	-0.0267918	0.0625058	0.0371694
-2.31102e-05	-0.00036634	9.60992e-05	0.00307703	-0.0154958	-0.0101274
-0.000237774	0.000329429	-0.000152059	0.000328142	-0.0380139	0.0224851
-3.01479e-05	-0.000230163	9.05103e-05	0.00389631	-0.0170512	-0.0171597
-9.40483e-06	-0.00011429	-7.24518e-05	-0.00674887	0.0118571	0.0170979
-2.95292e-05	0.000291937	9.29203e-05	0.0045449	-0.0167533	-0.0173285
2.24469e-05	-0.000235564	-6.20736e-05	-0.00783605	0.0187305	0.0164157
-0.000252221	0.000206179	1.70344e-05	0.0144963	-0.0648129	-0.0124549
0.00020685	-0.000203742	1.03772e-06	-0.00905436	0.0590035	-0.00494797
-0.000246692	0.000213093	1.89517e-05	0.00820986	-0.064252	0.000728203
0.000426982	-0.000166709	7.64715e-05	-0.00870671	0.107341	-0.0300012
-0.000237808	0.000238329	2.1218e-05	-0.00776699	-0.0638395	0.0325102
-0.000248143	-0.000291829	-0.000156528	-0.00302381	-0.0382449	0.0315758
-0.000140322	0.000271151	0.000154897	0.00175103	-0.0330014	-0.0159092
-0.000151526	-0.000181559	-0.000195742	0.00367511	-0.0235538	0.0228125
0.000295119	-0.000229155	-1.27048e-05	0.00534141	0.0316017	-0.0151931
-0.000204484	0.000481795	0.000203123	-0.0208398	0.00239237	0.00751579
0.000127434	-0.000295667	-0.00016716	0.0178524	-0.0127057	-0.00878642
-0.000173347	-3.69873e-05	0.000191243	-0.0203745	0.00629878	0.00812468
0.000137116	0.000219567	-0.000167211	0.0181742	-0.0115588	-0.0083964
-0.00018223	-0.000168679	0.0001857	-0.0199314	0.00485272	0.00808799
0.00013345	0.000174314	-0.000169112	0.0291316	-0.0123236	-0.0320512
-0.000392133	-0.000220782	0.000113669	-0.0180312	-0.040809	0.0302934
-1.04835e-06	0.000177644	-0.000116674	0.0343282	-0.0309472	-0.050555
-0.000130014	9.36055e-06	-0.00019638	-0.0662358	-0.0186951	0.0317229
0.000321043	-6.46806e-05	0.000443276	0.0604826	0.0741662	0.0164549
-0.000147673	-6.58677e-05	-0.000283338	-0.0239547	-0.0312429	0.0347009
-0.000236355	-0.000224111	0.000181521	0.0195801	-0.0467269	-0.0618081
3.85716e-05	0.000561551	-0.000232274	-0.0418275	0.00832052	0.023073
-0.000219645	-0.000643047	0.000216228	0.0562067	-0.0446649	0.0100648
0.000201196	0.000641978	-0.000184738	-0.0565253	0.0433562	-0.00322888
-0.000232083	-0.000642044	0.000210363	0.0560815	-0.0469136	0.00484785
0.000193845	0.000649758	-0.00018826	-0.0579336	0.0415605	-0.0049944
-0.000244594	-0.00064475	0.000204702	0.064871	-0.0493744	-0.0193067
0.000200843	0.000652957	-0.000185299	-0.0647103	0.0432927	0.0122805
-0.000233201	-0.000669299	0.000211124	0.0731038	-0.0469289	-0.0280985
-2.72821e-05	0.000614844	-0.000264562	-0.0618739	-0.00581495	0.0278779
-0.000149358	-0.000422754	0.000219302	0.0135952	-0.0290317	-0.00620915
-0.000148457	0.000299488	-0.000177726	0.00512575	-0.0233442	0.02553
0.000246426	-0.000413962	0.000119695	0.0377371	0.0330722	-0.00231693
-0.000204027	8.40379e-05	9.48974e-05	-0.0430809	-0.00592792	-0.00129567
0.000125932	0.000253475	-0.000192649	0.0122865	-0.0150585	-0.0114943
-0.000175701	-3.51031e-05	0.000185693	-0.0211207	0.0056925	0.00783295
7.75873e-06	-0.000210965	-0.000182671	0.0031927	-0.034225	-0.0165542
-0.000372596	0.000131935	0.000116019	0.0427258	-0.040227	0.0372089
0.000365079	-5.38157e-05	-1.18497e-05	-0.0252888	0.0465588	-0.0298052
-0.000556911	0.000245607	-0.000366021	-0.0720219	-0.108065	-0.0113847
0.000248748	-0.000252478	0.000439065	0.104507	0.0574161	0.0261023
-0.000187228	0.00014549	-0.000333093	-0.0699303	-0.0377561	-0.0359956
0.000293968	-0.000165313	0.000317868	0.0765571	0.0563266	0.0342965
-0.000209886	0.000216007	-0.000176862	-0.0782973	-0.0280544	-0.0604177
0.000135127	-0.000208342	0.000204772	0.078466	0.0173873	0.0546729
-0.000221376	0.000357676	-0.000192619	-0.0969618	-0.0318029	-0.0126857
0.000134333	-0.000711047	0.000200394	0.092513	0.0163869	0.0238204
-0.000227254	0.000877634	-0.00019802	-0.093402	-0.0333247	-0.0220624
0.00013881	-0.00070762	0.000200326	0.0929341	0.0164399	0.0215914
-0.000393057	0.000307188	-0.000252723	-0.0832648	-0.0680756	-0.0170439
-2.56448e-06	-0.000174633	0.000251502	0.0905987	-0.00425232	0.0207327
-0.000322749	0.000312842	-0.000303207	-0.0847941	-0.0592826	-0.0162027
0.000210876	-0.000431164	-2.21407e-05	0.0430952	0.0136876	0.000795333
-0.000161631	0.000435221	0.000220503	-0.0126927	0.0102012	0.0120107
0.000351395	-0.000241462	-8.75639e-05	0.00833254	0.036622	-0.0140179
-0.000271612	-9.98473e-05	5.70926e-05	-0.00888659	-0.0248752	0.0144787
0.000164417	0.000290619	1.59807e-05	0.00573292	0.0119284	-0.0170596
-0.00041114	-0.00018902	-4.2901e-05	0.00548339	-0.0598597	0.0209548
0.000368527	9.89691e-05	6.88923e-05	0.00186229	0.0540337	-0.0418415
-0.000544857	5.01406e-05	-0.000110809	-0.0289764	-0.0878347	0.0228714
3.96575e-05	-0.000111062	-2.85074e-05	0.0490502	-0.0177748	-0.0449485
-0.000128566	-3.31012e-05	4.84164e-05	-0.0204669	0.00202253	0.0490263
0.000400858	9.65478e-05	8.19494e-05	-0.00594673	0.0590564	-0.0109165
-0.000415473	-0.000104029	-4.85443e-05	0.00384859	-0.0592656	0.0216119
0.000499663	-2.35341e-05	0.000130972	0.0185542	0.0796954	-0.00941539
-0.00047973	0.000192235	-0.000103313	-0.0493387	-0.0719193	-0.00477782
5.89891e-06	-7.82957e-05	-4.23251e-05	0.029082	-0.0254097	-0.00527121
-0.000189464	-5.24683e-05	2.73104e-05	-0.00496453	-0.0112451	0.0155037
0.000171219	4.31184e-05	4.52266e-06	0.0068904	0.0100592	-0.0149876
-0.000205312	-3.49568e-05	1.96272e-05	-0.00814248	-0.0144712	0.013987
0.000167247	4.75791e-05	2.61921e-06	0.00610476	0.00920955	-0.0153335
-0.000414747	-0.000104197	-4.8229e-05	0.004656	-0.05944	0.0196077
0.000380046	0.000113859	7.2356e-05	-0.00605008	0.0547405	-0.0211732
-0.000553841	-7.95896e-05	-8.07406e-07	-0.000137604	-0.0799906	0.0170518
6.1895e-05	4.08375e-06	-0.00010656	0.0145501	-0.0198687	-0.0113931
3.56702e-05	1.59944e-05	8.27405e-05	-0.0180599	0.0358752	0.00945667
0.00017368	5.37959e-05	2.45025e-07	0.00551702	0.00977293	-0.0156665
-0.000416366	-0.000109523	-5.06652e-05	0.00512043	-0.0594523	0.0198995
0.000381086	0.000121195	7.32477e-05	-0.00685091	0.0544962	-0.0216118
-0.000196826	-5.42229e-05	2.44304e-05	-0.00513111	-0.0121554	0.0148242
0.000138196	6.22498e-05	-9.02492e-06	0.00405734	0.00289859	-0.0166029
-0.000545157	1.82188e-05	-0.000110182	-0.0112342	-0.087133	-0.00997324
4.00475e-05	-7.92213e-05	-2.83454e-05	0.0246682	-0.017492	0.00936354
-0.000108903	-0.000186741	0.000170779	0.0316683	0.013426	-0.0120242
0.000369229	0.000359319	-0.00013208	-0.061303	0.0404578	-0.00820523
-0.000157067	-0.000285485	0.000222591	0.0336158	0.00732063	0.0425306
8.38915e-05	0.000270452	-0.000213495	-0.034351	-0.0202872	-0.0307894
-0.000543917	-0.000169516	7.17487e-05	0.0154882	-0.0739623	0.0252367
4.93083e-05	-1.25521e-05	-9.29826e-05	0.0180971	-0.020641	-0.0104047
-0.000121667	-3.03785e-05	3.40713e-05	-0.0100373	0.000970575	0.0148995
0.000383456	0.000114108	7.13413e-05	-0.00497091	0.0569544	-0.0231176
-0.000410842	-0.000108546	-4.82945e-05	0.00437466	-0.0601427	0.0215555
0.000371002	0.00012218	6.94252e-05	-0.00640727	0.0547336	-0.0238831
-0.0004125	-0.000108178	-4.8142e-05	0.00430055	-0.0604195	0.0214854
0.000370045	0.000123918	6.92287e-05	-0.00670704	0.0544433	-0.0238972
-0.000413429	-0.000109198	-4.85152e-05	0.00448337	-0.0603841	0.0213436
0.000153099	6.62267e-05	-3.63502e-06	0.00387196	0.00747183	-0.0181071
-0.000541004	-0.00010525	4.14993e-06	0.00349957	-0.078269	0.0200811
8.75016e-05	1.97253e-05	-9.77548e-05	0.012818	-0.0136612	-0.013313
-0.000296841	-5.48138e-05	6.85285e-05	-0.00639999	-0.0279474	0.0165911
0.000577685	0.000142852	-3.41015e-05	-0.00985663	0.0830925	-0.0235052
-0.000175004	0.000132732	6.7064e-05	-0.0402857	-0.00452755	0.00103704
0.000333764	-0.000142826	0.000101354	0.0422198	0.0467483	-0.00131252
-0.00045359	-7.78245e-05	-6.4866e-05	-0.00172882	-0.0682531	0.0186611
0.000128581	9.69229e-05	-1.44119e-05	-0.00111614	0.00211287	-0.0205312
-0.000545351	-0.000112404	1.65206e-06	0.00426126	-0.0788028	0.0203958
6.61379e-05	1.99863e-05	-0.000105166	0.0133581	-0.0187185	-0.0128804
-0.000299285	-6.32918e-05	6.75594e-05	-0.00540319	-0.0279367	0.0168366
0.000461011	0.000151809	2.4992e-05	-0.0103605	0.0663008	-0.0252042
-0.000182038	-5.34728e-05	8.96829e-06	-0.00736609	-0.0121076	0.0166035
0.000166219	7.43226e-05	-2.50389e-06	0.00402317	0.00941537	-0.0187293
-0.000414975	-0.000127106	-5.261e-05	0.00621453	-0.0600572	0.022633
0.000370366	0.000144055	7.19638e-05	-0.00878502	0.0537097	-0.0253277
-0.000415893	-0.000127452	-5.17423e-05	0.00626029	-0.0602296	0.0226961
0.000370079	0.000144382	7.21883e-05	-0.00882583	0.0536342	-0.0252883
-0.00041639	-0.000128296	-5.19069e-05	0.00640268	-0.0601735	0.0225882
0.000162865	7.43969e-05	1.35131e-06	0.00402314	0.00873511	-0.0184321
-0.000324125	9.74299e-06	3.5799e-06	-0.0189971	-0.0366315	0.0105005
2.11698e-06	-5.93657e-05	-7.06928e-05	0.0286186	-0.0288447	-0.00606328
-0.000159113	-6.43994e-05	3.11042e-05	-0.00560552	-0.00533072	0.0170352
0.000374708	0.000144369	7.24621e-05	-0.0086181	0.0542503	-0.0251637
-0.000413787	-0.000130538	-5.108e-05	0.0066285	-0.0595864	0.0227908
0.00042953	8.71469e-05	0.000101427	0.00170025	0.0658919	-0.0203991
-0.000449032	-9.74136e-05	-6.81295e-05	0.000624407	-0.0670774	0.0200722
0.000185437	0.000110279	6.38143e-06	-0.00229073	0.0138731	-0.0217463
-0.000210439	-5.50534e-05	1.7877e-05	-0.00732729	-0.0160094	0.0164934
0.000169797	8.05834e-05	3.59005e-06	0.00313575	0.0102866	-0.0189667
-0.000536637	-1.67372e-05	-0.000109916	-0.0139745	-0.0849687	0.0127997
6.00025e-05	-7.46304e-05	-1.94216e-05	0.0313357	-0.0142846	-0.00515021
-0.000129704	-6.35226e-05	4.856e-05	-0.00576132	0.00147602	0.0167996
0.000490333	2.44308e-05	0.000131721	0.0130035	0.0787327	-0.0153014
-0.000131135	8.03469e-05	3.29966e-05	-0.0319995	0.000878885	0.00514865
5.36483e-05	6.86002e-05	-3.9178e-05	0.00547923	-0.014295	-0.0180277
-0.000421791	-0.000126966	-5.46818e-05	0.00598676	-0.0609671	0.0220825
0.000163203	7.85906e-05	1.51055e-06	0.00350704	0.00841574	-0.0183732
-0.000520899	-0.000157772	1.04097e-05	0.011127	-0.0753928	0.0205827
7.974e-05	3.91545e-05	-0.000101013	0.0113169	-0.0146776	-0.011635
-0.000122244	-3.65037e-05	3.03399e-05	-0.0112229	0.00218864	0.015236
0.000369993	0.000158171	6.84549e-05	-0.0106199	0.0532137	-0.0261091
-0.00014407	-9.46003e-05	4.36924e-05	-0.00107701	-0.0155602	0.00470976
9.22796e-05	0.00022835	-0.000139914	-0.0232674	-0.00432159	-0.0184128
-0.000408988	-0.000372251	0.000153252	0.0503801	-0.0407655	0.0426803
0.000467579	0.000253127	-5.77017e-05	-0.0286852	0.061244	-0.0300532
-0.000395248	-7.84532e-05	0.000110951	-0.00332629	-0.0440515	0.0124842
0.000123174	4.18405e-05	-0.000169966	0.0102751	-0.0119793	-0.00971566
-0.000394984	-8.74007e-05	0.000111733	-0.00148568	-0.0401118	0.0168743
2.57996e-05	1.78076e-05	-0.000104384	0.0151866	-0.0264728	-0.0120737
-4.02585e-05	-0.000126146	6.96545e-05	0.00403794	-0.011204	-0.0108711
3.86384e-05	0.00032365	-6.58602e-05	-0.0391787	0.0564013	0.0410546
-3.64002e-05	-0.000325538	9.91866e-05	0.0391051	-0.0627764	-0.0514278
0.00011569	0.000283465	-3.09601e-05	-0.0328082	0.0547268	0.0253591
-0.000245841	-0.00022312	1.4264e-05	0.02194	-0.0607775	-0.0109148
-2.63756e-05	0.000301987	-7.4123e-05	-0.0125371	0.010261	0.0192562
-2.23184e-05	-0.000249136	8.9572e-05	0.00840144	-0.0167436	-0.020169
3.44487e-05	0.000120514	-5.05338e-05	-0.0077943	0.00967377	0.0074015
-0.000272931	-0.000216364	1.42342e-06	0.0198252	-0.0605626	-0.00717028
0.000177604	0.000385717	-6.86894e-07	-0.0372618	0.055196	0.0403033
-0.000232634	-0.000331495	1.35333e-05	0.036829	-0.061244	-0.0518558
0.000183985	0.000222648	2.6568e-06	-0.0302474	0.0543079	0.0241845
-0.000226587	-0.000231764	1.57384e-05	0.0216185	-0.060701	-0.013427
-0.000214579	8.02576e-05	-0.000135762	0.00427493	-0.0343592	0.0200079
-1.3675e-05	-3.23192e-05	8.96387e-05	0.00552911	-0.0127121	-0.0174604
0.000177879	5.13415e-05	3.60155e-06	-0.0261309	0.0541206	0.0159864
-0.000227377	9.30559e-05	1.40974e-05	0.0219122	-0.0607575	-0.0159262
0.000181542	-6.32942e-05	7.46645e-06	-0.0253498	0.0540246	0.0158006
-0.000227134	-4.09766e-05	1.31299e-05	0.0221892	-0.060775	-0.0163477
-3.00865e-05	-5.29671e-05	-6.60151e-05	-0.0103095	0.00989761	0.0193937
-1.15331e-05	0.000191636	8.59817e-05	0.00670402	-0.0163774	-0.0204043
-3.18422e-05	-0.000148304	-6.38296e-05	-0.00961314	0.00986842	0.0196864
-0.000226885	-3.90761e-05	1.00709e-05	0.0216766	-0.0608007	-0.0169951
0.000182545	2.30927e-05	1.13335e-05	-0.0249824	0.0540938	0.0166066
-1.05002e-05	0.000195071	8.33164e-05	0.00601452	-0.0164236	-0.0204161
-3.82628e-05	-0.0001539	-6.30362e-05	-0.0086021	0.00867914	0.0201184
-0.000227189	-3.72515e-05	6.91038e-06	0.0213538	-0.0606642	-0.0177044
-3.19582e-05	-5.95282e-05	-6.05331e-05	-0.00916568	0.0100129	0.0202185
-0.000136366	0.000315012	2.09537e-05	-0.0151539	-0.0412118	-0.0285403
-0.000158359	-0.000323168	-8.89911e-05	0.0224608	-0.0160012	0.0282138
2.21407e-05	2.34803e-05	9.29146e-05	0.00948163	-0.0107075	-0.0198569
0.000315151	-1.34516e-06	8.01328e-05	-0.00118864	0.079541	0.0250503
-9.80447e-05	8.75483e-05	3.37273e-05	-0.0110875	-0.0345451	-0.0257397
-6.95426e-05	-6.7587e-05	-7.00722e-05	-0.0112662	0.00346101	0.0195919
-0.000232006	0.000124834	-3.76784e-06	0.0186227	-0.0617602	-0.0193411
-3.85803e-05	-0.00016094	-5.39632e-05	-0.00754699	0.00967387	0.0207884
-0.000137186	0.000172546	1.47605e-05	-0.0169554	-0.0413631	-0.0267757
-0.000163505	1.90337e-05	-8.46985e-05	0.0237698	-0.0158993	0.0268509
2.8273e-05	-0.000265031	8.34323e-05	0.00735291	-0.0112418	-0.0207719
0.000323443	6.37968e-05	8.85105e-05	0.000442058	0.0795832	0.0243712
7.05416e-05	0.000223226	8.48322e-05	-0.0240575	-0.00176443	-0.0255477
-0.00015791	-0.000159201	-9.19712e-05	-0.0038555	-0.0129634	0.0208417
-0.000369541	0.000110199	-7.03501e-05	-0.00400201	-0.0863663	-0.0250311
-0.000168533	1.47105e-05	-8.13668e-05	0.0247995	-0.0162701	0.0257098
7.84424e-05	-0.00039615	0.000206284	0.0316325	-0.000804706	-0.0190502
-0.000114409	0.000347843	-0.00026426	-0.0501806	-0.00592907	0.01943
7.40166e-05	-8.77533e-05	0.000263649	0.0427569	-0.0012412	-0.0189023
5.60925e-06	7.72623e-05	-0.000202791	-0.0550542	0.0179435	0.0195337
-0.000198509	-0.000104673	6.2238e-05	0.0326564	-0.054812	-0.0208683
0.000196178	0.000235619	5.44753e-05	-0.0169036	0.0555602	0.0221829
-0.00022461	-0.000313758	-1.27614e-05	0.0169412	-0.0602564	-0.0221586
-2.05725e-05	8.09223e-05	-3.09368e-05	-0.001505	0.0137853	0.0222294
-6.80813e-06	0.000154039	5.44846e-05	-0.00160372	-0.0188902	-0.0219945
-4.94266e-05	-0.000197479	-3.91832e-05	-0.00451398	0.00904147	0.0219161
-0.000229485	-1.1859e-05	-1.95458e-05	0.015703	-0.0607358	-0.0224438
0.000191396	0.000249497	4.19039e-05	-0.0194224	0.0541728	0.0232139
-0.000228157	-0.00030138	-2.37727e-05	0.0146672	-0.0607005	-0.0230329
0.000193323	0.000174699	4.32175e-05	-0.0192578	0.0541671	0.0236022
-0.000228226	6.74817e-05	-2.3751e-05	0.0147172	-0.0604836	-0.0229822
-4.70079e-05	-0.000208012	-3.17408e-05	-0.00260015	0.0097832	0.0221828
1.2804e-05	7.28495e-05	5.44518e-05	-0.00034068	-0.0160554	-0.0218424
-4.65832e-05	0.000162445	-3.14159e-05	-0.0028698	0.00992817	0.0223723
-0.000230184	-0.000294293	-2.96118e-05	0.0133438	-0.0606528	-0.0238971
0.000196787	0.000166757	4.91876e-05	-0.017809	0.0542436	0.0247706
-0.000230098	7.49782e-05	-2.97136e-05	0.0133314	-0.0605014	-0.0238404
0.000197273	-0.000136772	5.34819e-05	-0.016327	0.0541148	0.0251544
-0.000231586	1.41944e-06	-3.07891e-05	0.0132943	-0.060476	-0.0242027
-4.74827e-05	0.000155448	-2.55786e-05	-0.00158341	0.0099747	0.0225611
-0.000132141	-8.43407e-05	-1.50534e-05	-0.0248627	-0.0407453	-0.0214208
-0.000185656	-9.01526e-05	-5.90557e-05	0.0298862	-0.0163823	0.0189696
4.62152e-05	0.000136248	5.48087e-05	0.00141881	-0.0112308	-0.0221559
0.000353242	-0.000278287	0.000119791	0.00891735	0.0791655	0.0240216
8.2269e-05	0.000231621	5.4535e-05	-0.0292894	-0.00305708	-0.0176914
-0.000185135	0.000136905	-6.5135e-05	0.00210249	-0.0138978	0.0216379
-0.000393974	-0.000147235	-0.000101207	-0.0127658	-0.0861524	-0.0235634
-0.0001886	-9.51336e-05	-5.41908e-05	0.0308048	-0.0165968	0.0174518
0.000128186	7.17504e-06	0.000172534	0.0252844	-0.00156142	-0.027834
-0.000105073	-0.00013338	-0.000103407	-0.0168017	0.00354446	0.0280282
6.01601e-06	0.000118373	1.43828e-05	-0.00814892	-0.0174763	-0.0209812
-5.34444e-05	0.000146665	-1.95054e-05	-0.000527044	0.00945255	0.0234498
2.07027e-05	-0.000193753	3.0324e-05	-0.00506725	-0.0161804	-0.0218013
-4.99341e-05	6.6085e-05	-1.32721e-05	0.000693073	0.00977014	0.0233115
-0.000233873	9.49984e-05	-4.59223e-05	0.0101686	-0.0597868	-0.02652
0.000204172	-0.000158824	6.89286e-05	-0.0128456	0.0533594	0.0283876
2.12141e-05	0.000100001	3.05173e-05	-0.00484144	-0.0160129	-0.021526
-5.48486e-05	0.000131267	-9.92939e-06	0.002261	0.00893329	0.0230267
-0.000236498	-0.000266183	-5.07355e-05	0.00873702	-0.059794	-0.0272671
-4.82178e-05	5.79008e-05	-7.21466e-06	0.00220567	0.00990642	0.0233923
-0.000136921	0.000299649	-2.96565e-05	-0.0270865	-0.040408	-0.0174422
-0.000191829	-0.000410536	-3.69572e-05	0.0339206	-0.0159388	0.0132439
5.37818e-05	8.51949e-05	3.4653e-05	-0.00222087	-0.0111433	-0.0229201
0.000217358	0.000195898	7.55086e-05	-0.0102552	0.054569	0.0291908
-0.000236902	-0.000256471	-5.46954e-05	0.00695537	-0.0593992	-0.0276633
0.000271867	0.000138382	1.18397e-05	-0.0133161	0.0682954	0.0326722
9.97081e-05	2.94129e-05	0.000189758	0.0217554	-0.0142395	-0.0342324
-0.000846754	0.000148547	-0.000373366	-0.0656978	-0.104675	0.0472664
0.00029371	-0.000455592	0.000253626	0.0956463	0.0103716	-0.0626161
-0.000294223	0.000370918	-0.000124974	-0.040588	-0.0221681	0.0401545
0.000442915	-0.000462282	0.000134829	0.0424155	0.0469084	-0.0396746
-0.000316775	0.000514689	-9.43603e-05	-0.0798668	-0.0249206	0.0556738
0.000543253	-0.000170137	0.000177537	0.0561262	0.0610197	-0.0449557
-0.000630839	9.40532e-05	-0.000169896	-0.056249	-0.076601	0.0464982
0.000283171	-0.000316281	0.000104349	0.0699239	0.0181024	-0.0543931
-0.000581575	0.000476325	-0.000154963	-0.0588094	-0.0683364	0.0488669
8.41101e-05	-0.000493663	3.91214e-05	0.0490846	-0.0119911	-0.0497833
-0.000454905	0.00031335	-0.000113393	-0.0429079	-0.0491785	0.0436403
0.000394866	-0.00022858	0.00012831	0.0669737	0.0347603	-0.0557633
-0.000142042	4.27121e-05	-1.97565e-05	-0.0481338	0.00106112	0.0499868
0.000438501	-0.000147227	0.000127004	0.0388726	0.0436717	-0.0427216
-0.00050154	0.000667782	-0.000198562	-0.0937256	-0.0443071	0.0733603
0.000643652	-0.000607349	0.000234178	0.0680335	0.0669991	-0.0613741
-0.000646178	0.000352964	-0.000139564	-0.0489982	-0.0784449	0.0484596
0.000288699	-0.000221738	9.09395e-05	0.0655285	0.0169922	-0.0608933
-0.000589412	8.30453e-05	-0.000130352	-0.0538226	-0.0672916	0.0552156
0.000111824	-0.000227011	6.40272e-05	0.0539006	-0.0117751	-0.0585654
-0.000294717	0.000209587	-6.61618e-05	-0.0170207	-0.0220908	0.0582826
0.000244233	-0.000224713	4.83195e-05	0.00425471	0.0152968	-0.046381
-0.000286716	0.00019479	-4.28037e-05	-0.0204069	-0.0236831	0.0332395
0.000479124	-6.96159e-05	0.000116149	0.0379785	0.0479557	-0.04923
-0.000388121	-7.11858e-05	-6.07009e-05	-0.0400373	-0.0327873	0.100353
0.000304631	-0.000116528	5.5881e-05	0.0434861	0.0159157	-0.0874172
-0.000376554	0.000379917	-4.79364e-05	-0.0491915	-0.0297888	0.0828075
0.000306417	-0.000559868	5.55706e-05	0.0450919	0.0165351	-0.0850324
-0.0003925	0.00067328	-5.44021e-05	-0.0648931	-0.0330022	0.058223
0.000133716	-0.000539149	1.27571e-05	0.0408251	-0.00729686	-0.0535633
-0.000765027	0.000464241	-0.000139992	-0.0263379	-0.0932472	0.0378778
0.000382317	-0.000872908	9.00167e-05	0.0862952	0.0298882	-0.0303702
-0.000291829	0.000666704	-4.8411e-05	-0.0536577	-0.0235976	0.024573
0.000441167	-0.00045655	0.000103245	0.027648	0.0427422	-0.0563799
-0.000354256	0.000647687	-6.0543e-05	-0.0779016	-0.0283898	0.0542303
0.000568335	-1.43938e-05	0.000132031	0.0375309	0.0599349	-0.0693247
-0.000474464	-0.00031465	-7.26479e-05	-0.0230658	-0.0456905	0.108474
0.000319553	4.65506e-05	4.9579e-05	0.0510298	0.0171957	-0.076436
-0.000441146	5.0964e-05	-5.43256e-05	-0.0635163	-0.0388431	0.0566267
0.000149459	7.15891e-05	4.61591e-06	0.0427355	-0.00669603	-0.0502558
-0.000782681	-0.00014786	-0.000130786	-0.0277114	-0.0939457	0.0354062
0.000552571	-0.000158153	0.000170453	0.0836261	0.0413349	-0.0754845
-0.000721824	5.89318e-05	-0.000170124	-0.0661808	-0.0742722	0.0648364
0.000620887	6.00567e-05	0.000109157	0.0437469	0.0662702	-0.0473516
-0.000354549	4.75968e-05	-3.85119e-05	-0.0647946	-0.0250925	0.0644913
0.000602367	3.48711e-05	0.000118278	0.0484279	0.0618219	-0.0509888
-0.000411917	2.82127e-05	-0.000114053	-0.0612047	-0.0267338	0.0641152
0.00011238	6.51551e-05	4.7692e-05	0.0441229	-0.0178088	-0.0529715
-0.000520557	-0.000317625	-5.56559e-05	0.00231289	-0.0600019	0.017047
-9.01648e-05	0.000448019	-5.31277e-05	-0.0249699	-0.0342992	-0.00714266
-3.97406e-05	-0.000606004	5.20149e-05	0.0530842	0.00744885	-0.0128341
0.000231746	0.000488967	2.41171e-05	-0.0332431	0.0162757	-0.000369063
-8.92714e-05	-0.000340712	3.14937e-05	0.00527853	0.005701	0.0196358
3.68484e-05	0.000372791	-2.07267e-05	-0.0117728	-0.0158789	-0.0153335
-1.12127e-05	-0.000342723	5.02397e-05	0.00544313	0.0175114	0.0198573
-0.000240403	0.00030605	-8.79912e-05	0.000879545	-0.0595964	-0.0242268
0.000217625	-0.000294311	0.000105349	-0.00389691	0.0533746	0.0273066
-4.14701e-06	0.000356498	-3.12625e-05	-0.00877169	-0.0225492	-0.0167976
-7.14441e-05	-0.000355036	3.81281e-05	0.0077731	0.0084286	0.0173778
-0.00023565	0.000303166	-8.97528e-05	0.00142879	-0.0593343	-0.0237415
-0.000381752	-0.000421391	-3.42134e-05	0.0205381	-0.0398759	0.00732124
9.51936e-05	0.000377427	-9.0547e-06	-0.0128031	-0.00721591	-0.0138767
0.000217773	-0.000294478	0.000105472	-0.0038657	0.0534125	0.0273358
4.29023e-05	0.000367686	-1.94532e-05	-0.0109302	-0.015102	-0.0153359
-6.6777e-05	-0.000354544	3.85021e-05	0.0076807	0.00904501	0.017673
-0.000237003	0.000303993	-8.91308e-05	0.00126193	-0.0594001	-0.0239082
-6.7816e-05	-0.000353865	3.9603e-05	0.00758843	0.00909649	0.0174671
4.65702e-05	0.000366796	-2.09658e-05	-0.0107179	-0.0149082	-0.0152838
-6.73431e-05	-0.000354281	3.9215e-05	0.00764244	0.00909186	0.0175659
-0.000237264	0.000304175	-8.91947e-05	0.00120227	-0.0594443	-0.0239268
0.000216327	-0.000293732	0.000106561	-0.00400832	0.053436	0.0269928
-0.000238355	0.000304939	-8.86295e-05	0.00108223	-0.0594843	-0.0240899
0.00021649	-0.000293719	0.00010623	-0.00402505	0.0534029	0.0270707
-0.000237929	0.000304554	-8.86508e-05	0.00116476	-0.0594376	-0.0240837
-6.7361e-05	-0.000354156	3.9069e-05	0.00763582	0.00907562	0.01759
4.6059e-05	0.000367139	-2.06204e-05	-0.0107857	-0.014924	-0.0153671
-6.71138e-05	-0.00035448	3.89021e-05	0.00767165	0.0090811	0.0176293
-0.000237372	0.00030429	-8.90445e-05	0.00117966	-0.0594439	-0.0239654
0.000216264	-0.000293708	0.000106477	-0.00402296	0.0534258	0.0270123
-0.000238052	0.000304761	-8.86624e-05	0.00111369	-0.0594638	-0.0240849
0.000216183	-0.000293563	0.000106366	-0.00406482	0.0533998	0.027031
-0.000237229	0.000304119	-8.88672e-05	0.00124406	-0.0593995	-0.0240315
-6.79015e-05	-0.000353852	3.94179e-05	0.00756933	0.00907868	0.0174893
4.71113e-05	0.000366547	-2.10179e-05	-0.0106777	-0.0148747	-0.0152534
-6.78874e-05	-0.000354084	3.94749e-05	0.00758645	0.00909394	0.0174653
-0.000235906	0.000303466	-8.96401e-05	0.00133335	-0.0593776	-0.0238077
0.000215189	-0.000293075	0.000107285	-0.00415402	0.0534388	0.0268022
-0.000236154	0.000303627	-8.94501e-05	0.00132489	-0.0593763	-0.0238807
-6.83216e-05	-0.000353652	3.9811e-05	0.0075371	0.00909928	0.0173962
4.73415e-05	0.000366358	-2.11591e-05	-0.0106567	-0.0148736	-0.0152393
-6.77663e-05	-0.000354093	3.93538e-05	0.0075969	0.00909184	0.0175174
-0.000236618	0.000303887	-8.93493e-05	0.00124166	-0.0594193	-0.0239033
0.000215984	-0.000293679	0.00010665	-0.0040332	0.0534396	0.0269654
-0.000237848	0.000304738	-8.8724e-05	0.00110496	-0.0594661	-0.024079
0.000216228	-0.000293708	0.000106254	-0.00404225	0.0534041	0.0270616
-0.000237558	0.00030444	-8.86871e-05	0.00117251	-0.0594253	-0.0240873
-6.7523e-05	-0.000354127	3.90043e-05	0.00762124	0.00907198	0.0175926
4.62973e-05	0.000367011	-2.05804e-05	-0.0107805	-0.014912	-0.0153828
-6.72022e-05	-0.000354481	3.87732e-05	0.00766306	0.0090746	0.0176514
-0.000237252	0.0003043	-8.89662e-05	0.00116444	-0.0594408	-0.0240013
0.000216254	-0.000293841	0.000106301	-0.00401159	0.0534224	0.0270547
-0.000238068	0.000304863	-8.85276e-05	0.00108149	-0.0594675	-0.0241339
0.000216256	-0.000293737	0.000106123	-0.00404547	0.0533945	0.0270917
-0.000237379	0.000304305	-8.86753e-05	0.00119684	-0.0594091	-0.0240947
-6.77335e-05	-0.000354009	3.90877e-05	0.00759143	0.00906854	0.0175619
4.68242e-05	0.000366722	-2.07486e-05	-0.0107281	-0.0148851	-0.0153294
-6.76425e-05	-0.000354269	3.90777e-05	0.00761468	0.00908084	0.017558
-0.000236317	0.000303775	-8.9327e-05	0.00126278	-0.059397	-0.0239033
0.000215519	-0.000293393	0.000106834	-0.00410544	0.0534286	0.0269155
-0.000236712	0.000304039	-8.90776e-05	0.00123586	-0.0594029	-0.0239905
-2.43854e-05	-0.000344616	4.96559e-05	0.00578349	0.0158941	0.0189627
4.68573e-05	0.000366707	-2.07621e-05	-0.010729	-0.0148871	-0.0153347
-6.76218e-05	-0.000354276	3.90266e-05	0.00761603	0.00907917	0.017573
-0.000236441	0.000303861	-8.92586e-05	0.00124285	-0.0594047	-0.0239269
0.000215661	-0.000293517	0.000106692	-0.00408288	0.0534278	0.026952
-0.000237018	0.00030425	-8.89262e-05	0.0011923	-0.0594194	-0.0240328
0.000215523	-0.000293331	0.000106642	-0.00413171	0.0534041	0.026954
-0.000236093	0.000303546	-8.9185e-05	0.00133579	-0.0593505	-0.0239665
-6.86038e-05	-0.000353518	3.97317e-05	0.00748961	0.00908158	0.017388
4.83197e-05	0.000365856	-2.13624e-05	-0.0105711	-0.0148194	-0.0151634
-6.87245e-05	-0.000353747	3.98602e-05	0.00750447	0.00909266	0.0173378
-0.000234426	0.000302706	-9.01101e-05	0.00146409	-0.059312	-0.0236981
-6.94516e-05	-0.000354719	4.00422e-05	0.00764702	0.00902953	0.0176566
0.000174628	0.000125746	8.07179e-05	0.00999388	-0.00582999	-0.0320025
-0.000294088	0.000328026	-0.000137077	-0.0285282	-0.00783052	0.0448263
0.000233682	-0.000451584	0.000130618	0.0196392	-0.00234918	-0.0399775
-0.000268323	0.000304255	-0.000121069	-0.024611	-0.00517969	0.0431578
-2.90484e-05	-1.66223e-05	7.24655e-05	0.0349447	-0.0439034	-0.0495571
4.15352e-06	-0.000150254	-5.23501e-05	-0.0365985	0.037502	0.0529845
0.000252523	4.64887e-05	0.000140871	0.0228672	1.29752e-05	-0.0414795
-0.000301711	0.000303543	-0.000127899	-0.0244458	-0.0104315	0.0414211
-0.000195539	-0.000425967	2.53113e-05	0.0160698	-0.0674233	-0.0389954
-0.000163141	-5.59791e-05	-2.16074e-05	0.0403629	-0.00461708	-0.00307048
3.02665e-05	0.000478881	-3.6545e-05	-0.0553689	-0.0108996	0.0124213
