0.000855575	-8.12666e-05	0.000776158	-0.00713777	-0.00170718	0.102137
0.000935807	-0.000110163	0.000724265	-0.00289034	-0.0134923	0.0985147
0.000955009	-6.24334e-05	0.000422308	0.00112014	-0.00367009	0.0900892
0.000752038	-3.87067e-05	0.000934737	-0.0150435	-0.00290231	0.0753908
0.000520603	-0.000170519	0.000596808	-0.0114969	-0.0214118	0.0666496
0.000618176	-0.000150766	0.00075593	-0.00365308	0.00850935	0.0559939
0.000505911	-7.00826e-05	0.000891341	-0.0130857	0.0106826	0.0491022
0.000389727	-8.77122e-05	0.000797304	-0.0114592	0.0054651	0.0488984
0.000412221	-4.01719e-05	0.000572278	-0.00444538	-0.00500138	0.0470567
0.000430662	-3.92863e-05	0.000547972	-0.00379478	-0.00493582	0.048902
0.000486101	-3.25048e-05	0.00057344	-0.0037794	-0.00491077	0.0479431
0.000460108	-5.04971e-05	0.000669807	-0.00786035	0.00662116	0.0432064
0.000334251	-3.46609e-05	0.00064496	-0.0129808	0.00204228	0.0378383
0.000243268	-5.37918e-05	0.000693904	-0.00749703	-6.06845e-05	0.0374976
0.000206453	-5.55629e-05	0.000774413	-0.0152299	-0.00324424	0.0363686
0.000222299	-9.33881e-05	0.000417685	-0.00631956	-0.00905277	0.0372698
0.000253083	-4.19941e-05	0.000243191	-0.00540727	-0.00889688	0.0315985
0.000253325	-2.80325e-05	0.000390271	-0.00744767	-0.0117605	0.0301782
0.00024653	-5.4502e-05	0.000375076	-0.00780052	-0.0150176	0.0302423
0.000242138	-5.19706e-05	0.000348449	-0.0101989	-0.0116932	0.0292438
0.000245767	-9.03718e-05	0.000319829	-0.00940594	-0.0100919	0.0281354
0.000292827	-7.73023e-05	0.000275109	-0.00570264	-0.00932543	0.0303652
0.000305959	-2.91751e-05	0.000387335	-0.0135006	-0.00812615	0.031655
0.00029748	-5.9307e-05	0.000332907	-0.00815036	-0.000590371	0.0279957
0.000249092	-4.27259e-05	0.000395058	-0.0112359	-0.00555894	0.0286133
0.000246932	-5.00041e-05	0.000453944	-0.0150176	-0.00218167	0.0286738
0.000175259	-0.000108739	0.000437225	-0.0154952	-0.00567912	0.0285408
0.000236904	-9.96096e-05	0.000296369	-0.00695502	-0.00581764	0.0262055
0.000233515	-6.124e-05	0.000324074	-0.0109573	-0.00506017	0.0272281
0.000227513	-7.51807e-05	0.000330705	-0.00865902	0.000959539	0.028359
0.000148352	-6.30193e-05	0.0002722	-0.00913305	-0.0104281	0.0264962
0.000184997	-4.74234e-05	0.000394698	-0.0058853	0.000752475	0.0271962
0.000209026	-3.0921e-05	0.000399175	-0.0119826	-0.00856507	0.0269996
0.0002083	-1.79553e-05	0.000490712	-0.0203552	-0.0056373	0.0270229
0.000223113	-2.88435e-05	0.000566095	-0.0217566	-0.00109793	0.0284758
0.000196337	-8.20889e-05	0.000476886	-0.0175386	-0.00836386	0.0301045
0.000246913	-1.84418e-05	0.000550869	-0.0217044	-0.00734412	0.0314812
0.000309986	4.45661e-06	0.00050549	-0.0180905	-0.000415071	0.0299729
0.000270393	-3.26745e-05	0.000575474	-0.0169904	0.000501312	0.030275
0.000248126	-8.14804e-05	0.000180701	-0.00451036	-0.00788723	0.0309579
0.000202737	-4.4473e-05	0.000198079	-0.00309046	-0.0126107	0.0323362
0.000223254	-1.97709e-05	0.00031002	-0.00624291	-0.0188367	0.0325229
0.000267371	-1.67545e-05	0.000193688	-0.0041802	-0.00906831	0.0325127
0.000290872	-4.5445e-06	0.000228673	-0.00216226	-0.0151157	0.0361205
0.000339189	3.30363e-06	0.000292714	-0.00539791	-0.0131072	0.0412987
0.000327407	-7.41333e-07	0.000404879	-0.0135232	-0.0168498	0.0435442
0.000310351	-5.09166e-05	0.000300287	-0.00236291	-0.0233441	0.0437616
0.000318768	-1.87957e-05	0.000363435	-0.00798604	-0.0232068	0.04056
0.000371362	-7.62055e-07	0.000223316	-0.00112267	-0.010429	0.041551
0.000346351	-5.88724e-06	0.000416335	-0.00514458	-0.00528979	0.0435162
0.000351157	-2.56478e-05	0.000404618	-0.00457797	-0.0039673	0.0485764
0.00038443	-5.81013e-05	0.000319856	0.000364892	-0.0100671	0.0515746
0.000411052	-2.86342e-05	0.000484378	-0.00762799	-0.00875845	0.0526474
0.000476294	-2.59788e-05	0.000304196	-0.00547566	-0.0124535	0.0517863
0.000497892	-6.59336e-05	0.000383582	-0.00209339	-0.0107337	0.0520689
0.000459031	-5.33373e-05	0.00012505	-0.00254031	-0.0117621	0.0569226
0.000443085	-1.805e-05	0.000639121	-0.0097297	-0.00960105	0.0592215
0.000405946	-8.53691e-05	0.000208707	0.00547634	-0.0175998	0.0584572
0.000470853	-3.97147e-05	0.000311566	-0.00473492	-0.00745862	0.0564403
0.000469439	-3.74301e-05	0.000477191	-0.00690687	-0.0136376	0.0567205
0.000477817	-2.72461e-05	0.000575979	-0.00761742	-0.0135412	0.0595498
0.000516701	-8.47923e-06	0.000389423	-0.00996221	-0.00719624	0.06037
0.000493086	-2.29238e-05	0.000337178	-0.00396523	-0.0055705	0.0628114
0.000472219	-3.14389e-05	0.000662314	-0.0159066	-0.00807619	0.0654926
0.000480574	-0.000116569	0.000406654	-0.00275252	-0.0172535	0.0629538
0.000549966	-0.0001025	0.00050191	-0.00916876	-0.0131305	0.0672898
0.000533117	-8.58923e-05	0.000769875	-0.0223991	-0.0142991	0.0695776
0.000610496	-9.0023e-05	0.00055817	-0.0107565	-0.00517881	0.0686384
0.00057001	-8.16424e-05	0.000283306	-0.011963	-0.00643881	0.0761421
0.000575319	-9.72914e-05	0.000330495	-0.00793741	-0.0135022	0.0779341
0.00057888	-4.24144e-05	0.000354649	-0.00856116	-0.0131238	0.0791178
0.000528565	1.18633e-06	0.000180368	-0.00608463	-0.0164667	0.0812029
0.000519763	-1.08394e-06	0.000251352	-0.0097326	-0.0144546	0.0763358
0.000574233	-9.84193e-06	0.000335755	-0.00706102	-0.0173497	0.0738832
0.000587843	-1.21945e-06	0.000549209	-0.0108274	-0.0135169	0.0755797
0.000643951	2.56707e-05	0.000695334	-0.0170312	-0.0225298	0.0767242
0.000731807	-7.54184e-05	0.000289449	0.00205318	-0.028884	0.0801619
0.00060817	-2.95938e-05	0.000704135	-0.016367	-0.0309976	0.0800105
0.000654094	-1.85017e-05	0.000155437	0.00229857	-0.0117362	0.078155
0.00063817	-4.65516e-05	0.000488777	-0.00300254	-0.0104449	0.0777792
0.000602901	-5.33226e-05	0.00045315	-0.00742123	-0.00347553	0.0745404
0.000516104	-3.03714e-05	0.000497955	-0.0040181	-0.0279694	0.0774037
0.000548584	-8.17317e-06	0.00045534	-0.00292575	-0.0249703	0.0803498
0.000573974	5.67812e-05	0.000598472	-0.020107	-0.0179313	0.0858738
0.000639576	-1.33192e-05	0.000276161	-0.00696697	-0.00875356	0.090683
0.000694621	1.27217e-05	0.000677261	-0.0125393	0.00380778	0.088618
0.00065433	-4.48044e-05	0.000489861	-0.00866613	-0.0131329	0.0873609
0.00057336	-2.08847e-05	0.00050687	-0.0182603	-0.0300595	0.085328
0.000663178	-5.75371e-05	0.000932891	-0.0244654	-0.00726806	0.0847679
0.000696817	-0.000147033	0.000730248	-0.0228083	-0.00570432	0.0799962
0.000662985	-0.000239988	0.000450631	-0.00701304	-0.00463059	0.0842377
0.000596534	-0.000167336	0.000510859	-0.0115136	-0.0105949	0.0822352
0.000655568	-0.000169043	0.000377758	-0.00319965	-0.0107258	0.0862649
0.000768816	-9.6779e-05	0.000588055	-0.0100145	-0.0028285	0.0812781
0.000683128	-3.04441e-05	0.000704613	-0.0164292	-0.0118452	0.0866029
0.000579971	-1.27073e-05	0.00100742	-0.0232499	-0.0253235	0.0906811
0.000584048	-0.000127341	0.00109908	-0.0280216	-0.0277642	0.0935531
0.000788355	-0.000117818	0.00101701	-0.0233617	-0.0150716	0.0997186
0.000795671	-0.00013958	0.000173505	0.00286998	-0.00990854	0.0906522
0.000871802	-2.70589e-05	0.000405373	-0.00779459	-0.00986496	0.0904812
0.000814125	-2.61362e-05	0.000489093	-0.00826359	-0.0183319	0.0893104
0.000761075	-1.54772e-05	0.000872472	-0.0254835	-0.017504	0.0826946
0.000721344	-0.000193132	0.000868656	-0.0218252	0.00505428	0.0854021
0.00064565	-0.000194615	0.000300548	-0.00280529	-0.0109107	0.0867994
0.000698166	-0.000156277	0.000398434	-0.00944404	-0.00135166	0.086763
0.000700409	-0.000121696	0.00036723	-0.0036303	-0.0117904	0.0847762
0.000630657	-0.000116813	0.000506102	-0.000443388	-0.0144396	0.09221
0.000625483	-5.29775e-05	0.00056565	-0.00655833	-0.0178016	0.0877845
0.000645134	-4.50568e-05	0.000326148	-0.00386679	0.000566356	0.0908177
0.000692852	-2.04202e-05	0.00044182	-0.00512419	-0.00730269	0.0840741
0.000671862	-8.60309e-06	0.000356385	-0.00214551	-0.0232027	0.0845711
0.00072811	-1.58881e-05	0.000349462	-0.00146093	-0.00467367	0.0946965
0.000614757	3.21744e-05	0.000486688	-0.00728285	-0.0140269	0.0959314
0.000693094	-8.73348e-07	0.000386705	-0.00317514	-0.0162888	0.0887682
0.000740481	-3.58478e-06	0.000255908	-0.00381459	-0.0091276	0.0897056
0.000854688	-2.64418e-05	0.000281978	-0.00497408	-0.0138963	0.0954521
0.000899637	-1.27476e-05	0.000440906	-0.00144274	-0.0104342	0.0941979
0.000830497	1.59972e-05	0.000532402	-0.00582736	-0.0094504	0.0905207
0.00075801	1.98818e-05	0.000511326	-0.00360149	-0.0148203	0.0918342
0.000743001	9.31369e-06	0.00079039	-0.0127478	-0.014501	0.0942694
0.000736954	-0.00010137	0.000553071	-0.00605283	-0.0108007	0.0942476
0.000626571	-0.000111823	0.000357064	-0.00708704	-0.019138	0.0891937
0.000676945	-0.000109443	0.000656851	-0.00664354	-0.0148624	0.0901792
0.000665708	-8.09953e-05	0.000277027	-0.00580246	0.00626298	0.0903611
0.000570985	-4.9288e-05	0.000535767	-0.0056573	-0.0286808	0.0932342
0.000791758	4.75149e-06	0.000331417	-0.00367745	-0.015662	0.0912461
0.000706785	1.42902e-05	0.000614493	-0.0122109	-0.0124942	0.0918442
0.000789773	-6.81019e-05	0.000669467	-0.0219303	-0.0140591	0.0844875
0.000850116	-0.000119378	0.000697508	-0.0174625	-0.00522518	0.0886388
0.000827858	-0.000167916	0.000871148	-0.0133279	-0.00536541	0.100041
0.000852274	-0.000156451	0.000741345	-0.0146699	-0.0173492	0.0961776
0.000891417	-7.29986e-05	0.000868428	-0.0233132	-0.0292959	0.0963674
0.000999849	-0.000168894	0.000118582	0.00594051	-0.00916991	0.0961983
0.000877253	-2.40571e-05	0.000428477	-0.00166845	-0.0134011	0.0940488
0.000853944	1.54312e-05	0.000578367	0.000422766	-0.0142223	0.0891338
0.000847176	1.02605e-05	0.000537515	-0.00285521	-0.0112455	0.0905783
0.000874194	1.47389e-05	0.000275172	-0.00607334	-0.00354178	0.0931657
0.000805358	9.27167e-06	0.000790452	-0.0206349	-0.0079768	0.0899403
0.00062556	-6.03561e-05	0.00102531	-0.0308252	-0.0285452	0.0939259
0.000590896	-8.95712e-05	0.000848979	-0.0237566	-0.0171969	0.0859338
0.000710515	-0.000154873	0.000785294	-0.0227513	-0.027839	0.0924617
0.000782313	-0.000134949	0.00112678	-0.0318225	-0.0116373	0.0962879
0.000763472	-0.000157228	0.000503234	-0.0130607	-0.0199863	0.0939451
0.000809813	-0.000105152	0.000640426	-0.0089868	-0.0103467	0.0881229
0.000798801	-0.000109542	0.000651322	-0.00573466	-0.0203058	0.0831489
0.00072633	-0.000138447	0.000503052	-0.0106809	-0.0235604	0.0845316
0.000724333	-0.000138932	0.000844247	-0.0138808	-0.0188243	0.0911986
0.00076678	-7.12393e-05	0.000833167	-0.030319	-0.0146236	0.0912049
0.00072534	-0.000206345	0.000461188	-0.00486076	-0.0016171	0.0866955
0.000677911	-0.000138465	0.000600128	-0.00628851	0.0131518	0.0836503
0.00062547	-0.00010981	0.000653605	-0.0110302	-0.0120749	0.0776359
0.000633071	-0.000117551	0.000701758	-0.0100365	-0.0179913	0.0787369
0.000648105	-0.000120491	0.000283472	0.00352557	-0.0189643	0.0796018
0.00066175	-5.31412e-05	0.000709356	-0.00148693	-0.016475	0.080499
0.000511254	7.83824e-07	0.000642244	-0.00720252	-0.0253271	0.0819517
0.000633926	-6.78904e-05	0.000327293	0.00326467	-0.0059234	0.0837912
0.000700406	-3.29271e-05	0.000380097	-0.00130934	-0.00335326	0.083386
0.000662341	-2.70247e-06	0.000676207	-0.00569518	-0.00975436	0.0856083
0.000674303	-5.95197e-06	0.00069661	-0.00827192	-0.00347319	0.0762315
0.000732398	-4.38624e-05	0.000496337	-0.000223548	0.000397783	0.076482
0.000681619	-4.79008e-05	0.000762663	-0.0111681	-0.0109447	0.0734066
0.00071751	-3.07077e-05	0.000465698	-0.00442573	0.00106366	0.0799899
0.000693059	-2.23781e-05	0.000778731	-0.00840133	-0.00137412	0.076927
0.000700223	-4.22372e-05	0.000668335	-0.00251961	0.00348446	0.0786816
0.000679343	-3.44123e-05	0.000408153	0.00150225	-0.0119733	0.0801884
0.000709645	3.93664e-05	0.000715016	-0.00588102	-0.0129628	0.0773507
0.000686625	-5.04045e-05	0.000897331	-0.0126159	-0.0280304	0.0911972
0.000835018	-0.000104566	0.00091378	-0.0139025	-0.014744	0.0913234
0.000777746	-0.000137975	0.000757341	-0.00722719	-0.0282087	0.0934757
0.000881519	-7.93323e-05	0.000406451	-0.00298942	-0.0114008	0.0839575
0.000820062	1.33842e-05	0.000719306	-0.0151472	-0.00758936	0.0882643
0.000793886	-7.01878e-05	0.000318394	0.00197198	-0.011694	0.0906334
0.000854706	-1.39454e-05	0.00044902	-0.00344047	-0.00221997	0.0896557
0.000897584	-3.40784e-05	0.00100039	-0.010462	0.0104469	0.0909424
0.000800525	-9.20721e-05	0.000450762	0.00432823	-0.00405859	0.0910789
0.000787527	-7.68114e-06	0.000588439	-0.00963602	-0.0309352	0.0935582
0.000904677	-7.96672e-05	0.000594542	-0.00391341	0.00628034	0.0936303
0.000832183	-5.28534e-05	0.000696076	-0.00327581	-0.000841562	0.0924796
0.000782741	-1.98184e-05	0.000505368	-0.00668705	-0.00857642	0.0981707
0.000782494	1.12091e-05	0.000803022	-0.0158316	-0.0225233	0.0939076
0.000912762	-5.66065e-05	0.000814461	-0.00551832	-0.0218169	0.0988042
0.000706229	-3.25372e-05	0.000730955	-0.0110915	-0.0438614	0.0931065
0.000916033	-0.000121596	0.000489028	0.00748308	0.00411645	0.0900303
0.00080304	-6.48465e-05	0.000553195	-0.00240849	-0.0118514	0.0953516
0.000904307	-2.10397e-05	0.000529729	0.000164236	-0.00182169	0.0881013
0.000689263	4.59346e-05	0.000884094	-0.00845041	-0.0201525	0.0833523
0.000830108	8.04174e-06	0.00111108	-0.0110381	0.0121259	0.0842481
0.000743826	2.81868e-05	0.000242788	0.00528478	-0.0107292	0.0891067
0.000794588	2.79401e-05	0.00102617	-0.0134736	0.00797205	0.0847382
0.000618602	-1.35302e-05	0.00139379	-0.0166607	-0.00576934	0.0864026
0.000607587	4.92235e-05	0.000877088	-0.00180067	-0.00154454	0.0865932
0.000742375	0.000102032	0.000814167	-0.00795359	-0.00335346	0.0819333
0.000759998	3.69658e-05	0.000693878	-0.000842824	-0.0124151	0.0842588
0.000712317	2.69848e-05	0.000571461	0.000886624	-0.00959758	0.095473
0.000723356	-9.31334e-06	0.000676671	-0.00222026	0.00941413	0.0981984
0.000728744	-3.55355e-05	0.000859139	-0.00390722	-0.00484454	0.0933592
0.000791712	-7.04066e-05	0.000522893	0.00833494	-0.0122784	0.0911579
0.000743674	-5.34984e-05	0.000666501	0.00285142	0.010722	0.0903099
0.000715293	-3.0515e-05	0.000907645	-0.00566255	0.0167189	0.0950002
0.000666441	-2.73601e-05	0.000616812	-0.0034186	-0.00406056	0.086067
0.000730711	5.54073e-05	0.00101654	-0.0123149	0.00459262	0.0848993
0.000688399	3.15164e-05	0.00120164	-0.0108373	0.0122284	0.0851493
0.000609411	-0.000105562	0.000522637	0.00768339	-0.0105005	0.082877
0.000699676	-3.3885e-06	0.000928809	-0.0129768	-0.00415705	0.0888865
0.000837088	0.000120987	0.00144213	-0.0309062	-0.00292447	0.0938633
0.000796779	-3.11825e-05	0.000528575	-0.000537477	-0.00918241	0.0928147
0.000891876	-3.00164e-05	0.00111701	-0.0186076	0.0152616	0.0947058
0.000784972	-0.000104799	0.000478969	0.00191867	-0.00610812	0.0940927
0.000667124	-7.51467e-06	0.000973193	-0.00999333	-0.00605325	0.0925888
0.000654647	6.66012e-06	0.00106955	-0.0115463	-0.0118543	0.088716
0.00073748	-3.58562e-05	0.000290232	0.00533368	0.0114146	0.089839
0.000633039	6.3643e-05	0.000821764	-0.0055073	-0.00909042	0.0815447
0.000630683	1.20604e-05	0.00097981	-0.00715095	-0.0026233	0.0855778
0.000544575	-6.20508e-05	0.00107926	-0.015443	-0.0150734	0.0897897
0.000678681	-9.51559e-05	0.000796287	-0.00702215	-0.00321138	0.090791
0.000906884	-5.60005e-05	0.000841194	0.00284695	0.00648022	0.0970946
0.000928501	8.20763e-05	0.00103252	-0.0148269	-0.0135945	0.100951
0.000879685	3.84019e-05	0.000640557	0.00462648	0.00171094	0.100809
0.000740883	6.70886e-05	0.000891013	-0.000740942	0.00576362	0.095278
0.000745179	5.93837e-05	0.000870666	-0.0153852	0.0167279	0.100288
0.000578182	-1.87772e-05	0.000937505	0.00085628	-0.0303717	0.0978893
0.000798591	9.184e-05	0.00111904	-0.0025774	-0.00909512	0.10292
0.000866833	3.80474e-05	0.00119544	0.00501503	-0.0113495	0.107677
0.000965303	0.000126632	0.000998573	-0.00162532	0.012575	0.0995784
0.000751564	9.91583e-05	0.00100766	-0.00376258	-0.0135566	0.101149
0.000840013	6.99046e-05	0.000830707	0.00111091	0.00897776	0.0935416
0.000736047	-1.02202e-05	0.000973723	0.00406967	-0.0306568	0.0969995
0.000929219	4.73312e-05	0.000690237	0.00285261	-0.00980268	0.0991032
0.000964883	7.96641e-05	0.00104628	-0.0146518	-0.00608007	0.105104
0.000948265	-1.49768e-05	0.00103989	-0.00868925	-0.00997237	0.117797
0.00101995	-2.40279e-05	0.00040296	0.00117576	0.0233227	0.118863
0.00102778	1.82919e-05	0.000663453	-6.28933e-05	-0.00967521	0.125196
0.00107916	4.63253e-05	0.00131512	-0.0267562	0.00232819	0.121251
0.00100343	0.000102326	0.00149469	-0.0389418	0.0402343	0.113151
0.000474899	2.72263e-05	0.000929539	-0.0165126	-0.0531784	0.106367
0.000770577	-3.70165e-05	0.00137483	-0.0290875	0.000991961	0.101544
0.000623049	-1.07723e-05	0.00056111	0.00838256	-0.013354	0.0933703
0.000769566	6.33935e-05	0.00173649	-0.0253925	-0.00229324	0.0963344
0.00087401	2.54236e-05	0.00127341	-0.0220235	0.0262984	0.0957788
0.000842824	4.95318e-05	0.000965197	-0.0190152	-0.0139431	0.0980095
0.000934737	-2.34286e-06	0.00123855	-0.0164793	-0.0146188	0.0957944
0.000944652	-5.02568e-05	0.00118522	-0.0165021	-0.00475485	0.0920867
0.000982514	-3.96364e-05	0.00170006	-0.0445775	0.0177749	0.089477
0.000774317	-0.000201457	0.000327	-0.00332063	-0.0236829	0.0935736
0.000828733	-9.15357e-05	0.000833626	-0.00903855	-0.00178889	0.0994226
0.000866494	-6.62954e-05	0.000705723	-0.012322	-0.0133072	0.097884
0.000840327	-7.62852e-05	0.00114934	-0.0181348	-0.0275281	0.0986015
0.00087776	-0.000101818	0.000766119	-0.00715576	-0.00774076	0.100562
0.00075784	0.000122417	0.00137246	-0.0391496	-0.0149356	0.0959909
0.000833404	8.29146e-05	0.000903643	0.00869739	0.0081564	0.0918829
0.000759744	5.37002e-05	0.000800195	-0.00405457	-0.0136726	0.0875004
0.000776156	-2.78101e-05	0.00112527	-0.0233847	0.0401448	0.0930523
0.000627797	-0.00012612	0.00102573	-0.0148091	-0.00239071	0.0956444
0.000757849	-0.000170477	0.00114988	-0.0195571	0.044897	0.100933
0.000577328	-0.00019693	0.00142334	-0.0138506	0.0210506	0.0968171
0.00036013	-0.00019278	0.000888851	-0.01331	-0.005084	0.0912889
0.000449621	-0.000119735	0.000597587	-0.014423	-0.00210709	0.0874164
0.000535423	-0.000113926	0.00118063	-0.0176857	-0.000609023	0.0819372
0.000545435	-0.000114145	0.000787013	-0.00603633	0.000975045	0.08717
0.000576927	-4.4139e-05	0.000770883	-0.0134352	-0.00541909	0.0881391
0.000569832	-8.43136e-05	0.000761279	-0.00421543	-0.00130542	0.0871038
0.000528268	-3.34475e-05	0.00126466	-0.0161112	0.0024753	0.0835902
0.000529563	-0.000136525	0.000806487	0.00702178	3.81395e-05	0.0817415
0.000601782	-0.000100968	0.00129634	-0.0184049	0.00772343	0.0802108
0.000510709	-0.000105964	0.000763603	-0.0159147	-0.0106211	0.079427
0.000528186	-5.70213e-05	0.000770121	-0.0130842	-0.00271186	0.0778051
0.00056689	1.46412e-05	0.00133002	-0.0227476	-0.0145339	0.0764024
0.000713208	-6.77923e-05	0.0006135	-0.00703888	-0.00551933	0.084573
0.000788687	-1.09388e-05	0.00104916	-0.0155302	-0.00427739	0.0897362
0.00080344	-7.27625e-05	0.000890789	-0.0106953	0.0109063	0.0886664
0.000544093	-5.01742e-05	0.00123625	-0.0204097	-0.0223551	0.085982
0.000466891	-0.000121237	0.000928257	-0.0103231	-0.0284713	0.0884797
0.00059529	-0.000154761	0.00106365	-0.0259292	-0.0177546	0.0857412
0.00059215	-0.000190904	0.00116509	-0.0299073	-0.0130042	0.0845812
0.000748047	-0.000175633	0.001049	-0.0284492	-0.0119814	0.0878621
0.000703801	-0.000268707	0.00102102	-0.0205491	-0.0205772	0.0905218
0.000658707	-0.000240436	0.000898082	-0.0226343	-0.0265587	0.0827695
0.000797131	-0.000197578	0.000655946	-0.0147465	0.0142595	0.0913886
0.000736869	-0.000187904	0.00118839	-0.0221873	0.00325978	0.0958607
0.000728443	-0.000127785	0.000757531	-0.0294283	-0.0141555	0.0976003
0.000801655	-0.000204948	0.000499985	-0.00449717	0.00246221	0.0959739
0.000881011	-0.00016023	0.00107157	-0.0211017	0.0139863	0.106633
0.000713786	-3.35947e-05	0.000920507	-0.00694946	-0.00878397	0.0975591
0.000719996	9.58848e-05	0.000803328	-0.0183644	-0.000829512	0.0885376
0.000772579	6.50209e-05	0.00103193	-0.0146289	0.00822179	0.0921872
0.000775636	-6.62832e-05	0.000553173	-0.0073263	0.0050654	0.0926235
0.000713808	-2.43339e-05	0.00119416	-0.0213428	0.0203269	0.0885186
0.000643389	-0.000132189	0.00120404	-0.00913692	0.00766824	0.0910921
0.000610272	-9.67322e-05	0.00116415	-0.0113635	-0.0154815	0.0912014
0.00070579	9.80368e-06	0.00166387	-0.03355	0.0157218	0.085668
0.000800496	-5.03651e-05	0.00067549	-0.0156545	-0.00396976	0.0797394
0.000748839	-9.63564e-05	0.00116041	-0.0231233	-0.0068766	0.086339
0.00068247	-7.44454e-05	0.00116329	-0.0370525	-0.0236994	0.0863941
0.000835151	-0.000280861	0.000982522	-0.0261444	0.0144985	0.0887139
0.000677152	-0.000328222	0.000905393	-0.0179499	0.00568504	0.0920835
0.000654749	-0.00032224	0.00100527	-0.0245526	0.0214098	0.085626
0.000402022	-0.000291954	0.000833875	-0.0302873	0.00257434	0.0819833
0.000477722	-0.000299937	0.000897195	-0.0251709	0.000574742	0.0771976
0.000605498	-0.000184923	0.000641017	-0.0129007	0.0219742	0.067775
0.000566786	-0.000189591	0.00103759	-0.0116611	0.0180563	0.0733422
0.00041481	-0.000267747	0.000721939	-0.0179014	0.00802862	0.069382
0.000480503	-0.000159645	0.00102286	-0.0186318	-0.00535344	0.0727816
0.000564639	-6.5039e-05	0.00121759	-0.0314339	0.0225917	0.0737778
0.00051545	-0.000131884	0.000807912	-0.0162555	-0.0105353	0.0763325
0.000655953	-4.92136e-05	0.0013796	-0.0252921	0.0195007	0.0807601
0.000673114	-0.000105711	0.000645876	-0.0165685	0.00637927	0.088159
0.000796702	-4.375e-06	0.000927033	-0.000244022	0.0165387	0.0858836
0.000680934	-3.39425e-05	0.00110504	-0.0102216	-0.00193635	0.0837028
0.000721112	8.35361e-06	0.000837984	-0.00966246	-0.00482937	0.0883886
0.00074751	-1.18534e-05	0.000780087	-0.0124181	0.0102163	0.0964871
0.000669597	-3.37778e-05	0.000514145	-0.0136785	-0.00210304	0.092053
0.00079068	-3.82192e-07	0.000788555	-0.00889949	0.0057015	0.0932249
0.000867473	4.92565e-06	0.00117946	-0.0204667	0.0176113	0.0982372
0.000861967	-0.000105148	0.000893991	-0.0130365	0.00393294	0.0924853
0.000869725	-5.06748e-05	0.00110301	-0.033829	0.0100416	0.101087
0.000752393	-0.000147741	0.00116262	-0.0223971	-0.00248247	0.0951484
0.00077569	-9.79321e-05	0.000898629	-0.0175851	0.0114756	0.0868785
0.000702588	-0.000107214	0.000875078	-0.0112886	-0.000900842	0.0888313
0.000771924	-7.86071e-05	0.000961002	-0.0159595	0.00812776	0.0886442
0.000723262	-1.06167e-05	0.0013785	-0.0404753	0.00545984	0.0921478
0.000688338	-9.21307e-05	0.000841398	-0.00638112	-0.0183243	0.0946854
0.000765815	-5.524e-05	0.00122604	-0.0174026	0.0131874	0.0979614
0.000586867	-2.74365e-05	0.000693285	-0.0039432	0.0121863	0.095718
0.000643635	-4.65428e-06	0.000859576	-0.013038	0.00177563	0.0966863
0.000730142	-3.99826e-05	0.000783799	-0.0112082	0.00607832	0.100399
0.000663659	-2.90868e-05	0.00100421	-0.0132067	-0.00125808	0.0933657
0.000634178	1.71704e-05	0.000645479	-0.0242572	0.00452639	0.101546
0.000756769	-4.48676e-06	0.00141304	-0.0302424	0.00569972	0.104215
0.000838313	-0.000177019	0.00113832	-0.00725668	0.00602158	0.106157
0.000837333	-9.30323e-05	0.00102174	-0.00258384	-0.0039599	0.104558
0.000867307	-4.42965e-05	0.00100174	-0.0104797	0.0072143	0.100252
0.000777228	-3.92976e-05	0.000704783	-0.0104436	0.00661992	0.101319
0.00083373	-0.000112466	0.00131556	-0.0275486	0.00230873	0.107903
0.000989547	-0.000146194	0.000883684	-0.0185626	0.0242097	0.107213
0.000923925	-0.000123303	0.00146646	-0.0276497	0.0100262	0.10182
0.000926613	-0.000212811	0.000890986	-0.0156149	0.00248973	0.0993175
0.000935735	-0.000117244	0.00146962	-0.040536	0.0104094	0.0919292
0.000913733	-0.000224272	0.00110903	-0.0276438	0.00366362	0.0952439
0.000678596	-0.000185721	0.000766398	-0.0058916	0.00573921	0.102693
0.000712062	-4.3985e-05	0.00131394	-0.0359206	0.00256106	0.101414
0.000638574	-0.00014677	0.00135232	-0.0251475	-0.00274849	0.0944008
0.000806204	-0.000148011	0.00187612	-0.0380799	0.022685	0.0922537
0.000625376	-0.000174735	0.0019586	-0.0384761	0.015322	0.0937205
0.000512101	-0.000224729	0.00176528	-0.0336897	0.0201929	0.0865222
0.000503125	-0.000194102	0.00168401	-0.0487985	0.000609105	0.0858694
0.000512252	-0.000274153	0.0016666	-0.0482086	0.00268182	0.0900256
0.000647778	-0.000429636	0.000779965	-0.0219588	0.0184755	0.0963659
0.000701229	-0.000191431	0.00124535	-0.0303709	-0.0113897	0.0918612
0.000825222	-0.000223345	0.00074167	-0.0140375	-0.00184103	0.0943349
0.000772482	-0.000217126	0.000877819	-0.00871068	-0.00651347	0.103091
0.000757441	-0.000212686	0.000698449	-0.00485373	-0.0199266	0.0954483
0.000753283	-2.86584e-05	0.00092853	-0.0295718	-0.024247	0.0998943
0.000851271	-9.93585e-05	0.00177003	-0.0327123	-0.00376885	0.0984507
0.000793194	-0.000161774	0.00064245	-0.0154153	-0.00541156	0.0954282
0.000833784	-0.000182878	0.000905142	2.10131e-05	-0.000274058	0.0803035
0.000779671	-8.28715e-05	0.00138281	-0.0278469	0.0188033	0.0765141
0.000430964	-0.000220484	0.00122997	-0.0356396	-0.0275375	0.0782652
0.000530357	-0.00041462	0.000875325	-0.0204037	0.00651181	0.0789151
0.000497598	-0.000322165	0.00077794	-0.0149721	-0.00832249	0.0722725
0.000487924	-0.000254266	0.000668282	-0.00642963	-0.0165627	0.0693093
0.000515243	-0.000143799	0.000712649	-0.0167906	-0.00723691	0.070334
0.000578717	-9.89776e-05	0.00104117	-0.0173724	-0.0105888	0.0714263
0.00067239	-8.30003e-05	0.00113437	-0.0202206	0.0110156	0.065536
0.000535567	-7.24352e-05	0.000614472	-0.0180606	-0.00544057	0.0669543
0.000568487	-4.06198e-05	0.000840372	-0.0164403	-0.0176369	0.0660777
0.000622352	2.56397e-05	0.00109115	-0.0341543	-0.0130922	0.0647382
0.000643543	-9.78971e-05	0.000756057	-0.0132593	-0.00969973	0.072103
0.000564234	-0.0001145	0.000600321	-0.00765814	-0.0251196	0.0720249
0.000737202	-4.15212e-05	0.00134637	-0.0286079	0.0062122	0.0713504
0.000688832	-6.42682e-05	0.000926199	-0.0158284	-0.0121813	0.0777626
0.000647784	-8.59187e-05	0.000861387	-0.0206927	-0.0267994	0.08199
0.000690455	-0.000102088	0.000635437	-0.00512715	-0.0213897	0.0783222
0.000736934	-4.20191e-05	0.00068036	-0.011015	0.00312617	0.0774086
0.000584754	-0.000111701	0.000541872	-0.00333408	-0.0199926	0.0724439
0.000639377	-4.80366e-05	0.000629422	-0.011901	-0.00686446	0.0697497
0.00053683	-4.92041e-05	0.000701602	-0.0144836	-0.015322	0.061179
0.000491704	-0.000110554	0.000997388	-0.0204809	0.0023524	0.0681233
0.000471112	-0.000183797	0.000802837	-0.0174613	-0.0036133	0.0669501
0.000428076	-0.000175149	0.00137102	-0.0234689	0.000744751	0.0689797
0.000510694	-0.000264282	0.000636325	-0.011369	0.0191475	0.0671062
0.000503109	-0.000204899	0.000612746	-0.0117699	0.00898906	0.0697736
0.000491943	-0.00016173	0.000986419	-0.0153692	-0.00139166	0.0712494
0.000551762	3.4346e-06	0.00136502	-0.0421805	-0.0143809	0.0731042
0.000681321	-0.000131556	0.000676443	-0.0137339	-0.0133234	0.0814636
0.000607179	-9.73715e-05	0.000526018	-0.00483771	-0.0132678	0.0792127
0.000599437	-3.78849e-05	0.000505012	-0.00930287	-0.00872616	0.0767595
0.000645695	-2.02535e-05	0.000887509	-0.0174473	0.00286335	0.0817197
0.000624221	-5.98846e-06	0.000733453	-0.0122429	-0.000157729	0.0858782
0.000660001	1.82043e-05	0.000763087	-0.0102032	-0.0129824	0.0835023
0.000763813	-3.8112e-06	0.000696993	-0.0175257	0.00247185	0.0865012
0.000628995	-0.000110165	0.000646573	-0.0143727	0.000944369	0.0850029
0.000605981	-0.000135149	0.000727344	-0.012716	0.00077166	0.0842094
0.000692561	-0.000100994	0.000777008	-0.0163202	0.000471905	0.0900198
0.000674377	-0.000167475	0.000759629	-0.0131626	0.00960167	0.0930867
0.000607046	-9.48239e-05	0.000520757	-0.00706811	-0.0209056	0.0937606
0.000690214	-4.7068e-05	0.000623103	-0.0152523	-0.00352492	0.093778
0.000681853	-4.45897e-05	0.00112845	-0.0306419	0.00130223	0.0834957
0.000673529	-6.0841e-05	0.000506077	-0.0111142	-0.0215108	0.0786206
0.00070284	-4.59094e-05	0.000776606	-0.0160675	-0.00323899	0.0770124
0.000718418	-8.25137e-05	0.000803866	-0.00603078	-0.0129165	0.0834203
0.000683044	6.83247e-06	0.000771167	-0.00020205	-0.0112411	0.0737899
0.00068516	0.00010007	0.00137496	-0.0307686	-0.00598711	0.0753663
0.000624359	-6.32376e-05	0.000518535	-0.00971965	-0.00446142	0.0744658
0.000676302	-6.26743e-05	0.000566391	-0.0073014	-0.00348024	0.0770491
0.000715459	-3.84161e-05	0.000787331	-0.0176314	0.00173614	0.0753555
0.000661384	-8.83069e-05	0.000944355	-0.0209733	-0.00904513	0.0751056
0.000724707	-9.27835e-05	0.000757706	-0.0162688	-0.0103613	0.0776221
0.00079863	-0.000115887	0.000949906	-0.00839781	0.00714004	0.0789373
0.000635261	1.5613e-06	0.00120064	-0.0153393	-0.00904139	0.0792406
0.000508387	-4.02534e-05	0.00118519	-0.0159344	-0.0200484	0.0864025
0.000670582	-8.15468e-05	0.000729035	-0.0217679	-0.0262924	0.0838316
0.000712048	-8.22403e-05	0.000548214	-0.00662124	-0.00448825	0.0881414
0.000585795	-0.000116738	0.00125052	-0.0224768	-0.015719	0.0830527
0.000720315	-0.000158316	0.00096197	-0.0164539	-0.0140776	0.0870443
0.000615002	-0.000140024	0.000691351	-0.0097715	0.00259556	0.0953754
0.000627465	-0.000109431	0.000857341	-0.0114348	-0.00562732	0.0901514
0.000588469	-0.000153376	0.0010881	-0.0123767	0.00571901	0.084488
0.000491106	-0.000111766	0.000923002	-0.0160196	-0.0124232	0.0818492
0.000425721	-1.99975e-05	0.00133009	-0.0377157	-0.0232876	0.0792676
0.000433533	-2.01525e-05	0.000610891	0.0010093	-0.0323519	0.0757459
0.000622625	3.60622e-05	0.00101627	-0.0173793	-0.012761	0.0805263
0.000722142	-2.10002e-06	0.00103116	-0.0273292	0.0179777	0.0806927
0.000648082	-1.56323e-05	0.000652089	-0.0236036	-0.00660219	0.072204
0.000613662	-8.63217e-05	0.000844663	-0.0161882	-0.0198178	0.0771707
0.000698111	-0.000127799	0.00110914	-0.0247738	-0.0120271	0.0779624
0.000583548	-6.45261e-06	0.00143302	-0.0408611	-0.0173598	0.077297
0.0006558	-0.000105256	0.00152846	-0.0311349	0.0190934	0.0753358
0.000446075	-0.000254361	0.000726104	-0.00683126	-0.00644722	0.0762538
0.000497511	-0.00014596	0.00123249	-0.0280639	0.0165071	0.0736781
0.000330404	-0.00014045	0.000943718	-0.0266113	-0.0275032	0.0756107
0.000528611	-0.000123542	0.000824458	-0.0195185	-0.0246942	0.0773935
0.000566797	-0.000106293	0.000987839	-0.0220318	-0.0161572	0.0765521
0.000692115	-0.000145463	0.000912396	-0.00483322	0.00567829	0.0795189
0.000580962	-0.000134984	0.000287177	-0.000147623	-0.00176023	0.079056
0.000686773	-9.14825e-05	0.00069615	0.000646187	-0.00543973	0.0800109
0.000727469	4.79459e-06	0.00130665	-0.0214234	-0.00284739	0.0842503
0.000760162	-0.000101788	0.00153099	-0.0330653	0.00161389	0.0817186
0.000712832	-0.000274985	0.000774695	-0.00874098	0.00158032	0.0798274
0.000614845	-0.000113266	0.000673245	-0.0140336	-0.00249955	0.0845694
0.00075032	-0.000115349	0.000700387	-0.00760735	-0.000901267	0.0915947
0.00074214	-9.68629e-05	0.000759038	-0.00959745	-0.0145473	0.0923672
0.000810666	-5.84876e-05	0.00077814	-0.0124148	-0.00912384	0.0890859
0.000807848	-5.20712e-05	0.000804646	-0.0119255	-0.0189387	0.0863871
0.000863848	-0.000116071	0.000784302	-0.0107789	-0.00500385	0.0861097
0.000887433	-9.98481e-05	0.00134581	-0.0249581	0.0110732	0.0851729
0.000717517	-0.000172447	0.000433982	-0.00213673	-0.0295878	0.0832273
0.000784673	-6.15927e-05	0.00115853	-0.0223995	-0.00069523	0.0797867
0.000700869	-0.000159861	0.00071707	-0.00444019	-0.0176213	0.0788501
0.000758962	-0.000152835	0.000825802	-0.00976876	-0.010648	0.085401
0.000738862	-0.000114029	0.00095719	-0.000974424	-0.00955835	0.0885198
0.000784169	2.45567e-05	0.000855161	-0.0235314	0.00530232	0.0944405
0.000750044	4.1395e-06	0.00106488	-0.0250934	-0.00146631	0.0933725
0.000753997	-3.53139e-05	0.00116734	-0.0247397	0.0147642	0.0916843
0.000670932	-0.000164489	0.000717087	-0.000229157	0.00611218	0.0993787
0.000540248	-0.000117489	0.000669511	-0.00531499	-0.00201959	0.0977178
0.000630677	-7.52559e-05	0.00101922	-0.0124948	-0.0192507	0.0886452
0.00081323	-5.97679e-05	0.0012613	-0.0205154	0.00420264	0.0968023
0.000761258	-0.000122013	0.000847011	-0.00722781	-0.00632717	0.0919185
0.000782778	-0.00012154	0.00114851	-0.0267522	-0.00282941	0.0878323
0.000756007	-0.000187755	0.00123858	-0.0179754	0.00275266	0.0881728
0.000762303	-0.000147656	0.000957713	-0.010013	0.00845403	0.0895613
0.000647547	-7.58143e-06	0.0010946	-0.0246125	-0.0206996	0.0884119
0.00072226	-0.000151114	0.00130925	-0.0171759	0.00347084	0.0900605
0.000612962	-0.000177069	0.000772153	-0.000240702	-0.0155068	0.0863042
0.000622691	-3.97146e-05	0.000869624	-0.0136176	-0.024535	0.0856977
0.000776451	-8.49832e-08	0.00102038	-0.0157254	0.0124038	0.0871953
0.000679095	-5.53286e-05	0.000947863	-0.0127161	-0.0143332	0.0896727
0.000731095	-0.000104903	0.000981405	-0.00785429	-0.00133184	0.0903134
0.000619243	-8.7019e-05	0.00104731	-0.00604338	-0.00960126	0.0985239
0.000706252	1.08547e-05	0.000840883	-0.00416496	0.0140309	0.0973166
0.000765451	2.09855e-05	0.00108336	-0.00822094	-0.00999989	0.0925987
0.000762224	2.75639e-05	0.000980865	-0.0208488	-0.0166947	0.0903933
0.000864955	-7.99075e-06	0.000727945	0.00155369	-0.00882748	0.09341
0.000788743	2.59484e-06	0.000917692	-0.00853196	-0.0220199	0.0942566
0.000840953	-4.94187e-05	0.000805245	-0.00427558	-0.0133243	0.0979408
0.000727143	2.08918e-05	0.00163534	-0.0238263	-0.0183789	0.106943
0.000951633	-4.63978e-05	0.000943297	-0.00944259	-0.0185745	0.107534
0.000974996	-7.82678e-06	0.00144513	-0.0282209	-0.000845542	0.108072
0.00101857	-3.67e-05	0.00137498	-0.00698261	0.0105687	0.0991053
0.000800566	-8.28461e-05	0.000935847	-0.0149003	0.0180907	0.0970872
0.000797989	-0.000113825	0.00152044	-0.024254	0.0108634	0.0886569
0.000773499	-0.000183214	0.000810415	-0.0118415	-0.0154758	0.0893248
0.000868194	-5.03497e-05	0.0010047	-0.0178041	-0.00781055	0.0881813
0.000780167	-0.000191006	0.000906797	-0.00512271	0.0162462	0.0780433
0.000660378	-4.45811e-05	0.000907493	-0.0246402	-0.00510342	0.0811526
0.000689653	-0.000135239	0.000862442	-0.00701201	-0.00476362	0.0868519
0.000605982	-0.000115756	0.000851671	-0.0149728	-0.018865	0.0816725
0.000691829	-0.000167892	0.00147361	-0.00481235	0.00749945	0.0882605
0.000519222	-0.000104848	0.0014389	-0.0178844	-0.015193	0.0849603
0.000460151	-9.6408e-05	0.0011819	-0.0282358	-0.0115449	0.0857115
0.000429692	-0.000110862	0.000739684	-0.0167939	-0.0182721	0.0780585
0.000640603	-8.68322e-05	0.000888687	-0.0225822	0.00962272	0.0775118
0.000515557	-0.00010566	0.000964992	-0.0129894	-0.021058	0.0768106
0.000604699	-4.02658e-05	0.00062905	-0.00731758	-0.00357997	0.0724632
0.00065582	3.26165e-05	0.00121643	-0.0297579	-0.013844	0.0761534
0.000704165	-6.06675e-05	0.00130528	-0.0247816	0.0091376	0.0822572
0.000702424	-0.000122089	0.00121659	-0.0288407	0.0124992	0.0861518
0.000538429	-0.000209803	0.000822575	-0.0186461	-0.0147734	0.0886881
0.000673662	-0.000176586	0.000772191	-0.0131595	-0.0102616	0.0868034
0.000704253	-6.16324e-05	0.00107951	-0.028232	-0.00664229	0.086106
0.000644234	-0.000118948	0.000841169	-0.0140948	-0.0381188	0.0816185
0.000802998	-6.26388e-05	0.00151617	-0.0446314	-0.00370125	0.0827948
0.00066781	-0.000104793	0.00118152	-0.0358392	0.0308381	0.081559
0.000646386	-0.000122465	0.000807566	-0.0222107	-0.0176846	0.0837241
0.00088723	-7.18654e-05	0.00120227	-0.0291757	-0.00787751	0.0871195
0.000933342	-0.000157347	0.00081763	-0.0110888	0.00527439	0.0911742
0.0009294	-0.000129718	0.000847334	-0.0168545	0.00246945	0.0966647
0.00078877	-7.60253e-05	0.00126053	-0.0311172	-0.0034878	0.0947939
0.000747484	-0.000174536	0.000683351	-0.00725251	-0.00509909	0.0876753
0.000576862	-5.5963e-05	0.000764163	-0.0148105	0.0018888	0.0884197
0.000705952	-6.74024e-06	0.00102324	-0.0173629	0.00823524	0.0867883
0.000702806	-4.3319e-05	0.00039435	-0.00344543	-0.00709621	0.0925672
0.000898994	-4.07172e-05	0.000824969	-0.0222258	-0.00651112	0.0917166
0.000743017	-0.000111154	0.000828614	-0.0253388	-0.0155328	0.0983458
0.000845388	-4.92056e-06	0.00136738	-0.0407827	0.00732611	0.102552
0.000810764	-0.000154911	0.0010313	-0.0233875	-0.0289932	0.0958072
0.0008024	-6.05735e-05	0.00118312	-0.0377521	-0.0133254	0.103482
0.00092461	-0.000118605	0.000736908	-0.0170968	-0.0241021	0.101262
0.000950117	-4.44659e-05	0.000961263	-0.0140951	0.0178485	0.0942805
0.000801759	-4.50474e-05	0.00115902	-0.0065811	0.0102253	0.0966786
0.000827626	9.33249e-06	0.00124821	-0.03034	0.00685616	0.0978511
0.000774717	6.82972e-05	0.0011817	-0.0443272	-0.0212553	0.0941839
0.00074884	-0.000246304	0.000966771	-0.0281729	-0.00863506	0.10198
0.000855842	-0.000233698	0.000821182	-0.0240685	0.0200939	0.100556
0.00073602	-0.000101761	0.00118182	-0.0399923	-0.00401236	0.0918085
0.000679471	-0.000169301	0.000393087	-0.00909098	0.00206959	0.0957666
0.00057686	-0.000148029	0.000610185	-0.0190233	0.00663864	0.0977574
0.000523151	-9.47429e-05	0.000680361	-0.0200957	0.00484042	0.0895389
0.000620191	-9.83347e-05	0.000601872	-0.00758707	-0.00214001	0.0873277
0.000708925	-7.2609e-05	0.000664551	-0.0111757	0.00142286	0.0960717
0.000732322	-5.76121e-05	0.00185903	-0.0279745	0.0186332	0.0989861
0.000756597	-0.000253094	0.000891807	-0.000544352	0.0167156	0.0915368
0.000647431	-9.67025e-05	0.000795144	-0.023796	0.000518214	0.0902729
0.000663876	-0.000167766	0.000916961	-0.00919309	0.00241408	0.0998385
0.000603537	-0.0001356	0.00120805	-0.0196367	-0.014128	0.100841
0.000552378	-0.000192792	0.00138766	-0.0322626	-0.00378538	0.0938211
0.000669873	-0.000161405	0.000933209	-0.0199623	0.0466961	0.0941871
0.000525436	5.66718e-05	0.00167954	-0.0517421	0.0110389	0.0917761
0.000484678	-0.000121869	0.000202356	-0.00371939	-0.00579701	0.0854974
0.000587094	-7.93951e-05	0.00117015	-0.0255848	-0.0082871	0.0934591
0.000824734	-0.000133783	0.000843078	-0.0106338	-0.00788789	0.0936876
0.000812187	-3.66846e-05	0.00144988	-0.0407335	0.0193991	0.0985221
0.000829531	-0.00014244	0.000626653	-0.00328692	-0.00812106	0.0993908
0.000783185	-6.61634e-05	0.00102686	-0.0141237	0.0166367	0.101255
0.000773494	-2.52779e-05	0.0015147	-0.0317972	0.0218666	0.100091
0.000483551	-0.000115959	0.000685652	-0.00134603	-0.0179383	0.0986615
0.000645997	1.59039e-05	0.00164708	-0.0273484	0.0254006	0.0938286
0.000535054	-0.000146201	0.000705653	-0.0197704	0.0069058	0.0902857
0.000678288	-0.000155711	0.000885875	-0.0219389	0.00592083	0.0914734
0.000676451	-3.24173e-05	0.00117056	-0.0449396	-0.00318411	0.093676
0.000668547	-7.09405e-05	0.00127472	-0.0347182	-0.00711108	0.0880658
0.000575419	-0.000171508	0.000892314	-0.0252907	-0.00410588	0.0808748
0.000621025	-0.000178048	0.00161832	-0.0414925	0.004407	0.0824618
0.000626642	-0.000332357	0.00130091	-0.0274077	0.00104073	0.0845829
0.000731099	-0.0002711	0.00134469	-0.0230817	0.0134579	0.0909103
0.000597897	-0.000223717	0.00104062	-0.00907699	0.0342239	0.0801665
0.000432804	-0.000185216	0.000614732	-0.0124672	0.010399	0.0727545
0.000557416	-0.000161136	0.000917467	-0.00958526	0.0236069	0.0755143
0.000515575	-2.70363e-05	0.000839479	-0.0143174	0.00935184	0.0751846
0.00048419	6.01733e-06	0.000522387	-0.0139421	0.00174334	0.0797707
0.000598091	-2.32303e-05	0.000684442	-0.00357773	-0.00145533	0.0777545
0.000616721	5.81811e-05	0.00066654	-0.013878	0.00926531	0.0848871
0.000416596	3.34946e-05	0.000545273	-0.00682342	-0.0203742	0.0871217
0.000643262	4.56302e-05	0.000787484	-0.0224397	0.0065223	0.0891846
0.000792912	-1.13021e-05	0.00060463	-0.00482138	0.00157136	0.0906193
0.000753522	-0.000120055	0.000900062	-0.005774	-0.00392415	0.0896877
0.000901927	-3.94997e-06	0.00147276	-0.0321633	0.0127308	0.0919267
0.00080277	-2.34347e-05	0.000592455	-0.000684369	0.000164999	0.0905176
0.000738481	1.25083e-05	0.000893534	-0.0197577	-0.00407192	0.0856863
0.00073305	-2.52497e-05	0.001122	-0.0264359	0.00156937	0.078938
0.000670422	-0.000115571	0.00122623	-0.0353286	-0.00332294	0.0867309
0.000702315	-0.000281334	0.00135967	-0.0389769	0.040596	0.0871759
0.000620716	-0.000235826	0.00180617	-0.0513301	0.0406523	0.0836578
0.00048196	-0.000280333	0.000866974	-0.0334059	-0.0195687	0.0832436
0.000773745	-0.000208385	0.000750468	-0.0175943	0.013557	0.0829296
0.000677554	-8.10255e-05	0.000878776	-0.0201133	-0.0114836	0.0867111
0.000750363	-7.34347e-05	0.00122486	-0.0221333	0.00803349	0.0935977
0.00072928	-0.00016871	0.00125954	-0.0422926	-0.00938367	0.101902
0.000935413	-9.79273e-05	0.00121259	-0.028138	0.0237749	0.09613
0.000807803	5.06434e-05	0.00143698	-0.0437258	0.0166679	0.089528
0.000623796	-0.000136115	0.000588155	-0.00798785	0.00692297	0.086886
0.000678621	-9.97212e-05	0.000676053	-0.0139638	0.00371034	0.0900356
0.000696001	-9.42414e-05	0.00098272	-0.0184003	-0.00630619	0.0926758
0.00069949	-8.80484e-05	0.00123896	-0.0304623	-0.0140594	0.0923027
0.000603464	-0.000119361	0.00120423	-0.0337228	-0.0106406	0.0909466
0.000613356	-0.000224961	0.00076935	-0.0210257	-0.00884102	0.0859769
0.000716786	-0.000190584	0.00049367	-0.0109132	-0.00337975	0.0816451
0.000710315	1.81032e-05	0.00136129	-0.0443035	-0.00298043	0.0885786
0.000698289	-9.43714e-05	0.000406762	-0.00892663	0.00123817	0.0882342
0.000670035	-9.70075e-05	0.0011311	-0.0297657	-0.000828869	0.0817869
0.000827829	-0.000117086	0.000617235	-0.0157949	-0.00167549	0.0837214
0.00079927	-4.64218e-05	0.000869073	-0.016652	0.0287348	0.0838865
0.000632568	-5.32148e-05	0.000859987	-0.0186879	0.0322741	0.079997
0.000601369	-0.000121389	0.000850015	-0.014594	-0.0121777	0.0896431
0.000705026	-0.000153719	0.00109319	-0.0224871	-0.00166234	0.0927675
0.00062724	-0.000130449	0.000957389	-0.0281709	-0.0297153	0.0881399
0.000870106	-4.3167e-05	0.00157638	-0.0437916	0.00648134	0.0931337
0.000714593	-5.32681e-05	0.00106793	-0.0338669	0.0031531	0.0873639
0.000693884	-8.23672e-05	0.000739412	-0.0250239	-0.00577563	0.0893225
0.000889264	-7.95785e-05	0.00114518	-0.0348702	0.0203346	0.0890661
0.000813098	-6.40971e-06	0.00162531	-0.0514123	0.0294076	0.0863115
0.000670596	-0.000178113	0.000769149	-0.0147941	0.0193742	0.0925367
0.000614807	-9.38565e-05	0.000968811	-0.0167493	-0.0112396	0.0891041
0.000658961	-0.000225643	0.00154787	-0.0480812	-0.00395671	0.0943926
0.000782499	-0.000334804	0.000675021	-0.0155881	-0.00351492	0.0993845
0.000787212	-0.000202033	0.00086137	-0.0185611	-0.00496112	0.10428
0.000833796	-0.000146196	0.000872759	-0.0258885	-0.0062758	0.104994
0.00092178	-0.000170571	0.000923194	-0.00809033	-0.00987218	0.111549
0.000908645	-0.000116017	0.000741349	-0.0211938	-0.0112803	0.1087
0.00100827	-0.000138084	0.00110198	-0.0249934	0.00778123	0.11211
0.000992508	-0.000194494	0.000756729	-0.00997705	-0.00746221	0.112889
0.000945499	-0.000166836	0.000992955	-0.0328854	-0.00408996	0.11154
0.000839934	-9.89424e-05	0.000993641	-0.0447925	-0.0165676	0.101308
0.00085593	-0.00014439	0.00148541	-0.0309954	0.029762	0.0963189
0.000486911	-0.000161491	0.00154667	-0.0494332	-0.0265203	0.0915942
0.000567607	-0.000361254	0.00141711	-0.0475131	-0.0093983	0.0975421
0.000463805	-0.000422917	0.000311479	-0.0199911	-0.0318726	0.104014
0.000667869	-0.00024793	0.00093214	-0.022624	-0.0141234	0.100989
0.000813555	-0.000181699	0.000569012	-0.00895451	-0.0147035	0.09685
0.000755091	-0.000138877	0.000991898	-0.0189783	-0.013625	0.101359
0.000875842	-9.42637e-05	0.000528339	-0.00670496	-0.00357532	0.10312
0.000788889	-2.2546e-05	0.000777782	-0.0164363	-0.013226	0.0978146
0.000831456	6.81856e-06	0.000696089	-0.00912765	0.00641755	0.100991
0.000793331	7.89209e-05	0.0017689	-0.0415386	-0.0053959	0.110535
0.000838342	-0.000170063	0.000799936	-0.00593304	-0.0210874	0.118651
0.000978428	-1.39366e-05	0.00206221	-0.0444445	0.00733332	0.118797
0.000772399	-0.000246427	0.0008278	-0.0112289	-0.0052941	0.116456
0.0007794	-0.000270659	0.000907775	-0.00217513	-0.00089279	0.115689
0.000823714	-8.30148e-05	0.000710348	-0.0162927	-0.0127682	0.108635
0.000769798	-6.45986e-05	0.000846035	-0.017187	0.0159056	0.106076
0.000750003	-0.000130974	0.000943966	-0.0100898	0.00446598	0.10227
0.000671172	-6.42363e-05	0.00104717	-0.0209634	-0.00864358	0.0998903
0.000592114	6.59045e-06	0.000938941	-0.033543	-0.0136871	0.097488
0.000694576	-1.96835e-06	0.0012085	-0.0279896	0.0193069	0.0854776
0.000630215	-7.03828e-05	0.000938088	-0.0220069	0.00530866	0.0837653
0.000592193	-3.22581e-05	0.000964053	-0.0302225	-0.00883474	0.0854915
0.00066028	-3.47339e-05	0.00125189	-0.0366157	0.00740864	0.0787721
0.000583956	-0.000138255	0.000981527	-0.0278804	0.00338878	0.07632
0.000632147	-0.000120173	0.000594736	-0.00384791	-0.00236445	0.076932
0.000683329	-5.01375e-05	0.000789562	-0.0185731	-0.00204705	0.0773901
0.000627294	-3.84031e-05	0.000732367	-0.0252234	-0.00310045	0.075407
0.000599628	-0.00015853	0.000747537	-0.0152342	-0.00179783	0.0813813
0.000685712	-0.000200969	0.000713809	-0.0172335	-0.00580929	0.0811408
0.000648059	-0.000173458	0.0008898	-0.0203152	0.0119755	0.0739737
0.000491813	-0.000124865	0.00101919	-0.021156	0.00593613	0.070633
0.000492102	-0.000104175	0.000309608	-0.0227149	0.00314598	0.0700927
0.000520489	-0.000130885	0.00066772	-0.0204905	0.0146848	0.0724018
0.000512424	-4.05271e-05	0.000706611	-0.0221329	-0.00469796	0.0717486
0.000465743	-3.80165e-05	0.000783906	-0.0240401	-0.0153161	0.0692113
0.000513675	-0.000103461	0.000611663	-0.01461	-0.0072998	0.0719767
0.00055563	-5.83404e-05	0.000673679	-0.0262292	0.000449183	0.0729728
0.000502348	-8.10629e-05	0.00161013	-0.0438517	0.00413853	0.0740957
0.000495051	-0.000283203	0.000590284	-0.00909239	-0.00799073	0.0766221
0.000652229	-0.000207384	0.000643942	-0.0159127	-0.010534	0.0786397
0.000629759	-0.000154892	0.00112202	-0.0250978	-0.00364973	0.0792411
0.000660215	-0.000131736	0.000727936	-0.00746895	0.00831816	0.0812712
0.000470524	-5.59096e-05	0.000699448	-0.0168753	-0.0179419	0.0833546
0.000601199	1.09094e-05	0.000725965	-0.0140744	0.00886911	0.0808454
0.000554065	-2.93799e-05	0.000889345	-0.00790152	0.00188455	0.0847714
0.00070998	5.95619e-05	0.000696304	-0.0106988	-0.0137156	0.0857544
0.000714641	7.85219e-05	0.00105377	-0.0204616	-0.018952	0.0842623
0.000695301	-4.67268e-06	0.00101152	-0.0133458	-0.024463	0.0874616
0.000822091	2.89653e-05	0.00115629	-0.0249687	0.00230025	0.0912192
0.000630224	8.5904e-06	0.00133006	-0.0360352	-0.0187971	0.0882006
0.0007669	-9.2215e-05	0.00177998	-0.0417347	0.0143101	0.0880337
0.000564559	3.99072e-06	0.00158685	-0.056771	-0.0327418	0.0953451
0.000685418	3.18408e-06	0.00138616	-0.0432836	-0.0406223	0.0938603
0.000911642	-9.73645e-05	0.00120515	-0.0340009	-0.0216287	0.096665
0.000985717	-0.000223823	0.00116176	-0.0343155	0.0108673	0.0973214
0.00075911	-0.000193421	0.000585563	-0.0120735	-0.0177504	0.091167
0.000784572	-9.01116e-05	0.00109933	-0.0355835	-0.00446498	0.0926422
0.000832904	-0.000241435	0.000562763	-0.00276417	-0.0147886	0.0955112
0.000795283	-0.000117714	0.00115436	-0.0197992	-0.015155	0.0992772
0.000835049	-0.000111675	0.00106548	-0.0293425	0.00241093	0.0841179
0.000813871	-1.00113e-05	0.00138883	-0.0448802	0.0014143	0.0848073
0.000814659	-0.000101382	0.000903718	-0.013645	-0.00255846	0.0912093
0.000873182	-8.87909e-05	0.00074626	-0.0181869	0.00436082	0.084549
0.00073693	-1.86604e-05	0.00122665	-0.0355972	-0.0221134	0.0911815
0.000841819	-1.0069e-05	0.00151518	-0.0336045	-0.0031979	0.0945493
0.000678882	-0.000113137	0.00133736	-0.0331557	0.00843819	0.091773
0.000491172	-0.000227812	0.00134788	-0.0363049	-0.0122924	0.0875112
0.000473448	-0.000350801	0.00032371	-0.00907269	0.0075793	0.0896289
0.000621629	-0.000192986	0.00069704	-0.0205882	-0.00956686	0.0874405
0.000691224	-0.000141687	0.000782847	-0.013006	-0.00466161	0.0939536
0.000704533	-0.000111232	0.00111901	-0.0173217	-0.00160697	0.0913386
0.000667787	-0.000107275	0.000891409	-0.0208443	0.00678341	0.0867983
0.000744743	-6.06591e-05	0.00129052	-0.0241554	0.00270624	0.0851212
0.000728392	-3.29559e-05	0.00064367	0.000944834	-0.0227254	0.0974268
0.000755855	-4.05962e-05	0.00111763	-0.00759994	-0.00427238	0.0922685
0.000666519	-0.000111369	0.000968897	-0.00210748	-0.0177792	0.087535
0.000698079	-1.64975e-05	0.0011183	-0.037625	-0.00345045	0.0846663
0.000758442	-0.000127145	0.00058801	-0.0145825	-0.00798335	0.0891209
0.000724713	-7.9462e-05	0.00070196	-0.0154655	-0.0225868	0.0935833
0.000775825	-0.000109011	0.0009557	-0.0113025	-0.0188069	0.0898179
0.000754698	-7.43535e-05	0.000829842	-0.018941	-0.0165303	0.0833142
0.000632077	-3.43687e-05	0.00133428	-0.0479748	-0.0226044	0.0812897
0.000605843	-0.000296279	0.000577398	-0.0212992	-0.0261465	0.0856581
0.00070884	-0.000235855	0.000544086	-0.0060139	-0.0180473	0.0892802
0.000729522	-9.37623e-05	0.00102774	-0.0166149	0.00599921	0.0900874
0.000576622	-4.10698e-05	0.00147171	-0.0223255	0.0126281	0.0888819
0.000458929	-0.000134013	0.000727893	-0.00990469	-0.0102373	0.0852637
0.000500569	-0.000117553	0.000638714	-0.016206	-0.0242037	0.0882263
0.000641768	-0.000189655	0.00113011	-0.0272855	0.0153138	0.0875902
0.000363123	-0.000167882	0.00151656	-0.0297845	-0.00450726	0.0873888
0.000535077	-0.000173	0.000510596	-0.0124808	-0.0140762	0.0844454
0.000646497	-7.67136e-05	0.00122727	-0.0233634	0.00170841	0.0865177
0.0005749	-0.000170925	0.000803708	-0.0160483	-0.0160226	0.0835661
0.000667061	-0.000174585	0.000968911	-0.0188601	-0.0065463	0.0842637
0.000752044	-0.000153356	0.000810597	-0.0185013	0.0027708	0.0931589
0.000740874	-6.08966e-05	0.00112608	-0.0218894	0.00626583	0.0831137
0.000669759	-1.24265e-05	0.000787449	-0.0089752	-0.0180118	0.0903457
0.000703641	1.81093e-05	0.00132262	-0.0343602	-0.0173394	0.091513
0.000815944	-1.29477e-05	0.00187119	-0.0588387	0.0031261	0.0875858
0.000727929	-0.000223854	0.000697495	-0.0116487	0.00319867	0.0796052
0.000762509	-5.0274e-06	0.0015386	-0.0471652	-0.00310876	0.0850247
0.000755702	-8.21094e-05	0.000435515	-0.00651362	-0.00636757	0.0844271
0.000757509	-0.000132214	0.00120283	-0.0107273	0.00748935	0.0784059
0.000667353	-7.02929e-05	0.00107172	-0.0251714	-0.00458852	0.0791971
0.000678171	-5.01148e-05	0.00072766	0.00159425	-0.006621	0.0810475
0.000630696	8.36838e-05	0.0014767	-0.0313804	-0.0199043	0.0825094
0.000748856	-8.06347e-05	0.00136672	-0.0330334	0.0212635	0.0772617
0.000551826	-0.000222109	0.000594811	-0.0194979	0.00111439	0.0802358
0.000414644	-8.86067e-05	0.00120208	-0.0413882	-0.0326075	0.0783714
0.000613079	-0.000115046	0.00077398	-0.0248294	0.00482853	0.0812184
0.000659538	-2.44484e-05	0.00125353	-0.0364555	-0.00479679	0.0838212
0.000651258	-8.84307e-05	0.000507211	-0.0197242	-0.015756	0.0850652
0.000608646	-0.000107315	0.00103884	-0.0332775	-0.0225369	0.0753022
0.000693539	-0.000124038	0.000496776	-0.00672406	0.0208445	0.0748378
0.00058567	0.000116071	0.00139042	-0.0479477	-0.00436721	0.0737992
0.000772936	-3.46089e-05	0.00117132	-0.0257639	0.0241577	0.0728369
0.000552951	-0.00013083	0.000752844	-0.0271231	-0.0206209	0.0701778
0.000662102	-0.000102918	0.000860798	-0.027197	-0.0158249	0.0715671
0.000710924	-0.000109412	0.00100975	-0.0255198	-0.000829112	0.0682184
0.000664624	-2.7638e-05	0.000847398	-0.0160741	0.00894605	0.0724189
0.000576307	3.33799e-05	0.000735717	-0.0187593	0.000772721	0.0734331
0.000586091	-4.31258e-05	0.00106665	-0.0213105	-0.00939543	0.077632
0.000538666	-7.515e-05	0.000648414	-0.0127265	0.000147	0.0796717
0.000591009	4.90412e-05	0.00161754	-0.044228	0.00730475	0.0819947
0.000636203	-5.6437e-06	0.000772667	-0.0293263	-0.0260217	0.0837306
0.000614219	-3.65294e-05	0.000758117	-0.024163	-0.0142332	0.0808812
0.000527446	2.77667e-05	0.0014978	-0.0497606	-0.00816007	0.0784165
0.000504853	-0.000136258	0.000156263	-0.00178841	-0.00242328	0.0817329
0.00062126	-6.02835e-05	0.000587051	-0.019135	-0.00329733	0.0765126
0.00065998	-0.000125086	0.000714469	-0.0163858	0.00142518	0.0705531
0.000631025	-8.85047e-05	0.000553304	-0.0217182	-0.00381219	0.0751085
0.000646621	-8.88372e-05	0.00124083	-0.0419104	-0.0156018	0.0754068
0.000636875	-0.000110916	0.000700182	-0.0360895	-0.0174158	0.0772604
0.000491572	-0.000128324	0.00151962	-0.0523729	-0.00491317	0.0742139
0.000505994	-0.000110667	0.00126645	-0.0447163	0.00845331	0.0653732
0.000375031	-0.000143425	0.000991429	-0.0363933	0.0016888	0.0637464
0.000269415	-0.000137562	0.000525233	-0.028016	-0.0236492	0.0635745
0.000394507	-2.3449e-05	0.0011358	-0.044815	-0.00789366	0.0643774
0.000506573	-5.80469e-05	0.000714398	-0.0184321	0.00156878	0.0696356
0.000559867	2.95357e-06	0.000812941	-0.0240024	-0.00813222	0.0710995
0.000541913	-9.20719e-05	0.000309859	-0.00779809	-0.014107	0.0740287
0.00057432	-8.63437e-05	0.00041994	-0.0147428	-0.020247	0.0776839
0.000667264	-7.54648e-05	0.000500907	-0.0189933	-0.0193547	0.0791031
0.000611868	-8.49776e-05	0.000452264	-0.0123077	-0.0326187	0.073324
0.000602189	-5.66585e-05	0.000867005	-0.0261921	-0.0362527	0.0830364
0.000525977	-9.6711e-05	0.0012051	-0.0432988	-0.0268771	0.0836298
0.000483454	-0.000105729	0.000277588	-0.02001	-0.0346528	0.0764355
0.000561533	-7.46765e-05	0.000504917	-0.019386	-0.0142034	0.0763408
0.00061742	-0.000121483	0.000565875	-0.0212009	-0.0166336	0.0795863
0.000566152	-0.000165094	0.000535246	-0.0198447	-0.0274553	0.0763744
0.000458987	-0.000187862	0.000231025	-0.0120948	-0.0346692	0.0735807
0.000561642	-0.000114168	0.000640221	-0.0226253	-0.0149008	0.0704195
0.000491554	-6.3108e-05	0.000560928	-0.0239469	-0.0323329	0.0702645
0.000599851	-9.338e-05	0.00104976	-0.0327483	-0.00318769	0.0657613
0.000488346	-0.000203761	0.000316212	-0.0128542	-0.0232384	0.0685063
0.000564531	-0.000203456	0.000867522	-0.0303577	-0.0111746	0.0699142
0.000620008	-0.00018621	0.000618328	-0.0242789	-0.0301716	0.0737523
0.000535229	-0.000148898	0.000394935	-0.0164065	-0.0452384	0.0738571
0.000720114	-0.000141278	0.00058932	-0.0195208	-0.0169968	0.081741
0.000499032	-0.000208203	0.000746986	-0.0354692	-0.0366081	0.0852328
0.000592805	-0.000182116	0.000668209	-0.027048	-0.0308303	0.0828067
0.000678993	-6.37438e-05	0.00126058	-0.0420684	-0.0253121	0.0890808
0.000650127	-0.000266779	0.000774056	-0.0230035	-0.018325	0.0879951
0.000737611	-0.000205442	0.000862961	-0.03719	-0.0209643	0.0820216
0.000714852	-0.000366081	0.000983452	-0.0270076	0.019573	0.0831373
0.000501583	-0.00030728	0.00127963	-0.0454709	-0.0122093	0.0803559
0.000638659	-0.000255297	0.00089795	-0.0333705	0.00103487	0.0762673
0.000661793	-0.000163526	0.000953725	-0.0340148	-0.0285665	0.0805132
0.000625676	-8.98818e-05	0.000628951	-0.01879	-0.0395054	0.0855927
0.000766281	2.96917e-06	0.00116158	-0.031923	-0.0274206	0.0891556
0.000807271	-2.14142e-05	0.00107657	-0.0376366	-0.000817131	0.0940758
0.000644154	-4.38889e-05	0.00107503	-0.040969	-0.0252117	0.0948732
0.000797593	-7.60177e-05	0.0011421	-0.0442561	-0.0303841	0.0906629
0.00081145	-6.52366e-05	0.000388982	-0.0110282	-0.00889859	0.0914868
0.000751212	-5.91937e-05	0.00118871	-0.037481	-0.0205299	0.0885864
0.00079386	-9.72837e-05	0.000787643	-0.0311617	-0.0398249	0.0946703
0.000846127	-0.000169258	0.000256982	-0.0140174	-0.0175686	0.0973729
0.000730474	-0.00011004	0.000119226	-0.0128507	-0.0241554	0.099737
0.000880053	4.96606e-05	0.0010288	-0.0392825	-0.00858361	0.0974624
0.000840231	-0.000135611	0.000633963	-0.017384	0.00507455	0.0896817
0.000822395	-0.00010659	0.000739771	-0.0246108	-0.00353173	0.0988928
0.000933731	-7.323e-05	0.000989684	-0.027414	-0.0151344	0.0954341
0.0009546	-0.000113121	0.000609786	-0.020064	-0.0238724	0.0978742
0.000873063	-8.86701e-06	0.000990999	-0.0352844	-0.0361939	0.095777
0.000861553	2.28474e-05	0.00141826	-0.0576076	-0.0390925	0.0970757
0.000915642	-6.97602e-05	0.000495269	-0.0136274	-0.00383343	0.0933141
0.000832952	-6.85141e-05	0.000985481	-0.0182093	0.00715313	0.0961962
0.000582654	-0.000112064	0.000711143	-0.0222976	-0.0142413	0.0954728
0.000721426	-8.71125e-05	0.000858041	-0.0364224	-0.0177916	0.0897752
0.000728296	-0.000172619	0.000461841	-0.022284	-0.0347569	0.0866175
0.000774091	-0.000136083	0.000794479	-0.0165205	-0.0147293	0.0878812
0.000673507	-7.3499e-05	0.000571683	-0.0219594	-0.00922426	0.092476
0.000723269	-2.61222e-05	0.00124986	-0.0457289	-0.0360659	0.0940505
0.000732291	-0.000196916	0.00061045	-0.0191333	-0.025872	0.100398
0.000812377	-0.000154646	0.00134962	-0.036838	-0.0202989	0.103908
0.000875898	-0.000186086	0.00146041	-0.0399271	0.0277053	0.0988232
0.000608941	-0.000217226	0.000584362	-0.0145582	-0.0277538	0.0937079
0.000758989	-8.54297e-05	0.000826006	-0.0246202	-0.0286794	0.0894538
0.000865824	-8.65015e-05	0.000736011	-0.0187645	-0.0189615	0.0971057
0.000822627	-5.95569e-05	0.00160792	-0.0409381	0.00450134	0.0982169
0.000850209	-0.00016407	0.00149425	-0.0486347	0.019699	0.0987359
0.000789097	-0.000245479	0.00124486	-0.040341	-0.00265623	0.100871
0.000743146	-0.00033206	0.000462765	-0.012119	-0.0193352	0.098229
0.000726445	-0.000239893	0.000925586	-0.0222411	-0.0364707	0.100527
0.00079979	-0.000107556	0.0012045	-0.0368469	-0.0465476	0.0988995
0.000735556	-1.103e-05	0.00136706	-0.0557168	-0.0618183	0.104902
0.000738771	-0.000300117	0.000802077	-0.00920695	-0.00569604	0.109916
0.000757708	-0.000217628	0.000879425	-0.036256	-0.00877191	0.114187
0.000716657	-0.000255301	0.00136925	-0.0456158	-0.0305217	0.109461
0.00082004	-0.000397626	0.00057203	-0.0168353	-0.0371265	0.107284
0.0010229	-0.000199829	0.00108511	-0.0363731	-0.02409	0.107662
0.000877428	-0.000285761	0.0008624	-0.0223863	-0.0146793	0.102251
0.000689184	-0.000209221	0.000732116	-0.0179081	-0.0178224	0.0941052
0.000746762	-0.000123728	0.00126144	-0.0341478	0.00925939	0.0960278
0.000690024	-0.000170722	0.000530445	-0.0129663	-0.0254504	0.0970496
0.000647956	-2.08041e-05	0.00132988	-0.0440622	-0.0259712	0.0860783
0.000621944	-0.000253363	0.00157825	-0.051765	0.0177607	0.0916488
0.000476638	-0.000441833	0.00166973	-0.0366048	0.000430571	0.0964602
0.000496341	-0.000147631	0.0017143	-0.0522817	0.0205079	0.0943363
0.000412849	-0.000312397	0.00119583	-0.0372655	-0.0309448	0.0945215
0.000738486	-0.000232443	0.00138805	-0.044459	-0.0174588	0.0925196
0.000778624	-0.000202212	0.000403435	-0.0219045	-0.03991	0.0923216
0.000868151	-0.000219218	0.000767111	-0.014406	-0.0157653	0.0973261
0.000824711	-9.82103e-05	0.00069226	-0.0120542	-0.00167844	0.088072
0.000737436	-4.85784e-06	0.000992696	-0.0327975	-0.0169363	0.0875497
0.000785735	-0.000156243	0.00159399	-0.054127	-0.0227757	0.0946828
0.000820792	-0.000300313	0.00039584	-0.00516539	-0.0214287	0.0965891
0.000920094	-0.000164671	0.00102295	-0.0191415	-0.00629386	0.0979732
0.000851263	-0.000179733	0.00103108	-0.0254762	0.0017241	0.0905432
0.00071211	-0.000128659	0.000853545	-0.0252824	-0.0108395	0.0933258
0.000711249	-0.000207667	0.00066788	-0.00827943	-0.0265857	0.100525
0.00072899	-0.000178125	0.00141385	-0.0297242	-0.0139348	0.104599
0.00081599	-0.000245943	0.000603654	-0.0107033	-0.0191216	0.103755
0.000729802	-0.000129678	0.000901143	-0.0244157	-0.0314825	0.100176
0.000772432	-0.000109241	0.000986119	-0.0126148	-0.0227014	0.0969015
0.000686917	-0.00015279	0.000819774	-0.0202391	-0.0143455	0.0957584
0.000789065	-6.92704e-05	0.0011003	-0.0242587	0.0204826	0.0957783
0.000629098	-9.79276e-05	0.000675235	-0.0162519	-0.0206711	0.0964546
0.000800902	-0.00010507	0.00133707	-0.0279928	-0.00335155	0.0951296
0.00078687	-7.12352e-05	0.00106025	-0.0245618	0.0136325	0.09088
0.000795681	-1.96735e-05	0.00126283	-0.0208073	0.00659065	0.0916101
0.000807766	-8.08358e-05	0.000713594	-0.00922529	-0.0141948	0.0883819
0.000801644	5.94029e-06	0.000692027	-0.00792497	-0.0129377	0.081938
0.000883195	-2.56901e-06	0.000727945	-0.0139657	0.00376552	0.084875
0.000720666	-2.10017e-05	0.00124034	-0.0330116	-0.013288	0.088268
0.000703557	-8.86012e-05	0.000810908	-0.0257966	-0.00842884	0.0850876
0.000677952	-0.000141797	0.000990529	-0.0153512	-0.0198525	0.0812226
0.000789427	-0.000121027	0.00117998	-0.022262	-0.00165581	0.0854388
0.000594683	-0.000120637	0.000777104	-0.0105297	-0.0434136	0.0859111
0.000681863	-1.54668e-05	0.00131347	-0.0332866	-0.0273743	0.0898981
0.000701533	-5.27901e-05	0.000693528	-0.00301669	-0.036892	0.0866983
0.000875903	4.04552e-05	0.00116862	-0.0293603	0.0099434	0.0810944
0.000706684	-5.17854e-05	0.00129087	-0.0367328	-0.00640305	0.0804762
0.000588199	-0.000109032	0.0008128	-0.00773467	-0.000208823	0.0776988
0.000535377	-3.19112e-05	0.00133321	-0.0306148	-0.0269866	0.0826242
0.000742521	-3.72119e-05	0.00167185	-0.0489815	0.00823747	0.0873493
0.000767503	-0.000211681	0.00132812	-0.0374214	0.0288572	0.0875419
0.000581958	-0.000192968	0.00163833	-0.0414213	0.0141779	0.086332
0.000571999	-0.000402478	0.00056739	-0.0247768	-0.0205324	0.096815
0.000777803	-0.00022865	0.00117061	-0.0315528	-0.00433485	0.0924671
0.000771845	-0.000237395	0.00033543	-0.0106229	-0.0323644	0.09351
0.000832862	-0.000131496	0.000889027	-0.0226061	-0.0234572	0.0894925
0.000932565	-0.000142206	0.000560156	-0.00662917	0.00525816	0.085173
0.000885558	-0.000115107	0.000583479	-0.0152473	-0.00886384	0.0885943
0.000773621	-7.336e-05	0.000901389	-0.0236708	-0.0249779	0.0867718
0.000733528	1.41776e-05	0.00114886	-0.0427322	-0.0257914	0.0974292
0.000749769	-0.000156754	0.000927042	-0.0228943	0.0128342	0.0977822
0.000787423	-0.000151884	0.000768299	-0.022778	-0.000513246	0.0942229
0.000854622	-4.94341e-05	0.000876241	-0.0247442	-0.020287	0.0927121
0.00092097	-6.90646e-05	0.000710461	-0.0187114	-0.0011672	0.0952857
0.000819612	-5.54764e-05	0.0012226	-0.0267347	-0.00575511	0.101454
0.000823476	9.15538e-06	0.00118157	-0.028129	-0.0109885	0.0981352
0.00079013	-0.000121867	0.000531213	-0.0063912	-0.0118112	0.104401
0.000841949	-8.6865e-05	0.00103411	-0.0169586	0.0232778	0.0922773
0.000716588	-5.99002e-05	0.00112071	-0.0260247	0.0015744	0.0914869
0.000599686	-0.000195722	0.000965317	-0.0226283	0.0262481	0.0873874
0.000487572	-0.000272712	0.000784134	-0.0124928	-0.00575992	0.086117
0.000579794	-1.68118e-05	0.00138736	-0.0518151	0.000754118	0.0893915
0.000665164	-0.000168418	0.00137197	-0.0341366	0.0184029	0.0952719
0.000534389	-0.000107544	0.00164999	-0.0429385	0.0413505	0.0918743
0.000360469	-0.000154316	0.000424411	-0.0246721	-0.00451444	0.082492
0.000420512	-0.000115188	0.000476406	-0.0209911	-0.00186802	0.0805773
0.000548	-0.000131648	0.00126857	-0.0222009	-0.000613999	0.0819863
0.000455778	-0.000163397	0.00082649	-0.0177857	-0.0295033	0.0822548
0.000606153	-0.000116617	0.00048514	-0.00955106	-0.00256541	0.0804132
0.000622778	-8.85721e-05	0.00125008	-0.0162584	0.000702728	0.0845178
0.000560586	-7.81041e-05	0.000630851	-0.0119765	-0.00648723	0.0925257
0.000705018	-3.72257e-05	0.00101473	-0.0174917	-0.0236403	0.0953207
0.000826328	2.17875e-05	0.00115464	-0.0316515	0.00170122	0.0964231
0.000795679	-0.000100117	0.00086801	-0.0201806	0.00375402	0.0941798
0.000763478	-0.000128921	0.0008435	-0.015025	0.00510072	0.085414
0.000791287	-9.05305e-05	0.00111508	-0.0270359	-0.00218152	0.0825343
0.000760644	-0.000168865	0.000545251	-0.0146009	-0.00726139	0.0924004
0.000830548	-0.000105941	0.00115048	-0.0268469	-0.0163913	0.0977931
0.000925866	-4.55853e-05	0.000920515	-0.0249995	0.00795506	0.0908653
0.00087383	-5.98927e-05	0.00114224	-0.0266384	-0.012911	0.0952571
0.000805917	-0.000234467	0.00054998	-0.0103146	-0.014106	0.0925876
0.000763264	-0.000193328	0.000925082	-0.017864	-0.00988708	0.0842302
0.000778472	-9.1274e-05	0.00110998	-0.0313807	0.00915028	0.0880079
0.000687035	-0.000216553	0.00143884	-0.0405404	0.0160997	0.0896081
0.000664406	-0.000249645	0.000345072	-0.0209761	-0.00785728	0.095892
0.000686773	-0.00023102	0.000777541	-0.0147336	-0.00529335	0.100225
0.000791976	-9.1971e-05	0.00104919	-0.0278543	-0.00098009	0.0971071
0.000882081	-0.000174894	0.000560501	-0.00926505	-0.0238847	0.103504
0.000876551	-7.95031e-05	0.00097668	-0.0231015	-0.00454723	0.100981
0.0007883	-0.000137364	0.00168066	-0.0401722	0.0123659	0.101024
0.000757194	-0.000143794	0.0012369	-0.0395144	-0.000407502	0.102762
0.000676974	-0.000170232	0.00123139	-0.0338856	0.0256937	0.099206
0.000647376	4.64751e-05	0.00147173	-0.0635234	0.000134658	0.0976806
0.00073864	-0.000138068	0.000664417	0.0041718	0.00245617	0.0933734
0.000610883	-2.66875e-05	0.000877668	-0.0281992	0.00601169	0.0923113
0.00060928	-3.03972e-05	0.00103317	-0.00704285	-0.00674194	0.0843271
0.000672394	9.76251e-05	0.000897469	-0.0253552	-0.0203135	0.0868833
0.000792348	2.03436e-07	0.00102504	-0.0246567	-0.011558	0.0850645
0.000672552	-0.000159858	0.000761776	-0.0222475	-0.00575478	0.0864814
0.000670115	-9.37557e-05	0.00100795	-0.0237714	-0.0142508	0.0828722
0.000702273	-9.69894e-05	0.000875737	-0.020384	-0.00985105	0.0843623
0.00073905	-6.28588e-05	0.00118133	-0.0384271	-0.0184651	0.0840366
0.000734623	-0.000112243	0.000815066	-0.0306013	-0.012387	0.0828784
0.000574201	-1.01066e-05	0.00119054	-0.0485971	-0.0344581	0.0763234
0.000733152	-9.01922e-05	0.000846837	-0.0215605	0.0220586	0.0748198
0.000549541	-9.70878e-05	0.00102523	-0.0357797	-0.0106725	0.0784414
0.000653312	-2.7669e-05	0.00141237	-0.0451551	0.00698476	0.0770677
0.000564997	-8.0077e-05	0.00180194	-0.0497639	0.000704167	0.0790295
0.00063004	-4.18908e-05	0.00157971	-0.0584215	0.00831847	0.0809189
0.000581035	-4.90563e-05	0.00125579	-0.0472588	-0.0330555	0.0864983
0.00071345	-0.000189004	0.000343123	-0.0115335	-0.0213816	0.0817338
0.000717825	-7.89029e-05	0.000641912	-0.0214713	-0.00256072	0.0869617
0.00066802	-7.85938e-05	0.000894496	-0.037614	-0.0254539	0.0861962
0.000829594	-0.000191268	0.000367882	-0.017387	-0.00273414	0.0876849
0.000854313	-0.000130667	0.000504845	-0.0149254	-0.0197626	0.0893536
0.000760394	-0.000160806	0.000752097	-0.024731	-0.0261612	0.0920461
0.000841059	-0.000164568	0.000427539	-0.0192275	-0.0127724	0.0907345
0.000706654	-0.00010344	0.000592054	-0.0206402	-0.0201572	0.087952
0.00066521	-4.37105e-05	0.00157415	-0.0461331	-0.000861077	0.0859739
0.000447136	-0.000192883	0.00142652	-0.0512829	0.00441957	0.0793249
0.000445207	-0.000151328	0.000872761	-0.0367411	0.0143426	0.0743962
0.000515366	-0.000229614	0.00112734	-0.0337275	0.0012513	0.0820311
0.00047583	-0.000241993	0.000301458	-0.00534226	-0.0170882	0.0808917
0.000642688	-9.24046e-05	0.000815773	-0.0180703	-0.0246204	0.0879628
0.000760472	1.74078e-05	0.00104644	-0.0352047	-0.0185634	0.0829247
0.000655377	-0.000182059	0.000470631	-0.0178826	-0.00575222	0.0776531
0.000677933	-0.000102593	0.00104635	-0.030427	-0.011133	0.0864992
0.000655912	-1.38786e-05	0.000977153	-0.0381165	-0.0466574	0.0895475
0.000824252	-0.000158087	0.000819706	-0.0151611	-0.00795298	0.0905242
0.000614026	-0.000192406	0.000701493	-0.0125868	-0.00913723	0.0851233
0.000667024	-2.19149e-06	0.00093941	-0.0414628	0.00296759	0.0858997
0.000639635	-0.000178972	0.000686099	-0.0103401	-0.00126749	0.0791671
0.000580972	-0.00014856	0.000522075	-0.0155601	-0.0160231	0.0839518
0.000730963	-0.00014858	0.000491506	-0.0206655	0.00941826	0.0977218
0.000688471	-0.000187755	0.000682883	-0.0256953	-0.0228951	0.097989
0.000856102	-0.00017753	0.000592355	-0.0158825	-0.00370703	0.0940993
0.000925574	-2.12626e-05	0.00132105	-0.0467635	-0.0069888	0.0947656
0.0010253	-0.000139548	0.000916587	-0.0249359	0.030521	0.0926428
0.000669	-0.000166452	0.000495896	-0.0121538	-0.0200045	0.0925232
0.000758871	-6.11297e-05	0.000817072	-0.0360134	-0.00891162	0.100837
0.00080209	-0.000191632	0.00113284	-0.0284155	-0.0189691	0.0990032
0.000874857	-0.000222281	0.000813694	-0.0202539	0.00234019	0.0950698
0.000829451	-0.000114247	0.00137321	-0.0463193	-0.00859058	0.0874788
0.000811784	-0.00017854	0.00166524	-0.0635318	-0.00157596	0.0914533
0.000598772	-0.000238183	0.000873341	-0.0430895	-0.0426417	0.088179
0.000824122	-0.00019597	0.000868619	-0.0249959	0.0078829	0.0872571
0.000785169	-0.000175335	0.00063334	-0.0164152	-0.00550089	0.0846568
0.000695574	-0.000179626	0.000842649	-0.0170651	-0.0166268	0.0871336
0.000763808	-0.000174493	0.000801981	-0.0262754	0.00754552	0.0793658
0.000679686	-0.000167751	0.00131838	-0.0425619	-0.000872156	0.0894315
0.000643968	-0.000209361	0.00149133	-0.05135	0.00483701	0.0831296
0.000579472	-0.000224115	0.00174248	-0.0658595	0.0178373	0.0864466
0.000487591	-0.000369117	0.00171948	-0.055323	0.0104308	0.0924234
0.000532984	-0.000327151	0.000524492	-0.0212189	-0.0448803	0.0932232
0.000793105	-0.000198485	0.00101865	-0.0170779	0.00927433	0.0935937
0.000788806	-0.000154262	0.000934363	-0.0283652	0.0140818	0.0867731
0.000588403	-0.000219188	0.000813774	-0.0211317	0.00136691	0.0935108
0.000563644	-0.000114132	0.00120238	-0.0160074	-0.0073263	0.0871919
0.000653494	-4.28306e-05	0.00155843	-0.030336	-0.0104591	0.0956009
0.000673906	-8.62719e-06	0.000646019	-0.000727936	0.000601437	0.0967524
0.000739449	-2.88532e-05	0.000908291	-0.00417263	-0.00672201	0.0945779
0.000690553	1.0907e-05	0.00128209	-0.0262809	-0.0137722	0.0925511
0.00057893	-0.000120844	0.000980481	-0.0122264	-0.0323643	0.0966303
0.000766606	-6.58332e-05	0.00117527	-0.0292377	0.00572003	0.0928249
0.000616064	-0.000182685	0.0014007	-0.0403809	0.00477654	0.0948708
0.000663127	-4.49954e-05	0.00178333	-0.0575556	-0.0103155	0.0889107
0.000681587	-0.000258392	0.000920213	-0.0117319	-0.0127207	0.0912602
0.000792617	-0.00011355	0.00118959	-0.0331004	0.00885988	0.0914626
0.000668011	-0.000131661	0.000736272	-0.0229717	0.00137776	0.0875795
0.000703074	-0.000131402	0.000879039	-0.00960047	0.0130429	0.0880108
0.00051729	-3.86775e-05	0.000548872	-0.016378	-0.0156407	0.0909639
0.000520397	-8.92825e-05	0.000931455	-0.0160311	-0.0308229	0.0835644
0.000597277	-3.74463e-05	0.00118806	-0.031755	-0.0290789	0.0846186
0.00067559	-0.000144211	0.000479324	-0.00746632	-0.013952	0.0816238
0.000670993	-6.20428e-05	0.000736148	-0.0159787	-0.0140844	0.0814246
0.000704417	-9.09396e-06	0.000720724	-0.0189258	-0.0113824	0.0828154
0.000670124	-4.48792e-05	0.00098941	-0.0274755	-0.0213615	0.0932641
0.000750254	-0.000177547	0.000575698	-0.00720948	0.00018459	0.0961475
0.000675505	-9.29994e-05	0.000665806	-0.0110288	0.000925092	0.0887394
0.000625168	-3.06555e-05	0.000846249	-0.0163992	0.00151738	0.0890699
0.000640888	-1.04244e-05	0.000989739	-0.0309092	-0.0018703	0.0876969
0.000700324	-0.000129811	0.000569303	-0.00997816	-0.00313381	0.0919759
0.000666566	-2.99984e-05	0.000995339	-0.0301685	-0.00676698	0.0945043
0.000651652	-6.1376e-05	0.000885626	-0.0103817	-0.00919008	0.0961073
0.000712417	-7.3397e-06	0.0011458	-0.0206834	-0.0027818	0.0974354
0.000635111	0.000114625	0.0015405	-0.0518202	0.0183339	0.0835299
0.000616501	-0.000100671	0.000355321	-0.0133005	0.00891889	0.0910282
0.000619258	-6.78542e-05	0.00110375	-0.0331211	0.0173508	0.0870702
0.000436429	-0.000134837	0.00156011	-0.0415506	-0.00372791	0.0819842
0.000356932	-0.000159181	0.00121617	-0.0437365	-0.00386593	0.0779826
0.000549936	-0.000131044	0.00136809	-0.0413452	0.00383957	0.0771361
0.000463517	-0.000313349	0.000662952	-0.0111466	-0.00392495	0.0802578
0.000521284	-0.000127719	0.000647325	-0.0228973	-0.0166718	0.0763434
0.000574258	-0.000163581	0.000754848	-0.0156891	-0.00307662	0.0795918
0.000741752	-0.000117846	0.000954735	-0.0204611	-0.00573509	0.0823401
0.00087205	-0.000196997	0.000553625	-0.0119358	-0.0160009	0.0920879
0.000830127	-0.000156788	0.000666491	-0.0162209	-0.00929758	0.0928561
0.000828809	-0.000178726	0.000838206	-0.0244054	0.00284391	0.099017
0.000739405	-0.000177365	0.00131377	-0.0280887	-0.000646595	0.0982087
0.000772604	-0.000161904	0.000704803	-0.0184318	-0.00636635	0.0928707
0.000844264	-0.000115505	0.000728085	-0.0219329	-0.00917784	0.0963933
0.000827462	-0.000153052	0.000336534	-0.00935341	-0.00998633	0.0907183
0.000843305	-0.000104862	0.000820942	-0.0194114	0.00445129	0.0901009
0.000850921	-5.12611e-05	0.000874397	-0.0233648	0.0184154	0.0825849
0.000638684	-4.05869e-05	0.000659378	-0.00117071	0.0113956	0.0835076
0.000559669	2.51775e-05	0.000625535	-0.0174412	-0.00544607	0.0781346
0.000714587	-7.72857e-05	0.000902213	-0.00908849	0.0161281	0.0786584
0.000698821	-4.83816e-06	0.00117998	-0.00846481	0.0214196	0.0836379
0.000545445	-1.14766e-05	0.000908463	0.00867204	0.0114252	0.0875393
0.000645281	-2.34941e-05	0.00132718	-0.0247773	0.0170953	0.0835895
0.000560624	-5.30453e-05	0.000470798	-0.00464918	-0.000858592	0.0877612
0.000645627	-4.95663e-05	0.000427287	-0.010308	-0.00357482	0.0899269
0.000683714	-3.24805e-05	0.000526099	-0.00710598	-0.00483748	0.0911831
0.000803508	2.50485e-05	0.000969238	-0.0215833	0.0130415	0.0880257
0.000700438	-0.000122113	0.00050844	-0.00554144	-0.00350882	0.0844566
0.000743325	-6.31493e-05	0.00104201	-0.0228921	-0.0139425	0.0920416
0.000718533	-0.000151021	0.000590724	-0.00817193	-0.0108993	0.0983585
0.000775683	-0.000149883	0.000889036	-0.0100393	0.00851934	0.0852758
0.000723659	-0.000129871	0.000768371	-0.0152132	0.000458825	0.0766211
0.000787458	-7.90418e-05	0.000686759	-0.00694336	0.000507252	0.0786642
0.000717352	-5.68495e-05	0.000796685	-0.0262186	-0.0156395	0.0891441
0.00081497	-0.000161568	0.000988034	-0.0105693	0.0176027	0.0843692
0.000732853	-0.000197095	0.000854137	-0.0180331	0.0247876	0.0833229
0.000526219	-9.76326e-05	0.000975827	-0.0231052	-0.0214783	0.0798453
0.00067666	-2.68549e-05	0.000824848	-0.0168213	0.000557803	0.0820148
0.000715094	4.40184e-06	0.000618941	-0.00598986	-0.00300187	0.0819583
0.000759179	2.60946e-05	0.000999611	-0.0204706	-0.00583152	0.0799227
0.00080183	-1.01349e-05	0.00105508	-0.0239338	0.00106539	0.0789411
0.000740453	-0.000112379	0.000816561	-0.00664103	-0.0198746	0.0869713
0.000690578	-6.25171e-05	0.000874913	-0.00730762	0.000902659	0.0845164
0.00064243	6.4726e-05	0.00101039	-0.0265088	-0.00983217	0.0830708
0.000633629	-8.39937e-05	0.000888452	0.0013945	0.00311447	0.0770515
0.000617662	-3.34358e-05	0.00083462	-0.0056053	0.00794307	0.0817193
0.000598298	1.66841e-05	0.00120516	-0.0253321	0.00212595	0.0841953
0.000553256	-1.53861e-05	0.00066109	-0.0236545	-0.0168859	0.0902502
0.000673316	-8.17946e-05	0.000518303	-0.00634894	-3.58149e-05	0.0903881
0.000670636	-3.85404e-05	0.00102412	-0.0214835	-0.0105966	0.0927103
0.00073527	-3.30174e-05	0.00126895	-0.0194728	-0.00444426	0.091956
0.000786431	-9.21601e-05	0.000541441	-0.00998323	0.00696088	0.0849853
0.000829031	-7.3593e-05	0.000831442	-0.0134097	-0.0107725	0.0867623
0.000795172	-8.91376e-05	0.000824888	-0.0112794	0.000796298	0.0980295
0.000784428	-0.000113983	0.00132432	-0.0282819	0.00897858	0.0993681
0.000686614	-4.96263e-05	0.000839103	-0.012678	0.00368433	0.0923234
0.00066278	-8.28889e-05	0.000793961	-0.00369888	0.00795917	0.0877575
0.000672444	1.51942e-05	0.00115729	-0.00812014	-0.0117911	0.0892822
0.000803931	0.000104297	0.000961887	0.00173313	0.00822254	0.0865476
0.000691483	-4.20059e-05	0.000714319	-0.0156311	0.00581037	0.0876117
0.000738458	-1.56758e-05	0.000713442	-0.00877957	-0.00270354	0.0812927
0.000706891	-1.05294e-05	0.00102699	-0.0127818	-0.0229286	0.0889022
0.000721221	-3.41862e-05	0.000984053	-0.0176531	-0.0158124	0.0872509
0.000810336	4.504e-05	0.00119032	-0.0192022	-0.0207411	0.0837135
0.000881582	-7.40195e-05	0.00141352	-0.0342728	0.0311884	0.0840951
0.000470414	-0.000132166	0.000419523	-0.0164913	-0.00777882	0.0750962
0.00041458	-0.000127119	0.000841641	-0.0164687	-0.0104219	0.0737593
0.000324929	-6.78715e-05	0.000914948	-0.0282055	-0.031051	0.0729147
0.000494075	1.94701e-05	0.00125003	-0.0435586	0.0287183	0.0742591
0.000327528	-0.00011631	0.000654188	-0.0193767	-0.00428086	0.0749905
0.000459554	-0.000183542	0.00119478	-0.0369193	-0.00249678	0.0871739
0.00049578	-0.000279751	0.000407656	-0.00524932	-0.0107964	0.0851419
0.000629324	-0.000222257	0.000684164	-0.0131053	0.0106368	0.0781747
0.000548369	-8.90938e-05	0.00142842	-0.037766	0.0106722	0.0757452
0.000513811	-0.000182236	0.000794499	-0.0311293	-0.0326205	0.0815751
0.000659047	-0.000137642	0.00157016	-0.047766	0.0104075	0.0824475
0.000565947	-0.000223377	0.00149672	-0.049842	0.00693141	0.0843071
0.000524213	-0.000278959	0.00131631	-0.0436398	-0.00112605	0.0805062
0.000462447	-0.000245961	0.000598977	-0.0262487	-0.0177716	0.0774191
0.000591027	-0.00016756	0.00093735	-0.0270308	-0.0025453	0.0767973
0.000727068	-0.000192868	0.000649301	-0.0109812	-0.00193003	0.0839779
0.00071129	-0.000135899	0.000626958	-0.000640315	0.0022095	0.0906877
0.000740088	-4.54207e-05	0.00119136	-0.0219565	-0.00106037	0.0932684
0.000690558	-4.52631e-05	0.000909535	-0.0150603	-0.00165149	0.0934913
0.000507546	-6.054e-05	0.00112735	-0.0364987	-0.01751	0.078449
0.00068219	-0.000175894	0.000518963	-0.00988791	0.0136709	0.0813412
0.00070653	-4.16239e-05	0.00118333	-0.0323589	0.00521182	0.0802586
0.000664404	-7.6142e-05	0.00086651	-0.00693611	0.0136084	0.0896091
0.000401383	8.81987e-05	0.000566898	-0.0147039	-0.0216908	0.0919578
0.000551636	1.45514e-05	0.000572413	-0.00718765	0.015625	0.0902797
0.000569941	4.8854e-05	0.000881955	-0.00712082	0.0250922	0.097352
0.000584438	5.6322e-05	0.00131533	-0.0317132	-0.00916104	0.0918099
0.000610125	5.82032e-05	0.00153699	-0.0409049	0.0162068	0.077155
0.000631831	-9.21136e-06	0.000704031	-0.0235177	0.0131744	0.0719162
0.000509042	-9.08554e-05	0.000590937	-0.00884127	-0.00955913	0.0731387
0.000705486	-5.28852e-06	0.00106595	-0.0216515	0.00579227	0.0775582
0.000656489	-0.000120775	0.00103138	-0.0291053	0.0144541	0.0864751
0.00041671	-0.000252359	0.000441283	-0.00454695	0.00987909	0.0806113
0.00052158	-0.000190864	0.000856872	-0.0112336	0.0281243	0.0789277
0.000515948	-0.00019031	0.000640981	-0.0199302	0.00530449	0.0799637
0.000524146	-0.000152567	0.000761657	-0.0152347	0.00932302	0.0704175
0.000530117	-9.03836e-05	0.000595783	-0.00298648	0.0250091	0.068355
0.00038154	-8.73781e-05	0.000692758	-0.00383205	0.00149186	0.0715345
0.000469087	-0.000118982	0.000910442	0.00011989	0.0282325	0.0748277
0.000473464	-4.31378e-05	0.00106476	-0.000133714	0.0378902	0.0824168
0.000416921	8.90071e-05	0.00153241	-0.0339574	0.00932296	0.0894867
0.0005142	4.38512e-05	0.00166878	-0.0362296	0.00526511	0.0949208
0.000586117	-8.27461e-05	0.00133947	-0.0188554	0.00718992	0.0969476
0.000619319	-0.000158475	0.000628269	-0.0138669	-0.0136994	0.101855
0.000771759	-4.6307e-05	0.000964771	-0.0150406	-0.00885209	0.102452
0.000895665	-2.67479e-05	0.00102557	-0.0226721	0.0128246	0.102392
0.000981189	-9.97351e-05	0.00100499	-0.0236899	0.0126231	0.100854
0.000890426	-0.000173858	0.000993313	-0.0161346	0.0101629	0.105165
0.000715292	-9.07689e-05	0.000742515	-0.0147968	-0.0105047	0.0963011
0.000744566	-3.55328e-05	0.00114288	-0.0386723	0.000356227	0.0894522
0.000783132	-7.20946e-05	0.000325649	0.00193765	0.00531887	0.0828576
0.000768315	-2.25815e-05	0.000665192	-0.00980195	0.00477196	0.0812342
0.000752768	-5.36731e-05	0.000905323	-0.0158095	-0.00111224	0.080294
0.00077771	-6.4304e-05	0.00104675	-0.0290921	0.00609419	0.081277
0.000690137	-4.56837e-06	0.00143365	-0.0419275	-0.00287581	0.0804745
0.000615053	-0.000131855	0.00140951	-0.0356264	0.0130832	0.0790685
0.000490561	-0.000153705	0.000316194	-0.00109138	-0.0139115	0.0916412
0.000616843	-5.97928e-05	0.00119341	-0.0286161	-0.00184675	0.0896101
0.000645887	-0.000128554	0.000702165	-0.0145461	0.00152281	0.0855277
0.000771487	-0.000162539	0.00103649	-0.00674774	0.0290129	0.078802
0.000586346	-4.9835e-05	0.000806469	-0.0250499	0.0158089	0.0800613
0.000539201	-8.82579e-05	0.000649302	-0.00399227	-0.00154132	0.0795902
0.00060893	-6.40028e-06	0.00132418	-0.0247769	-0.00101508	0.0864003
0.000651882	-7.17313e-05	0.000812223	-0.00753381	0.0123404	0.0809971
0.000685776	-4.26359e-05	0.00076621	-0.00740843	0.00414518	0.081612
0.000473476	-2.45741e-05	0.000973494	-0.00920325	-0.00752604	0.0796801
0.000592753	2.02022e-05	0.000865281	-0.0220023	0.00306086	0.0765805
0.000615502	-5.7295e-05	0.000927831	-0.0228232	0.00364005	0.073106
