0.000471318	0.000366812	-0.000156605	-0.0109389	0.0299328	-0.0591447
-0.000507949	-0.000343418	0.00017933	0.00736634	-0.0367336	0.0578
0.000506567	0.000335248	-0.000141045	-0.00522024	0.0363175	-0.0591187
-0.000516342	-0.000335754	0.000175593	0.00597492	-0.038322	0.0578536
0.000116049	0.000342168	-0.000240862	-0.00604623	-0.0342549	-0.0600592
-0.000293726	-0.000498518	0.000229025	0.0347083	0.00184872	0.0584798
0.000255428	0.000559341	-0.00025022	-0.0451993	-0.00876171	-0.0597695
-0.000327682	-0.000558706	0.000263555	0.0456549	-0.00443328	0.0580124
0.000250719	0.000563945	-0.000252648	-0.0460257	-0.00962756	-0.0597301
-0.000529229	-0.000629556	0.000197442	0.0587471	-0.0409681	0.0572169
0.000489804	0.000650626	-0.000174779	-0.0619817	0.0335582	-0.0589076
-0.000567181	-0.000529813	0.000112404	0.0408376	-0.0474084	0.0575088
0.00065792	0.000450444	-5.08037e-05	-0.0265222	0.0635147	-0.0583728
-0.000270618	-0.0002606	0.000175203	-0.00730427	0.00659682	0.0587677
0.000234391	0.000281245	-6.16624e-05	0.00348956	-0.0130813	-0.0593019
-0.00062561	-0.000379855	-7.83592e-06	0.0150621	-0.057862	0.0574517
4.29868e-05	0.000226155	-0.000147497	0.0135208	-0.0476886	-0.0597456
-0.000457802	-0.000324967	0.000139631	0.00479625	-0.0276143	0.0578235
0.000223999	0.00028361	-0.000158366	0.00404227	-0.0149842	-0.059574
-0.000291622	-0.000285814	8.49799e-05	-0.00385167	0.00314011	0.0593935
0.000719916	0.000301557	8.38453e-05	0.000878014	0.0742852	-0.0586358
-0.000278166	-0.000150752	9.55859e-05	-0.0285597	0.00578867	0.0597215
0.000168122	0.000463169	-0.000219228	-0.0282982	-0.0250584	-0.0593416
-0.000342768	-0.00040773	0.000165595	0.0193959	-0.0067501	0.0581872
0.000290747	0.000280129	-4.68347e-05	0.00367697	-0.00279	-0.0592475
-0.000616645	-0.00039271	1.09049e-06	0.0173481	-0.0563094	0.057519
6.30499e-05	0.00022849	-0.000139347	0.0130683	-0.0440314	-0.059695
-0.00045717	-0.000325918	0.000140136	0.00495819	-0.0275087	0.0578458
0.000303141	0.000311442	-0.000132383	-0.00108916	-0.0006344	-0.0593233
-0.000322304	-0.000296503	7.49673e-05	-0.00189515	-0.00243633	0.0592729
0.000583479	0.000423185	2.36868e-05	-0.0211181	0.0499256	-0.0589246
-0.000377562	-0.000314978	7.30132e-05	0.0013637	-0.0126192	0.0591941
0.000421947	0.000353224	-0.000117269	-0.00855011	0.0208139	-0.0590724
-0.000276354	-0.000266507	0.000175749	-0.00631048	0.00550888	0.0587438
0.000227602	0.000288229	-7.0067e-05	0.00226249	-0.0142279	-0.0593074
-0.000622391	-0.000387452	-1.56945e-06	0.0163792	-0.0573491	0.0575257
9.58883e-05	0.000241599	-0.000128723	0.0106575	-0.0380455	-0.0595768
-0.000457276	-0.000325173	0.000139959	0.00480423	-0.0275916	0.0578967
0.000195235	0.000273049	-0.000167229	0.00596456	-0.0200641	-0.0596908
-0.000304952	-0.000291237	8.03423e-05	-0.002879	0.000609179	0.0594445
0.000583266	0.000422831	2.38688e-05	-0.0210598	0.049986	-0.0590262
-0.000402592	-0.000323992	6.47317e-05	0.00302173	-0.0172101	0.0591596
0.000421811	0.000353059	-0.00011714	-0.00853567	0.0208388	-0.0591176
-0.00025544	-0.000259238	0.000182498	-0.00765397	0.00929479	0.0588431
0.000267698	0.000213976	2.44887e-06	0.0157293	-0.00709723	-0.0594885
-0.000691072	-0.00018338	-0.000192599	-0.0209437	-0.0691726	0.0585036
0.00020371	-0.000149064	0.00020541	0.0815526	-0.0193223	-0.0605507
-0.00064444	0.00014123	-0.000277784	-0.0803222	-0.0601159	0.0598049
0.000406333	-0.000161639	0.000244915	0.0850048	0.017172	-0.0606481
-0.000412446	2.24303e-05	-0.000191569	-0.0606753	-0.0180167	0.0608748
0.000617844	0.000260597	0.000188743	0.00947732	0.0557655	-0.0601368
-0.000381088	-0.000173643	-9.43356e-05	-0.025557	-0.0128721	0.0605761
0.000541415	2.02733e-05	0.000198436	0.0533577	0.0418191	-0.0606864
-0.000588752	0.000164101	-0.000192892	-0.0865946	-0.0501459	0.0608322
0.000265537	-4.24432e-05	0.000105228	0.0649057	-0.00793006	-0.0614001
-0.000819418	-8.62e-05	-0.000257687	-0.0408462	-0.0923769	0.0596997
0.000468386	-0.000172855	0.000192425	0.0883762	0.0285387	-0.0611486
-0.000440649	0.000175661	-0.000143258	-0.08879	-0.0233741	0.0614951
0.000407503	-0.000164493	0.000169569	0.0869333	0.0173795	-0.0611319
-0.000315248	6.05136e-05	-8.57001e-05	-0.068122	-0.000617746	0.0613094
0.000545627	1.50905e-05	0.000201799	0.0542976	0.0425122	-0.0606906
-0.000548981	0.000178329	-0.000179073	-0.0892385	-0.0428606	0.0609242
0.000414094	1.46533e-05	0.000154605	0.054442	0.0190278	-0.0610905
-0.00081958	-8.67432e-05	-0.000257593	-0.0407851	-0.0924466	0.0596966
0.000416682	-0.000190969	0.000175644	0.0917279	0.0193049	-0.0613465
-0.000677206	8.58738e-05	-0.000221196	-0.0722283	-0.0662586	0.0604626
0.000494006	-0.000133147	0.000198053	0.0811585	0.0330423	-0.0609189
-0.000447976	0.000181103	-0.000145988	-0.0897922	-0.0244974	0.0612793
0.000643069	-7.26771e-05	0.000246687	0.0701218	0.0600747	-0.0605883
-0.000395857	0.000194439	-0.000220955	-0.0921699	-0.0147543	0.0616317
0.00058308	-0.000101719	0.000296013	0.0743687	0.0491976	-0.0603602
-0.000777984	7.36849e-05	-0.000236967	-0.0684841	-0.084668	0.0593337
0.000400291	-0.000176277	0.000171511	0.0875396	0.0162964	-0.0603867
-0.000681569	0.000104944	-0.000221153	-0.0741334	-0.0671017	0.0596307
0.00023055	-6.40583e-05	9.79121e-05	0.0672077	-0.014257	-0.0607471
-0.000419588	-9.59986e-05	-0.000110352	-0.0379712	-0.019829	0.0598408
0.000428405	9.55553e-05	0.000152664	0.0380835	0.021464	-0.0600019
-0.000475362	-0.000101437	-0.000129196	-0.0369379	-0.0296975	0.0594365
0.000805832	6.53203e-05	0.000289902	0.0433607	0.0896287	-0.0592409
-0.000452771	4.08434e-05	-0.000132744	-0.0628738	-0.0255518	0.0599733
0.000286571	8.53458e-05	0.000101337	0.0401296	-0.00403389	-0.0603027
-0.000849032	-4.57435e-05	-0.000269194	-0.0466336	-0.0976668	0.0587984
0.000257327	-8.18162e-05	0.000109058	0.0704003	-0.00936547	-0.0606807
-0.000571687	1.24496e-05	-0.000176443	-0.0574294	-0.0473382	0.0597692
0.000502387	-0.000170461	0.00020623	0.0863071	0.0346287	-0.0601304
-0.000462352	7.23373e-06	-0.000135513	-0.0566661	-0.0271927	0.0597976
0.000784402	8.44619e-05	0.0002804	0.0398964	0.0856572	-0.0591659
-0.000460661	0.000211164	-0.000245164	-0.0935595	-0.0263074	0.0604702
0.000344749	-1.69654e-05	0.000202767	0.0575185	0.00612663	-0.0596787
-0.000632955	-0.000247389	-0.000152884	-0.00883544	-0.0586439	0.0578674
9.64893e-05	0.000368452	1.21079e-05	-0.0127178	-0.0382735	-0.0594995
-0.000394134	-0.000444288	-6.59102e-05	0.0267708	-0.0158609	0.0584902
0.000518268	2.53304e-05	0.000190083	0.0491893	0.0376193	-0.0587773
-0.000300289	0.000123727	-8.68156e-05	-0.0764191	0.00227819	0.0595965
0.000359533	0.000108004	0.000125729	0.0343333	0.00905968	-0.0591903
-0.000641308	-0.000223337	-0.000175617	-0.0131091	-0.0600454	0.0578582
0.000338653	0.000479572	8.30673e-05	-0.0330955	0.00558886	-0.0588109
-0.000381632	-0.000454611	-6.25104e-05	0.0286086	-0.0136434	0.058503
-7.96634e-06	0.000190802	-1.22697e-05	0.0195674	-0.0574203	-0.059598
-0.000239171	-0.000281899	-2.82766e-05	-0.00282211	0.0125551	0.0591564
0.000216559	0.000294208	5.59363e-05	0.000615272	-0.0169734	-0.0588676
0.000131267	-0.000322532	0.000107518	0.00407005	0.0797541	0.0599886
0.000282504	0.000445201	6.57647e-05	-0.026741	-0.00480188	-0.0587068
-0.000386259	-0.00029182	-8.02838e-05	-0.00096042	-0.0141852	0.0587123
-0.000178587	0.000343591	-8.75947e-05	-0.00803595	-0.0880827	-0.059769
-0.000388211	-0.000448315	-6.54633e-05	0.0274994	-0.0149076	0.0585672
0.000309939	0.00013764	0.000198684	0.0293517	-7.7989e-06	-0.0593681
-0.000217144	-0.000156535	-0.000102115	-0.0269	0.0167801	0.0604798
0.000201775	0.000324631	3.15206e-05	-0.00338275	-0.0195179	-0.0596538
-0.000247494	-0.00027589	-3.71789e-05	-0.00555847	0.0109366	0.0602398
-3.13901e-05	0.000216458	-2.56598e-05	0.0165473	-0.0617871	-0.0603545
-5.88883e-06	-0.000195909	4.68062e-05	-0.0203405	0.054836	0.060984
-3.06713e-05	0.000214989	-2.42945e-05	0.0168279	-0.0616933	-0.060363
-5.83565e-06	-0.000196122	4.70777e-05	-0.0203154	0.0548208	0.0609811
-3.06362e-05	0.000214518	-2.41189e-05	0.0169215	-0.0616338	-0.0603996
-0.000133871	-0.000242348	4.91575e-06	-0.0117923	0.0314811	0.0606256
-3.085e-05	0.000214575	-2.40542e-05	0.0169006	-0.0616255	-0.060455
-5.05362e-06	-0.000196355	4.71298e-05	-0.0202766	0.0548635	0.0610916
-0.000168444	0.000335126	-8.39513e-05	-0.00491375	-0.0862639	-0.0607649
-0.000249167	-0.000580647	-4.5357e-06	0.0497214	0.0102168	0.0594319
1.03957e-05	0.000474717	-3.37853e-05	-0.0304329	-0.0539874	-0.0601426
0.000215692	-0.000421058	0.000170396	0.0202601	0.0947424	0.0609552
0.000327797	0.000476037	6.36226e-05	-0.0307265	0.00349177	-0.0595264
-0.000668417	9.14363e-06	-0.000253629	-0.0569708	-0.0647214	0.0596543
0.000451725	-0.000252229	0.00022295	0.100978	0.025484	-0.0601421
-0.000617067	-3.62995e-05	-9.38409e-05	-0.0480998	-0.0558668	0.0589151
0.000206184	0.000181404	-0.000184227	0.0223976	-0.0182479	-0.0595668
-0.000497976	-0.000356434	0.00019549	0.0103423	-0.0349448	0.057551
0.000530847	0.000217368	-2.41289e-05	0.0156763	0.0403176	-0.0586758
-0.00022967	-0.000134593	9.8193e-05	-0.0313331	0.0145211	0.0599184
0.000317925	0.000355091	-6.41931e-05	-0.00877339	0.00198779	-0.0594234
-0.000383741	-0.000308951	7.02743e-05	0.00039921	-0.0138755	0.0591993
0.000312255	0.000323758	-5.99289e-05	-0.0030639	0.0011852	-0.0596607
-0.000754195	-0.000279313	-6.52188e-05	-0.00449583	-0.0811072	0.0583446
0.000180814	0.000148154	-8.98395e-05	0.0288434	-0.0227434	-0.0601349
-0.000246651	-0.000463488	0.000227205	0.0281765	0.0104635	0.059011
0.000249671	0.000577034	-0.000268343	-0.0483169	-0.0100119	-0.0594723
-0.000291835	-0.000540518	0.000271022	0.0419315	0.00236933	0.0583625
0.000626784	0.000536044	-0.000115041	-0.0409945	0.0580605	-0.0587615
-0.000304509	-0.00025948	0.00015128	-0.0089619	0.000580173	0.0593961
0.000219481	0.000296482	-7.695e-05	0.00207947	-0.0157433	-0.0598217
-0.000621004	-0.00040095	-3.05921e-06	0.0173618	-0.0570426	0.0582748
3.94657e-05	0.000223203	-0.000148474	0.0153677	-0.0483516	-0.0602361
-0.000459769	-0.000338105	0.000139632	0.0057016	-0.0279187	0.0585838
0.000424943	0.000365821	-9.20138e-05	-0.0097144	0.0216623	-0.0598882
-0.000363495	-0.000320935	6.13068e-05	0.001088	-0.0100473	0.0598743
0.000578668	0.000436046	2.42169e-05	-0.0221028	0.0493419	-0.0597397
-0.000397928	-0.000334486	6.57933e-05	0.00344505	-0.016563	0.0600389
0.000250045	0.000446505	-0.000172069	-0.0240158	-0.00981406	-0.060329
-0.00052397	-0.000642251	0.000202586	0.0603521	-0.0402408	0.0579441
1.94687e-06	0.000469138	-0.000332825	-0.0281784	-0.0546924	-0.0605004
-0.000235845	-0.000528333	0.000293071	0.0394178	0.0123001	0.0588758
0.000487285	0.000655011	-0.000174199	-0.0622853	0.0331865	-0.0593364
-0.00058363	-0.000488385	7.12237e-05	0.0327154	-0.0503108	0.0582123
0.000721427	0.000278958	0.000106472	0.00509497	0.0749626	-0.0589667
-0.00033245	-0.000179807	8.1307e-05	-0.0233555	-0.00443748	0.0597943
0.000115424	0.00028201	-0.000126215	0.00492401	-0.034501	-0.060103
-0.000757892	-0.00027912	-6.66621e-05	-0.00474647	-0.0817965	0.0584581
0.000189196	0.000155233	-8.77019e-05	0.0277854	-0.0211874	-0.0602448
-0.000242408	-0.000462626	0.000228604	0.0277815	0.0112074	0.0591405
0.00024932	0.000578804	-0.000268441	-0.0483844	-0.0100391	-0.0595927
-0.000291833	-0.000542343	0.000271072	0.0420242	0.00234666	0.0584578
0.000626316	0.000539037	-0.000115017	-0.0412889	0.0579969	-0.0588671
-0.000338042	-0.000272873	0.000140544	-0.00672093	-0.00551804	0.0593705
0.000238595	0.000304704	-7.07536e-05	0.000811293	-0.0122687	-0.0599033
-0.000717514	-0.000318123	-4.54361e-05	0.00224774	-0.074446	0.0583386
0.000171419	0.000183057	-9.63764e-05	0.0227762	-0.0244359	-0.0601701
-0.000315073	-0.000418679	0.000163815	0.0199554	-0.00173606	0.0590368
0.000554795	0.00049144	-2.92837e-05	-0.0327746	0.0452422	-0.059446
-0.000620365	-0.000396605	-1.88888e-05	0.0154212	-0.056785	0.0589236
0.000357012	0.000351586	-4.78447e-05	-0.00695004	0.00930315	-0.0602325
-0.000378615	-0.00032261	7.29005e-05	0.00169095	-0.0128783	0.0596606
0.00033321	0.000340934	-5.06162e-05	-0.00497767	0.00614499	-0.0590305
-0.000610648	-0.000412488	-4.86711e-06	0.0182449	-0.0559194	0.057987
0.000577248	0.000431397	2.75949e-05	-0.0215632	0.0489064	-0.059947
-0.000615437	-0.000412589	-4.69652e-06	0.0182361	-0.0558985	0.0588748
0.000575879	0.000431702	2.75728e-05	-0.0216092	0.0488644	-0.0596957
-0.000615265	-0.000412927	-4.61668e-06	0.0182872	-0.0558449	0.0589433
0.000531555	0.000414878	1.30535e-05	-0.0185188	0.0409085	-0.0598268
-0.000614597	-0.000413176	-4.53994e-06	0.0183306	-0.0557942	0.0590132
0.000327333	0.00034073	-5.02417e-05	-0.00493771	0.00621712	-0.0579437
-0.000368816	-0.000323651	7.36132e-05	0.00187509	-0.0128393	0.0579735
0.000341251	0.000340639	-5.06405e-05	-0.00487806	0.00607437	-0.0608642
-0.000663778	-0.000431839	-2.10244e-05	0.0217212	-0.0648573	0.0589979
0.000544731	0.000432084	2.84757e-05	-0.0215956	0.0492188	-0.0538494
-0.000591369	-0.000413357	-5.28793e-06	0.0182566	-0.0559969	0.0548415
0.000580924	0.000432756	2.7334e-05	-0.0215549	0.0487771	-0.0615363
-0.000612812	-0.000414122	-4.46892e-06	0.0183024	-0.0557507	0.0594026
6.56311e-05	0.000575729	-0.000171094	-0.0475274	-0.0433235	-0.0602154
-0.000289138	-0.000716344	0.000142695	0.073133	0.00243503	0.0596986
0.000209856	0.000525116	-0.000114788	-0.0383287	-0.0174201	-0.0598837
0.000220528	-0.000548996	0.000311218	0.0424995	0.0951225	0.0603195
0.000127503	0.000817057	-0.000264304	-0.0915897	-0.0319759	-0.0595156
-0.000296887	-0.00075516	0.000212889	0.0813064	0.00107095	0.0585516
9.33043e-05	0.000742152	-0.000158913	-0.0792244	-0.0380714	-0.0592064
-0.000174105	-0.000796955	0.000195097	0.0892322	0.0230819	0.0587619
-0.00019	0.000681684	-0.00027152	-0.068367	-0.0893392	-0.0591056
-0.000296748	-0.000822392	0.00024226	0.0937362	0.000498427	0.0586272
0.000132681	0.000627724	-0.000220535	-0.0574001	-0.031019	-0.0596055
-0.000360958	-0.00056806	8.4465e-05	0.0463356	-0.0102403	0.0599236
-2.27804e-05	0.000651982	-0.000212491	-0.061478	-0.0578803	-0.0579685
0.000160539	-0.000688127	0.00029954	0.0678795	0.082956	0.0585613
0.000280155	0.000685585	-0.000103595	-0.0674324	-0.00503855	-0.0599452
-4.04405e-05	-0.000614829	0.000221477	0.0545398	0.0478342	0.0596492
-5.87928e-05	0.000927387	-0.000340389	-0.111722	-0.0656632	-0.0591884
-0.000114062	-0.000877994	0.000289886	0.103588	0.0339672	0.0583566
-8.54074e-05	0.000682201	-0.000212056	-0.0683841	-0.0704925	-0.0591469
-0.00018104	-0.000786587	0.000187652	0.0873726	0.0219186	0.0586769
-9.67648e-05	0.000717617	-0.000242908	-0.0749231	-0.0726349	-0.0588397
-0.000182588	-0.000787108	0.000187787	0.0874935	0.0217793	0.05865
-9.35525e-05	0.000668024	-0.000242522	-0.0747322	-0.0725188	-0.0590819
-0.000100603	-0.00061955	0.000214353	0.0817763	0.0370757	0.058583
0.000147553	0.000609724	-0.000165385	-0.090732	-0.0290875	-0.0589781
5.35277e-05	-0.000487941	0.000264227	0.0711471	0.0652629	0.0588683
0.000224077	0.000615344	-0.000232424	-0.0939748	-0.0151394	-0.0586422
-5.79436e-06	-0.000505436	0.000313325	0.0749949	0.0543193	0.05808
-0.000177886	0.000483388	-0.000252637	-0.0713753	-0.0879333	-0.058274
-0.000189702	-0.000573448	0.000188251	0.0877929	0.0207221	0.0579638
0.000115898	0.000581387	-0.000173269	-0.0893053	-0.0344259	-0.0584843
-0.000185557	-0.000615716	0.000184817	0.0877664	0.0214524	0.058427
-9.35397e-05	0.000540475	-0.000240503	-0.0761226	-0.0726973	-0.0590696
-0.000134874	-0.000819101	0.00030678	0.112828	0.0311507	0.0598138
-0.000132185	0.000711275	-0.000329054	-0.0925272	-0.0809272	-0.071702
-0.000306307	-0.000462163	9.99197e-05	0.0571248	0.000631049	0.0607098
1.43485e-05	0.000494415	-0.000190349	-0.0563596	-0.0550371	-0.0763945
0.000300358	-0.000553099	0.000335053	0.0555618	0.113654	0.0815007
0.000222458	0.000727337	-0.000214929	-0.0843661	-0.0183287	-0.101485
-2.81156e-05	-0.00050159	0.000289515	0.0684493	0.0547617	0.095324
-0.000108364	0.000270534	-0.000221346	-0.0288116	-0.0791942	-0.0695123
-0.000299868	-0.000513551	0.00014625	0.0698377	0.00361088	0.0869537
0.000139815	0.000554629	-0.000140991	-0.0903688	-0.0329299	-0.0602763
-0.000272166	-0.000479895	0.000136904	0.089654	0.00852888	0.0172294
0.000167527	0.000518063	-0.000136494	-0.0898548	-0.0284368	-0.0269043
-4.64029e-05	-0.000505214	0.000210372	0.0730554	0.0506301	0.0729368
9.65447e-05	0.000538257	-0.000159238	-0.0827529	-0.0412306	-0.0621824
-0.000196989	-0.000546709	0.000158962	0.0833386	0.0219643	0.0653384
-7.96394e-05	0.000483056	-0.000216948	-0.0720934	-0.073282	-0.0642227
-0.000283635	-0.00056152	0.000224796	0.0859934	0.00676596	0.0652504
0.000116609	0.000401389	-0.000206569	-0.0491672	-0.0380097	-0.0842301
-0.000397508	-0.000350433	4.67852e-05	0.041592	-0.0156522	0.0765162
5.39287e-06	0.000415211	-0.000186272	-0.0580476	-0.0583092	-0.0638828
5.2944e-05	-0.000487677	0.000245629	0.0698215	0.0693569	0.0682601
0.000297469	0.000439883	-7.58034e-05	-0.0628781	-0.00432147	-0.062914
-5.94917e-05	-0.000375257	0.000193325	0.0506019	0.048216	0.0629966
1.62925e-05	0.000706809	-0.000298758	-0.111361	-0.0579904	-0.0663413
6.45088e-05	-0.000567788	0.000329171	0.0868012	0.0722918	0.064818
-0.000285102	0.000298979	-0.000202776	-0.0378953	-0.110776	-0.0633091
-0.000286246	-0.00027125	-8.81514e-05	0.0328719	0.00341932	0.0621578
5.95896e-05	5.60811e-05	0.000171752	0.00745062	-0.0435194	-0.0647626
-0.000298983	-0.000242274	-0.000121083	0.0260718	0.00102632	0.0663467
6.34079e-06	0.000261761	-2.65713e-05	-0.0302952	-0.0559718	-0.0640294
0.000189217	-0.000142784	0.000105355	0.0081283	0.0925122	0.0646242
0.00034489	0.000175602	0.000116605	-0.0210812	0.0072612	-0.0867417
-0.000412769	0.000140918	-0.000231393	-0.0318043	-0.0218266	0.0587534
0.000265202	-0.000169767	0.000271975	0.0428815	-0.00463596	-0.0361964
-0.000540214	7.8577e-05	-0.00031719	-0.0306527	-0.0464194	0.0601478
1.8314e-06	-0.000384201	0.000199405	0.0676875	-0.0529499	-0.0924841
-2.70449e-05	0.00047745	-5.71047e-05	-0.0428523	0.0504978	0.0857289
-3.66299e-05	-0.000438068	-1.54194e-05	0.0166736	-0.0638225	-0.0500022
-5.89967e-06	0.00036979	1.02392e-05	-0.0243218	0.0556228	0.0333811
-1.11087e-05	-0.000236537	1.39807e-05	0.0185754	-0.0584835	-0.0379746
-3.67127e-06	0.000200382	1.27274e-05	-0.0253243	0.0558683	0.0520066
-3.5012e-05	-0.000165257	9.06772e-06	0.0242887	-0.062534	-0.0751402
-0.000240102	0.000164362	-6.91275e-05	-0.0132691	0.0117629	0.0797059
-1.44978e-05	-0.000239823	1.67874e-05	0.0208946	-0.0590394	-0.0515179
-3.43309e-06	0.000268919	1.07228e-05	-0.0247346	0.0560431	0.0438496
-3.26724e-05	-0.000249591	1.08403e-05	0.0215078	-0.0624207	-0.0459225
-3.3726e-06	0.00026072	1.03434e-05	-0.0266084	0.0559307	0.0595068
-3.27934e-05	-0.000243974	1.10182e-05	0.0227195	-0.0624063	-0.0562467
-0.00024103	0.000178422	-6.99218e-05	-0.0110348	0.0118649	0.0576671
0.000205577	-0.00016105	9.14236e-05	0.00776689	-0.0180792	-0.0579043
-0.000241088	0.000178308	-6.99219e-05	-0.0109858	0.011884	0.0574725
-3.27707e-05	-0.000243365	1.10371e-05	0.0227348	-0.0624274	-0.0568941
-0.000150405	0.000210688	-3.93841e-05	-0.0168438	0.0286221	0.0570973
0.000204706	-0.000160729	9.12476e-05	0.00770376	-0.0181486	-0.0579913
-0.000240931	0.000165415	-6.99885e-05	-0.0107443	0.0118413	0.0550548
-3.43773e-05	-0.00022053	1.10503e-05	0.0236446	-0.0625101	-0.0657086
-2.92418e-06	0.000237531	9.86391e-06	-0.0256614	0.0560107	0.0511888
-3.2952e-05	-0.000232784	1.21094e-05	0.0215047	-0.0624182	-0.0443421
8.99448e-05	0.000237225	-5.64495e-05	-0.0290891	0.0717834	0.0594763
-0.000154385	0.000119174	3.26432e-05	-0.0241171	-0.0852499	-0.10384
-0.000250561	-0.000212331	-4.10651e-05	0.0415684	0.0107262	0.0956414
0.000127451	-6.86942e-05	6.2932e-05	-0.00563111	-0.0322522	-0.0508202
-0.000194283	0.000267829	-6.2547e-05	-0.015249	0.0195029	0.0327277
-4.42874e-05	-0.000263993	1.29971e-05	0.0193294	-0.0641233	-0.0367624
2.709e-06	0.000129249	5.48119e-06	-0.0204802	0.0568323	0.0127007
-3.54119e-05	0.000107183	1.98145e-05	0.0178725	-0.0629428	-0.0175943
-1.01718e-08	-0.000158661	2.84872e-06	-0.0272991	0.0561443	0.065189
-3.55109e-05	0.00015777	2.00155e-05	0.0226928	-0.0627356	-0.0529281
-0.000240848	-0.000226142	-7.78528e-05	-0.0114902	0.0117265	0.0568227
0.000206191	0.000239948	0.000101206	0.00862956	-0.0178748	-0.0561059
-0.000240624	-0.00022552	-7.77926e-05	-0.0113971	0.011747	0.0562863
-3.48022e-05	0.000161394	2.01115e-05	0.0229614	-0.0627629	-0.0551134
4.28059e-07	-0.000145177	3.26787e-06	-0.0260267	0.0564197	0.0556139
-3.54002e-05	0.000161323	2.00418e-05	0.0229862	-0.0627545	-0.0552179
9.38946e-05	-0.000135228	-6.16534e-05	-0.0276088	0.0724276	0.0550722
-4.14334e-05	0.000276435	8.67226e-05	-0.00599485	-0.0634717	-0.0776001
-0.000284877	-0.000345422	-5.40029e-05	0.0404343	0.0062809	0.0767013
0.000125458	9.90176e-05	6.75906e-05	4.62597e-05	-0.0326789	-0.0990611
-0.000259095	-3.46737e-05	-8.83956e-05	-0.0237989	0.00717084	0.123599
-4.93846e-05	1.8518e-05	1.7568e-05	0.0284495	-0.0640666	-0.107443
8.66612e-06	4.3409e-05	2.01932e-06	-0.0290703	0.0569498	0.0803036
-4.8737e-05	-5.46408e-05	1.8211e-05	0.0212169	-0.0638999	-0.0493018
9.68514e-06	4.78517e-05	2.26549e-06	-0.0283717	0.0570944	0.0747538
-4.55669e-05	-3.50455e-05	1.91948e-05	0.0238614	-0.0635138	-0.0680504
-1.80004e-05	0.000110472	-6.15873e-06	-0.0173149	0.0528773	0.00621747
-4.19057e-05	-0.000119812	1.87e-05	0.0127484	-0.0641456	0.0132713
-0.00023872	7.38239e-06	-7.96711e-05	-0.00895662	0.0125287	0.0377328
-5.33286e-05	-2.62537e-05	1.29025e-05	0.0194801	-0.0666187	-0.0587784
1.69355e-05	5.98672e-05	7.68214e-06	-0.0217457	0.0600913	0.0471527
-3.71448e-05	-3.25235e-05	2.14887e-05	0.0245106	-0.062794	-0.070599
6.25318e-06	4.74282e-05	2.06801e-06	-0.0275056	0.0573087	0.0716738
-4.25332e-05	-5.28774e-05	1.96214e-05	0.0214907	-0.063466	-0.0506859
-0.00017201	8.81891e-06	-5.76608e-05	-0.0153003	0.0244252	0.0563811
-4.25572e-05	-4.83427e-05	1.96014e-05	0.0219377	-0.0634952	-0.0545748
7.36378e-06	6.56782e-05	2.20515e-06	-0.0253235	0.0575253	0.0550102
-4.29517e-05	-4.80139e-05	1.95445e-05	0.0219631	-0.0634992	-0.0548306
0.000102522	7.2218e-05	-6.25281e-05	-0.0262702	0.0736011	0.0544286
-4.41773e-05	0.000138598	7.44518e-05	-0.01314	-0.0644787	-0.0566636
-0.000284076	-0.000313501	-4.58466e-05	0.0451299	0.00686093	0.0610514
0.000126279	6.64513e-05	7.10262e-05	-0.00600871	-0.03276	-0.0565396
-0.000121722	7.53401e-05	-4.32593e-05	-0.0212482	0.0331783	0.0539501
-5.20453e-05	-3.60358e-05	1.77793e-05	0.0211609	-0.0649499	-0.0634514
1.12035e-05	6.72559e-05	1.55114e-06	-0.0251732	0.0579779	0.0610773
-4.73413e-05	-0.000199533	1.97418e-05	0.0214995	-0.0641313	-0.0588627
-0.000261504	0.000309848	-9.28416e-05	-0.0109793	0.00735423	0.0600548
6.65891e-05	-0.000371791	6.08885e-05	0.0205054	-0.0426296	-0.0884407
1.28243e-05	0.000341439	-4.94674e-06	-0.0295944	0.0580045	0.0802421
-4.67906e-05	-0.000250062	2.8085e-05	0.0211583	-0.0642114	-0.0467207
-0.000485463	3.36079e-05	-0.000174305	0.000666297	-0.0351505	0.0570074
0.000472399	0.000212667	0.000205574	0.00336449	0.0340632	-0.100817
0.000119347	-0.000257381	2.07862e-05	-0.0119096	0.078391	0.0946673
0.000123883	0.000134673	9.99981e-05	-0.00128333	-0.031614	-0.0467536
-0.000382681	0.000194536	-0.000260039	-0.0348984	-0.0214886	0.0253392
-2.81572e-06	-0.000427813	0.000251782	0.0647895	-0.0475352	-0.0246804
-3.29399e-05	0.000590895	-0.000209026	-0.0597448	0.0422542	0.00151095
-0.000141555	-0.00057202	0.000168187	0.0239285	-0.0771662	0.0227637
-0.000294997	0.000397654	-0.000271294	0.0131559	-0.00310521	-0.00243923
4.24839e-05	-0.00032759	0.000219075	0.00290026	-0.0436208	-0.00468304
-0.000124463	-3.14604e-05	-0.000211583	-0.000286619	0.0292677	0.000154322
0.000385552	0.000283596	0.000239951	-0.00789632	0.0188913	-0.0237583
-0.000149996	-6.21118e-05	-0.000148985	-0.0134149	0.0256819	0.0604657
0.000293022	-5.48593e-05	0.000222375	-0.00340685	0.00189197	-0.0284286
-0.000366856	0.000136034	-0.000119961	-0.0030885	-0.0130111	0.0361356
-6.0988e-05	-0.0002481	3.12054e-05	0.0199619	-0.0660903	-0.0557961
-0.000482179	0.00016671	-0.000173356	0.000258932	-0.0348903	0.0519334
0.000271763	-0.000325552	0.00024652	0.0302205	9.2661e-05	-0.0487271
-1.75492e-05	0.000484246	-0.00018327	-0.0594589	0.0464707	0.045649
-1.03684e-05	-0.000450248	0.000179697	0.053129	-0.0517008	-0.046002
-3.16069e-05	0.000504937	-0.000197002	-0.0634286	0.0435405	0.0452323
3.14595e-06	-0.000514556	0.000235458	0.0647036	-0.0474564	-0.0437604
-0.00051163	0.000595418	-0.00038001	-0.0676345	-0.0480251	0.0427636
0.000399795	-0.000875088	0.000402962	0.121114	0.0307446	-0.0362947
-0.000449657	0.000962587	-0.000396853	-0.148645	-0.0410533	0.0328985
0.000445672	-0.000916171	0.000427191	0.137351	0.0403096	-0.0269843
-0.00046129	0.00106467	-0.000395444	-0.142879	-0.0423019	0.0323235
0.000366792	-0.000929953	0.000285555	0.114376	0.0207859	-0.0182552
-0.000422143	0.000657052	-0.000182986	-0.100415	-0.0287849	0.0604756
0.000352118	-0.000679936	0.000208599	0.104197	0.0158444	-0.0656603
-0.000623572	0.000776251	-0.000255311	-0.0856739	-0.0646694	0.0268321
0.000336201	-0.000921261	0.000191957	0.0928943	0.01221	-0.00461223
-0.000620198	0.000795292	-0.000252198	-0.0837804	-0.0647512	0.0104964
0.000409494	-0.000718041	0.000214	0.0943922	0.0262002	-0.0560241
-0.000389785	0.000689443	-0.000174223	-0.10387	-0.0219236	0.0627822
0.000605516	-0.000620854	0.000276526	0.0876682	0.0611218	-0.0619754
-0.000362325	0.000649834	-0.000258618	-0.100618	-0.0173068	0.0820101
0.000549279	-0.00061622	0.000329825	0.0916481	0.0510295	-0.0766181
-0.000876095	0.000563336	-0.000306978	-0.0689186	-0.109193	0.0369316
0.000322556	-0.000659464	0.000183927	0.095752	0.00821092	-0.0661723
-0.000561632	0.000686404	-0.000229496	-0.0981319	-0.053276	0.0575543
0.000235631	-0.000629762	0.000140806	0.0676452	-0.00782223	0.000892103
-0.000266056	0.000489068	-0.00010421	-0.0472066	0.00303728	0.015375
0.000639319	-0.000546468	0.000279039	0.0710419	0.0668525	-0.055429
-0.000496824	0.000733099	-0.000210452	-0.101539	-0.0416388	0.0417434
0.000343598	-0.000713999	0.000190857	0.0989216	0.0137452	-0.0461379
-0.000474532	0.000712131	-0.000201521	-0.0983264	-0.03795	0.0442976
0.000345704	-0.000720145	0.000192803	0.0998536	0.0147238	-0.0458733
-0.000618488	0.000647507	-0.000246687	-0.0876602	-0.0646154	0.0483999
0.000330827	-0.000709705	0.000185902	0.0963033	0.0117765	-0.0410609
-0.000620577	0.000624132	-0.000245757	-0.0876193	-0.0639576	0.0606924
0.00027699	-0.000523193	0.000152039	0.0698332	-0.000546433	-0.0656969
-0.000337049	0.000444458	-0.00012666	-0.0483067	-0.00926622	0.0435435
0.000803686	-0.000519881	0.000332092	0.0638789	0.0965409	-0.0483978
-0.000432321	0.000719925	-0.000283249	-0.0994688	-0.0299701	0.043021
2.26941e-05	-0.000235936	0.000105097	0.0107034	-0.0491861	-0.0514101
-0.000244855	-0.000149384	-1.74729e-05	0.0595185	0.0117653	0.0568093
0.000131206	-0.00012119	6.20516e-05	-0.0105261	-0.0307651	-0.0525784
-0.000543685	0.000167849	-0.00017112	0.00210091	-0.0462361	0.0514096
0.000244239	-0.000181312	0.00010288	0.000342129	-0.00949725	-0.0515204
3.86141e-05	0.000262564	2.14403e-05	-0.0152588	0.0615437	0.051245
-6.00626e-05	-0.000255246	4.45489e-06	0.0138061	-0.0654459	-0.0507567
0.000127192	0.000254617	-4.50214e-05	-0.0135937	0.0770125	0.0511191
-8.12423e-05	-2.19772e-05	5.16147e-05	-0.0260927	-0.06954	-0.0409951
-0.000288669	-1.27327e-05	-3.42304e-05	0.0518651	0.00349242	0.0617776
8.34517e-05	-0.000210719	3.66506e-05	-0.0133212	-0.0397779	-0.0560127
2.68667e-05	0.000259237	2.47908e-05	-0.0152474	0.0587549	0.0421781
-6.48403e-05	-0.000312038	-5.98309e-06	0.00870119	-0.065899	-0.0107822
-0.000235489	0.00035266	-5.81682e-05	-0.00443315	0.0109775	0.0428357
8.41778e-05	-0.000254994	3.37313e-05	0.00366774	-0.0390385	-0.0785783
1.71563e-05	0.000225904	3.13633e-05	-0.00918958	0.057066	0.0436993
-0.000196019	-0.000124515	-7.49999e-05	-0.0199132	-0.0909369	-0.0286678
-0.000298365	-9.33051e-05	-3.92719e-05	0.0568461	0.00127585	0.0327377
2.39201e-05	2.42359e-06	-9.99476e-06	-0.0385286	-0.0507955	-0.0259169
0.000209095	-2.55325e-05	0.000117081	0.0264164	0.0930255	0.0790294
0.000197182	1.69014e-05	5.55416e-05	-0.0220724	-0.0193207	-0.100171
-0.00062026	0.000532148	-0.000210018	-0.05878	-0.0603146	0.0355841
0.000384696	-0.000752287	0.000188506	0.105151	0.0186661	-0.0563606
-0.000622357	0.000652109	-0.00022472	-0.0852653	-0.0618142	0.0501539
0.000338335	-0.000858639	0.00027717	0.121916	0.0108636	-0.0468032
-0.000668186	0.00075096	-0.000319252	-0.103427	-0.0699792	0.0472523
0.000606163	-0.000432756	0.000213644	0.0459258	0.0565731	-0.0506112
-0.000719129	0.00054554	-0.000251216	-0.0664227	-0.078082	0.0485531
0.000634816	-0.000666177	0.000262046	0.0884803	0.0629553	-0.0496127
-0.000257498	0.000547713	-8.69925e-05	-0.0670403	0.00641461	0.0491189
0.000534322	-0.000586798	0.000215457	0.0666441	0.0438756	-0.0271265
-0.000889376	0.000594097	-0.00030602	-0.0691637	-0.109194	0.0293206
0.000152377	-0.000509191	8.05855e-05	0.0578677	-0.0258259	-0.0443411
-0.000578042	0.000593422	-0.000200665	-0.0720922	-0.0523107	0.0391626
0.000520538	-0.000709746	0.000227075	0.0971291	0.0420374	-0.0516042
-0.000390758	0.000723187	-0.000148408	-0.098612	-0.0183968	0.0475643
0.000623355	-0.000649042	0.000256414	0.0854368	0.0605784	-0.0497124
-0.000393448	0.000686624	-0.000242998	-0.0919295	-0.0190861	0.0480767
0.000368514	-0.000702709	0.000246346	0.0939877	0.0147081	-0.0483351
-0.000600824	0.000510525	-8.31399e-05	-0.05869	-0.0560257	0.0478394
7.2203e-05	-0.000154213	-0.000240744	-0.00563621	-0.0419988	-0.0517046
-0.000283155	-3.79211e-05	0.000277618	0.0410028	0.00436146	0.0514802
0.00027411	-0.000140045	-0.000119916	-0.00978487	-0.00506373	-0.0273462
-0.000379504	0.000299697	4.14923e-05	-0.00793913	-0.0143002	0.0325564
0.000341961	-0.000239545	-4.32993e-05	0.00156936	0.00795065	-0.0557997
-0.000525667	0.000119588	1.18209e-05	-0.000264409	-0.0410466	0.0794169
0.000615774	-0.00014416	4.80755e-05	-0.00738529	0.0572682	-0.0206895
-0.00062358	0.000294322	-1.33836e-05	0.0106964	-0.0585467	0.00380819
0.000326377	-0.000253604	-5.55946e-05	-0.00296922	0.00519327	-0.0628218
-0.000624851	6.23915e-05	-7.06332e-06	0.011268	-0.0590249	0.0684506
0.000597191	-8.76328e-05	2.98502e-05	-0.0132481	0.0539561	-0.0672368
-0.000628243	-0.000144729	8.21197e-06	0.046451	-0.0595552	0.0895455
0.000260243	0.000324024	-0.000114021	-0.0793653	-0.00711846	-0.0885194
-8.0066e-05	-0.000156018	0.000205058	0.0647776	0.0396863	0.0409262
-4.23083e-05	-0.000116293	-0.000184652	-0.011363	-0.0610079	-0.0530114
-0.000358146	0.000171624	8.00147e-05	0.00233033	-0.0107599	0.0502013
0.000623257	-0.000139246	3.98084e-05	-0.00793972	0.058252	-0.0508928
-0.000622752	0.000123674	-5.12799e-06	0.0108727	-0.0583787	0.050467
0.000401436	-0.000154607	-3.36356e-05	-0.00519879	0.0184826	-0.0509214
-0.000625605	0.00012744	-6.71415e-06	0.0101973	-0.059022	0.0505556
0.000600734	-0.000126738	3.01632e-05	-0.0124867	0.0542201	-0.043841
-0.000625505	0.000115953	-6.31609e-06	0.0106266	-0.0588465	0.0555341
0.000599296	-0.000119556	2.96666e-05	-0.0128957	0.0539539	-0.0465679
-0.000627244	0.000148548	-7.05192e-06	0.0102428	-0.0591375	0.0385349
0.000550225	-0.000115578	1.41969e-05	-0.0113035	0.0452831	-0.0537838
-0.000624875	0.000127231	-6.87057e-06	0.0104621	-0.0590099	0.0499117
0.000323524	-0.000164563	-5.87265e-05	-0.00333685	0.00472395	-0.0512895
-0.000449069	0.000188994	4.75449e-05	-0.00100043	-0.0273474	0.0509333
0.000344283	-0.000215004	-5.0427e-05	0.000385888	0.00835227	-0.0346635
-0.000617772	9.84582e-05	-4.58077e-06	0.0120758	-0.0580085	0.0611528
0.000593438	-6.07759e-05	2.96723e-05	-0.0130619	0.053625	-0.0791497
-0.000626584	0.000123929	-7.38537e-06	0.0105134	-0.0592378	0.0516118
0.000598182	-0.00011288	3.05291e-05	-0.0128632	0.0541958	-0.0506785
-0.000626529	0.000124863	-7.36053e-06	0.0106369	-0.0591988	0.0506513
0.000597695	-0.000111909	3.04839e-05	-0.0129539	0.0541361	-0.0509084
-0.000625879	0.000124055	-7.32595e-06	0.0107953	-0.0591431	0.0506108
9.89056e-05	-0.000207186	-0.000131968	0.0042978	-0.0357503	-0.0510906
-0.000468137	0.000212308	0.000135734	-0.00545628	-0.0309324	0.0509571
0.000411581	-0.000183605	-9.92726e-05	0.00119587	0.0206445	-0.0521481
-0.000359643	0.000185492	6.11726e-05	-0.0018491	-0.0103857	0.0519935
0.000623206	-6.14177e-05	3.59852e-05	-0.00995299	0.0582727	-0.0521684
-0.000624528	0.000156016	-5.49414e-06	0.0121722	-0.0586702	0.0607611
0.000270352	-0.000100728	-0.000189204	-0.0297448	-0.00400143	-0.0536557
-0.000372189	-0.000126439	0.000268508	0.0469654	-0.0152908	0.0626559
0.000278871	1.34072e-05	-0.000246845	-0.0413771	-0.00190364	-0.0331771
-0.000590072	0.000194044	7.8531e-05	0.0229422	-0.0532973	0.0440042
0.000621278	-0.000185398	3.99996e-05	-0.0094793	0.0581199	-0.0745765
-0.000622817	2.91354e-05	1.48841e-05	0.0151875	-0.0587523	0.0759836
0.000713891	-0.000262314	9.5272e-06	0.00356355	0.0750478	-0.0220308
-0.000416221	0.000308602	0.000110481	-0.00566778	-0.022416	-0.000633446
-0.000310468	0.000332518	-0.000299847	-0.0643535	-0.106318	-0.057769
-0.000606357	-0.000760729	9.28515e-05	0.100933	-0.0577039	0.0574721
0.000276425	0.000379133	-0.000120915	-0.0200278	-0.00268856	-0.0657553
-0.000326262	-0.000293916	9.6847e-05	-0.0016963	-0.00577894	0.0945513
0.000609472	0.000381242	1.5342e-05	-0.0154491	0.0556916	-0.0870664
-0.000336169	-0.000238787	0.000100538	0.0043323	-0.00920182	0.0388812
0.000397017	0.000173715	-0.000138808	-0.00469986	0.0204809	-0.0711129
-0.000592689	0.000311281	8.70328e-05	-0.0225217	-0.0536976	0.0816411
0.000271528	-0.000678499	-5.95526e-05	0.0493829	-0.00484769	-0.0623043
-0.000547097	0.000595162	1.6429e-05	-0.0359306	-0.0448902	0.0495621
0.000384391	-0.000437808	-4.89371e-05	0.00696937	0.0163497	-0.0510105
-0.000496382	0.000296537	9.75514e-05	0.0185321	-0.0373506	0.0482577
0.000600287	-0.000290168	-2.09785e-05	-0.0192776	0.0554307	-0.0489112
-0.000622905	0.000332881	1.79516e-06	0.0114415	-0.0591276	0.0492955
0.000176753	-0.000353437	-0.000125219	-0.00241839	-0.0205432	-0.0500351
-0.000457177	0.000390923	0.00015381	-0.00325775	-0.0304077	0.0501898
0.000401695	-0.000289748	-0.000121284	-0.00213017	0.0202947	-0.0511133
-0.000352607	0.000177715	8.3403e-05	0.00170341	-0.0101329	0.0511596
0.000343172	-0.000158043	-7.55993e-05	-0.00369408	0.00889363	-0.0514071
-0.000367636	0.000172767	9.47608e-05	0.00139713	-0.0129642	0.0511806
0.000340394	-0.00017143	-7.24907e-05	-0.00325307	0.00831174	-0.0460612
-0.000622485	0.000158254	1.63386e-05	0.0163537	-0.0588982	0.0743781
0.000603424	-0.000177695	5.14173e-06	-0.0162576	0.055116	-0.0481836
-0.000394438	0.000171416	9.50595e-05	0.00548818	-0.0182813	0.0271437
0.0003045	-0.00012795	-9.11945e-05	-0.00842498	0.00258461	-0.056864
-0.000624746	4.53525e-06	2.04949e-05	0.0184493	-0.0594916	0.0905436
0.000511432	9.2339e-05	-2.58312e-05	-0.0174653	0.0388011	-0.0819516
-0.000620585	-0.000222344	2.74376e-05	0.0186454	-0.0582239	0.0573842
0.000382281	0.000230643	-7.10708e-05	-0.0097876	0.0156639	-0.0357099
-0.000496843	4.59195e-05	6.97812e-05	-0.0204659	-0.0361066	0.0284636
0.000153237	-0.000121585	-0.000148613	0.0195044	-0.0250437	-0.042244
-0.000320597	-8.94035e-05	0.000122369	0.00830131	-0.00599087	0.0568842
0.00061749	0.000160897	1.34838e-07	-0.0181118	0.0574882	-0.069421
-0.000617859	-0.000115019	3.19893e-05	0.0174237	-0.0584314	0.044716
0.000681504	0.000122124	-7.07539e-05	-0.0170064	0.0708682	-0.0509609
-0.000366405	-9.2982e-05	0.000183871	0.0130334	-0.0159725	0.0487105
-0.000293256	0.000350284	-0.000298734	-0.0599135	-0.100664	-0.0427256
-0.000299087	-0.00046425	0.000166965	0.0807963	-0.00510545	0.0393143
0.000494101	-2.7951e-05	-2.92015e-05	0.00866577	0.0352685	-0.0524322
-0.000485533	9.08736e-05	5.92917e-05	-0.020013	-0.0345645	0.0532304
0.000585675	0.000134446	-1.10044e-05	-0.0208596	0.0526285	-0.048311
-0.000598105	0.000103356	1.36471e-05	-0.0231734	-0.0572287	0.0498888
0.000151413	-0.000104637	-0.000129005	0.0233058	-0.0230267	-0.0510335
-0.000334753	-6.70165e-05	0.00012138	0.00883291	-0.00830258	0.050098
0.000343502	4.58451e-05	-8.44204e-05	-0.00474634	0.00934107	-0.0497005
-0.000365124	-4.22748e-05	0.000107938	0.00417326	-0.014079	0.0501082
0.000339463	2.66699e-05	-8.65555e-05	-0.00461623	0.00856846	-0.0394604
-0.000602718	-0.000135277	2.89185e-05	0.0170507	-0.0589319	0.0557782
0.000306418	0.000167708	-9.27959e-05	-0.00996769	0.00534187	-0.0548101
-0.000263812	-5.32173e-05	0.000142679	-0.00102978	0.00385248	0.0414629
0.000376611	-8.72213e-05	-7.50333e-05	0.00527012	0.0154053	-0.0152672
-8.97071e-05	-3.2971e-05	0.000159753	-0.00562972	0.021118	0.0647347
4.85183e-05	0.000315186	-9.66595e-05	-0.00831175	-0.0101465	-0.0699325
-0.000413692	-0.000218019	5.75936e-06	0.0117285	-0.0593819	0.00039505
-0.000431876	-3.66305e-05	-0.000237375	0.0133585	-0.090709	-0.0115196
0.000182536	-0.000113589	0.000292905	0.0126672	0.0430201	-0.00854228
0.000187649	0.000168367	-0.000121509	-0.0217258	0.0198549	0.00264443
-0.000355922	0.000141491	-3.50915e-06	-0.0339827	-0.0451666	0.00452648
-2.58446e-05	-5.16784e-05	-0.000108555	0.0252041	-0.0211184	-0.0262482
6.40631e-05	-0.000304883	0.000171641	0.0415089	0.0235388	0.00870576
-2.86796e-05	0.000588046	-0.000146403	-0.0922702	-0.0161118	-0.00225491
0.000129038	-0.000604955	0.000212108	0.0956331	0.0318992	0.000282185
-0.000140749	0.000606193	-0.000182816	-0.0955284	-0.0351477	-0.00148364
4.41805e-05	-0.000611268	0.000184616	0.0968267	0.0169545	0.000160187
-0.000325742	0.00055021	-0.00023854	-0.0851762	-0.0676899	-0.00372799
-5.15006e-05	-0.000585614	0.000242243	0.0919355	-0.00185001	0.000862867
-0.000293917	0.000565648	-0.000297127	-0.0876312	-0.0601862	-0.00312342
0.000122737	-0.00059923	0.000192741	0.0941058	0.0313921	0.00142954
-6.75625e-05	0.000623181	-0.000164674	-0.0982135	-0.0224665	-0.00148802
0.000316304	-0.000546702	0.000267924	0.0843654	0.0649335	0.00287814
-0.000135445	0.000602982	-0.000180649	-0.0944331	-0.0343747	-0.00212697
5.07356e-05	-0.000626648	0.000186162	0.0973643	0.0181921	0.00599476
-0.000328347	0.000544432	-0.000239272	-0.0838941	-0.068285	-0.00349089
3.37507e-05	-0.000628062	0.000179889	0.0956336	0.0154215	0.0127333
-7.43653e-05	0.000606515	-0.000162065	-0.0975621	-0.0236868	0.00578942
-0.00011195	-0.000406158	0.000125699	0.0676761	-0.00870304	-0.00728514
-8.22646e-05	0.000319307	-0.00014569	-0.0432148	-0.0278036	-0.020669
-0.000180435	-0.000431695	9.94578e-05	0.0602452	-0.0197388	0.0371654
-2.54974e-05	0.000378807	-0.00013179	-0.0520504	-0.0180922	-0.0316568
0.000280368	-0.000137779	0.000238201	0.0207489	0.0620892	0.00518077
0.000261197	-0.000105843	-1.81237e-05	0.0202456	0.028031	-0.000799891
-0.0002616	2.8175e-05	5.36909e-05	-0.00999604	-0.0299795	0.000860563
-0.000290284	0.000343704	-0.000223786	-0.0623261	-0.0626017	0.0253749
-5.49651e-05	-0.000522147	0.000175827	0.0855503	-0.000495359	0.0183858
-0.00036446	0.000597894	-0.000265441	-0.0812318	-0.0734414	-0.0703551
5.79304e-05	-0.000751852	0.000273708	0.105309	0.0159395	0.0401972
-4.62062e-05	0.000492631	-0.000209616	-0.067302	-0.0178769	-0.0281073
0.000276504	-0.000171299	0.000220353	0.0170242	0.0618049	0.00843156
-0.000263727	0.000175885	-0.000203341	-0.0156172	-0.0604916	-0.0166961
-1.355e-05	5.3212e-05	0.00012878	-0.0266718	0.0142733	0.0268616
0.000190792	-0.000189691	-3.26864e-05	0.0512997	0.0131657	-0.0312281
-0.000197545	-3.0605e-06	7.34467e-05	-0.0142967	-0.0183526	0.018525
0.000128893	0.000129729	-7.08271e-05	-0.00782926	0.00630803	-0.0163548
-0.000426363	-0.000173685	8.59099e-06	0.0167192	-0.0595724	0.013333
0.00040306	0.000190517	1.54885e-05	-0.0192217	0.054304	-0.0141822
-0.000601138	-1.98796e-05	-5.52399e-05	-0.0111425	-0.0877676	0.0182886
-8.73594e-06	-5.12237e-05	-0.000105769	0.0250497	-0.0197163	-0.022256
-8.33391e-05	-0.000107772	0.000115664	0.00437425	0.000229246	0.0161565
0.000427155	0.000166863	2.39913e-05	-0.0149462	0.0582506	-0.0149508
-0.00042376	-0.000172748	9.76289e-06	0.016519	-0.0592348	0.0134568
0.000407332	0.000184687	1.66031e-05	-0.0181502	0.0550289	-0.0144149
-0.00042663	-0.000170664	8.72055e-06	0.0161297	-0.0596726	0.0135147
0.000134634	0.000124387	-6.8705e-05	-0.006972	0.00715054	-0.0161963
-0.000427596	-0.000169917	8.4892e-06	0.0160455	-0.0598024	0.0134995
0.000404809	0.000186951	1.57679e-05	-0.0185803	0.0546468	-0.014325
-0.000598904	-1.74276e-05	-5.48113e-05	-0.0115442	-0.0875214	0.0183901
8.53693e-05	-2.85008e-05	-7.48412e-05	0.0207729	-0.00310182	-0.0214328
-6.95048e-05	-0.000104628	0.000118744	0.00382228	0.00242018	0.0163463
0.000498994	9.77134e-05	5.16828e-05	-0.00247586	0.0700556	-0.0173936
-7.3136e-05	-1.16602e-05	0.000112209	-0.0131252	0.00283801	0.0192004
-7.06486e-05	0.000231602	-0.000228228	-0.0266526	-0.0239072	-0.0114142
-0.000271482	-0.000427275	0.000231379	0.0627623	-0.0406297	0.00364797
0.000259861	0.000414886	-0.00018357	-0.060293	0.0367708	-0.00469012
-0.00028108	-0.000410304	0.000214836	0.0596638	-0.0416255	0.00426538
-0.000515186	0.000444829	-0.000349042	-0.0646662	-0.0993682	-0.00561118
8.73437e-05	-0.000601717	0.000276715	0.0934636	0.0218181	-0.000579935
-0.000285607	0.000553817	-0.000298211	-0.0841421	-0.0578048	-0.00263502
0.000598919	-0.000471001	0.000339631	0.069019	0.113675	0.00530582
3.86953e-05	0.000465799	-0.000120374	-0.068427	-0.00483854	-0.00611364
0.000214681	-0.000440315	0.000228885	0.063822	0.0475955	0.00548351
-0.000484864	0.000553669	-0.000291459	-0.0837843	-0.0943059	-0.00327665
-0.000107708	-0.000464933	0.000128795	0.0685977	-0.00785463	0.00435234
-0.000500862	0.000316567	-0.000289647	-0.0537396	-0.0992847	-0.00869937
0.000106841	-0.000683781	0.000296105	0.0940919	0.0254782	0.000990227
-1.69226e-05	0.000550109	-0.000200338	-0.0632327	-0.0142884	-0.00870929
8.99612e-06	-0.000231646	0.000137069	0.0305556	0.0156739	0.0133744
0.000189196	0.000389864	-6.4772e-05	-0.0530479	0.0194512	-0.0111071
0.00022899	-0.000584324	0.000235471	0.0662797	0.05177	0.00876309
-0.000432139	0.000716242	-0.000322894	-0.0953602	-0.0863437	-0.00662349
6.16729e-05	-0.000634332	0.000225602	0.099137	0.0206626	-0.00866475
-0.000313567	0.000636597	-0.000228518	-0.0814408	-0.0681796	-0.0396785
3.30106e-05	-0.000701689	0.000183928	0.0902997	0.0177791	0.006364
-6.44958e-05	0.000633877	-0.000159127	-0.0925222	-0.0243974	0.0267389
0.00029594	-0.000528701	0.000267608	0.0809946	0.0653602	0.0202237
-0.000138472	0.000632259	-0.000182729	-0.0932295	-0.0377641	-0.0227265
-0.000112784	-0.00049029	0.000125479	0.0696002	-0.00629652	0.0223634
-0.000466117	0.000372119	-0.000281298	-0.0513221	-0.0983493	-0.0118966
0.000120663	-0.000611379	0.000216702	0.0944703	0.0338713	0.0105444
-0.000304109	0.000547868	-0.000237506	-0.0805268	-0.0678022	-0.0189987
0.000347166	-0.000526089	0.000284635	0.0773312	0.0744673	0.016784
7.76429e-05	0.000477755	-0.000102134	-0.0706913	-0.000225514	-0.011955
0.000184544	-0.000430205	0.000222071	0.0615956	0.0463342	0.0128252
-0.000257452	0.000721078	-0.000289962	-0.111735	-0.0569794	-0.0172094
0.000130827	-0.00065416	0.000264871	0.101332	0.0344905	0.0130292
-0.000344145	0.000521362	-0.000238148	-0.0789488	-0.0752212	-0.00937537
-0.000119294	-0.000446807	0.000128129	0.0681059	-0.00759286	0.00247433
-0.000470917	0.000380207	-0.000281893	-0.0545015	-0.0990379	-0.0337
0.000299243	-0.000739375	0.000378313	0.116993	0.0637068	0.0298748
-0.000346017	0.000628119	-0.00032691	-0.097134	-0.0736195	-0.00588091
0.000523459	-0.000350128	0.000320071	0.0575152	0.106724	-0.0186545
-6.49115e-05	0.000534423	-0.000165845	-0.0973629	-0.0245917	-0.0136578
3.52597e-05	-0.000386678	0.0001846	0.09416	0.0192779	0.0387628
-0.000129501	0.000197237	-0.000183732	-0.0914429	-0.0366891	-0.00470584
3.05368e-05	-0.000161567	0.00018491	0.0915101	0.0187174	0.00410932
-0.000311375	0.000119003	-0.000240823	-0.0802573	-0.0695586	-0.00966488
2.29739e-05	-0.00018778	0.000182206	0.0912392	0.0174954	0.0163678
-0.000311863	0.000122406	-0.000241111	-0.0805334	-0.0695703	-0.0117116
-8.56255e-05	-5.51018e-05	0.000150396	0.0685824	-0.00102575	0.0134186
-0.000219368	5.17766e-05	-0.000215103	-0.0671124	-0.0534652	-0.0149078
0.000302612	-0.000208466	0.000271566	0.0815295	0.0674717	0.0118838
8.55178e-05	0.000258717	-0.000101085	-0.069563	0.000991624	-0.0160639
0.000180446	-0.000340974	0.000220671	0.0606981	0.0465055	0.0137972
-0.000249939	0.000893925	-0.000327451	-0.120637	-0.0560263	-0.00906659
0.000324252	-0.000840641	0.000354212	0.0974298	0.0694772	0.00476582
-0.00053976	0.000513636	-0.000268192	-0.0590987	-0.112143	-0.0279868
9.74334e-06	-0.000573545	0.000165424	0.0886177	0.0155529	0.020882
-0.000303164	0.000491269	-0.000241219	-0.0814997	-0.0686861	-0.00424266
-3.53824e-05	-0.000520506	0.000254343	0.0884738	0.00665502	-0.00408705
-0.000258711	0.000592995	-0.000293732	-0.084576	-0.0603845	-0.0386232
0.000549727	-0.000554061	0.000334049	0.0685997	0.113326	0.069799
-8.67187e-05	0.000605627	-0.000174067	-0.0947406	-0.0302857	-0.056184
3.20336e-05	-0.000482167	0.000184522	0.0928161	0.0196043	0.0372055
-0.000304849	0.000210899	-0.000239088	-0.0795602	-0.0695052	-0.00990398
1.83826e-05	-0.000150232	0.000180529	0.0898733	0.0174821	0.0168301
-0.000298275	0.000169519	-0.000237831	-0.080229	-0.0689193	-0.0381709
3.67593e-05	-0.00023282	0.000187015	0.0893066	0.0215011	0.0476557
-5.93135e-05	0.00022521	-0.000163044	-0.0954711	-0.0258238	-0.022335
0.000272577	5.2104e-06	0.000262285	0.0753203	0.0635385	-0.0391841
-9.23238e-05	0.000106459	-0.000171105	-0.0904687	-0.0308671	0.0256748
1.70976e-05	-0.000326386	0.000180037	0.0910007	0.0184049	0.0260076
-0.000103941	0.000407602	-0.000175842	-0.0917719	-0.0340208	-0.0134037
1.33319e-05	-0.00038072	0.000179701	0.0907589	0.0183262	0.0161659
-0.000295199	0.000330785	-0.000237778	-0.08014	-0.0694089	-0.0161961
-7.61928e-05	-0.000386805	0.000242811	0.0909706	0.00199994	0.0150081
-0.000243132	0.000371212	-0.000291789	-0.0822543	-0.0598488	-0.0313971
0.000111634	-0.000460053	0.00028047	0.107979	0.0352533	0.00159623
-9.21291e-05	0.000420076	-0.000239582	-0.108358	-0.0314471	0.0227019
8.37464e-06	-0.000253638	0.000157703	0.0844785	0.0172578	-0.0392986
-5.47185e-05	0.000256132	-0.000163664	-0.0915714	-0.0259361	0.061734
0.00026921	-0.00025704	0.000259615	0.073879	0.0647137	-0.00525333
-0.000138553	0.000394836	-0.000185473	-0.0893596	-0.0407252	-0.0220744
-0.000115213	-0.000253393	0.000120803	0.0666047	-0.00480539	0.0167555
-0.000454318	0.000177607	-0.000277916	-0.0471284	-0.0976788	-0.0326153
9.65512e-05	-0.000412216	0.000207026	0.0917003	0.03202	0.0274374
-0.000282941	0.00027745	-0.000206919	-0.0705517	-0.0669252	-0.0154956
0.000381121	-0.000239376	0.000278234	0.062886	0.0851575	0.0188197
0.00011228	0.000333694	-9.73707e-05	-0.0736157	0.0031863	-0.0358939
0.000156873	-0.000266642	0.000211378	0.0573389	0.0451652	0.0506927
-0.000438136	0.000355532	-0.000286671	-0.0789463	-0.0948005	-0.0316067
-0.000126193	-0.000247882	0.00011697	0.065262	-0.00632479	0.0171872
-0.000158533	0.000248246	-0.000183103	-0.0645116	-0.0448103	-0.0174969
-9.50596e-05	-0.000278537	0.000132617	0.0706625	-0.00107144	0.0178301
-5.48011e-05	9.65638e-05	-0.000134587	-0.0371941	-0.0268963	-0.0175287
0.000190242	-0.000279447	0.000228151	0.0621275	0.0507583	0.0179466
-7.97457e-05	0.000373011	-0.000169169	-0.0962649	-0.0304667	-0.0345995
1.09681e-05	-0.000242718	0.000176278	0.0877583	0.0186664	-0.00104881
-0.000296103	0.000296138	-0.000238308	-0.077758	-0.0706406	0.0084742
1.39224e-05	-0.000382197	0.000177952	0.0882864	0.019354	0.0260998
-5.09063e-05	0.000435661	-0.000142286	-0.0894493	-0.0259535	-0.0536762
7.74076e-06	-0.000402611	0.000164682	0.0858758	0.0187874	0.046771
-5.40923e-05	0.000341891	-0.000161159	-0.0929768	-0.0267889	-0.037322
1.15484e-05	-0.000335791	0.000175676	0.0875343	0.0198538	0.0411704
-4.90459e-06	0.000398274	-7.59969e-05	-0.0774507	-0.0183711	-0.0548904
-0.000150735	-0.00015722	5.87472e-05	0.0541202	-0.00927249	0.00581495
-0.000436604	9.01752e-05	-0.000285438	-0.0488435	-0.0974627	0.0207252
0.000119029	-0.000420454	0.000212309	0.0860432	0.0390363	0.0325724
2.02129e-05	0.000248478	-1.02035e-05	-0.0610182	-0.0141254	-0.0162079
-0.000135887	4.24155e-05	-0.000184199	0.0134363	-0.0070304	0.0198093
0.000253891	-0.000176492	0.000300835	0.0127777	0.0278447	-0.0193241
-0.000113889	0.00037943	-0.000226952	-0.0492888	-0.00136265	0.0192177
3.96501e-05	-0.000194271	0.000136432	0.0153109	-0.0117512	-0.019084
4.52401e-05	-0.000129098	0.000193712	0.0431975	0.027418	0.0201876
-0.000361503	0.000231771	-0.000411164	-0.0616584	-0.0850057	-0.0200301
0.000326683	-0.000208959	0.000424582	0.0574439	0.0790464	0.0208665
-0.000874978	0.000159473	-0.000485876	-0.0394381	-0.178621	-0.0464294
0.000512012	-0.000247734	0.000328072	0.0579707	0.112203	0.0410392
-9.93545e-05	0.000415715	-0.000177694	-0.0890433	-0.0360101	-0.0383622
1.16712e-05	-0.000401594	0.000175636	0.0868125	0.0203113	0.0390502
-0.000289748	0.000308581	-0.000236384	-0.0764422	-0.0709842	-0.017038
-7.29891e-05	-0.000391039	0.000241656	0.090052	0.00492301	0.0225712
-0.000229533	0.000326704	-0.000286611	-0.0780732	-0.0600889	-0.0210903
3.60683e-05	-0.00036442	0.000167363	0.0853094	0.0246917	0.0220532
-4.92297e-05	0.0003978	-0.000161813	-0.0909962	-0.026863	-0.021433
1.21059e-05	-0.000370081	0.000176097	0.0863799	0.0205049	0.0217314
-3.98813e-05	0.000362314	-0.000127893	-0.0845149	-0.0252707	-0.0213271
1.94203e-06	-0.000343952	0.000153376	0.0815732	0.0187389	0.0215934
-5.69877e-05	0.000403959	-0.000164725	-0.0920174	-0.028433	-0.0212702
0.00024991	-0.000283016	0.000253789	0.0702632	0.0640985	0.0218283
-0.000321591	0.000298795	-0.000247046	-0.0726855	-0.0766276	-0.0215409
1.43392e-05	-0.000370206	0.000176841	0.0863392	0.0207528	0.0217734
-5.365e-05	0.000401381	-0.000152076	-0.0892511	-0.0275004	-0.0284798
-6.79146e-05	-0.000395975	0.000238071	0.0889999	0.0057334	0.0270575
-0.000465427	0.00014637	-0.00036473	-0.0594155	-0.103395	-0.0358317
-9.77403e-06	-0.000231808	0.000190772	0.0712754	0.0169427	0.0352014
-0.000200232	0.000308257	-0.000242413	-0.0659946	-0.0556171	-0.0359748
0.000324157	-0.000255817	0.00027259	0.0646999	0.0789224	0.0260162
8.23108e-05	0.000173891	-9.67464e-05	-0.0657108	-0.00408045	-0.0445121
0.000140224	-0.000106597	0.000204886	0.0504207	0.0461839	0.0382746
-0.000189496	0.00052317	-0.000315074	-0.114162	-0.0562776	-0.0110936
0.000262483	-0.000343979	0.00034086	0.0879868	0.0698965	0.00848926
-0.000475064	0.000145321	-0.000214842	-0.0355716	-0.107305	-0.0487734
-9.44661e-05	-0.000173993	-7.51078e-05	0.0317293	0.00200562	0.0577343
-0.00012208	-0.000120463	0.000158059	0.00551844	-0.0406902	-0.0100535
-0.000251575	9.72093e-05	-0.000174114	0.00783841	-0.0276999	0.000822254
6.9611e-05	-0.000116901	7.04005e-05	-0.00230625	-0.00574455	-0.00373381
0.000185659	0.000271648	2.64281e-05	-0.0205566	0.0528698	-0.0272649
-0.0001516	-0.000214688	1.1577e-05	0.0112136	-0.0459217	0.0191845
-4.46923e-06	0.000149428	-3.51263e-05	-0.0114703	0.0169118	0.0305734
-1.85502e-05	-0.000155586	5.73956e-05	0.00303953	-0.0212681	0.000831764
-4.74517e-05	0.000186732	-4.90023e-05	-0.00566158	0.00914717	-0.0102505
0.00022854	-4.32817e-05	0.000139517	-0.0131732	0.0242737	-0.0130809
-0.000108232	0.000114646	-6.95365e-05	-0.0033554	-0.00217008	0.022523
-0.000221978	-0.000207909	-1.06802e-05	0.0193855	-0.0588979	-0.019543
-0.000276119	5.29111e-05	-0.000125827	0.0086454	-0.0334317	0.0212412
-7.59317e-05	-0.000142228	0.000132261	0.00800928	-0.030789	-0.0208579
-0.000141515	9.71037e-05	-0.000151507	-1.26213e-05	-0.00920257	0.0211368
0.000236835	-2.60072e-05	0.000125302	-0.0134776	0.0257182	-0.0208637
-4.33281e-05	0.000143895	-5.20122e-05	-0.00861494	0.00977971	0.020799
0.000242628	-2.26709e-05	0.000143781	-0.0140117	0.026958	-0.0208121
-0.000108182	0.000116117	-6.99838e-05	-0.00356095	-0.00232158	0.0209922
-0.000218539	-0.000198345	-1.01291e-05	0.0213343	-0.0581529	-0.0294499
-0.000272851	3.96957e-05	-0.000125295	0.00827839	-0.0329778	0.028287
-7.51223e-05	-0.000145806	0.000132371	0.0091853	-0.0305262	-0.0211636
1.59442e-05	0.000165371	-9.82119e-05	-0.0123009	0.0198765	0.0139709
8.35792e-06	-3.49876e-05	-8.57576e-06	-0.00735651	-0.0183498	-0.0547783
0.000219164	7.82888e-05	0.000161769	-0.000963583	0.0616657	0.0526379
-9.02976e-05	0.000256348	-0.000241259	-0.055601	-0.0398344	-0.0430519
-0.000190302	-0.000357428	0.000171748	0.0704739	-0.0112904	0.0186767
-4.89014e-05	0.000108254	-0.000108516	-0.0346783	-0.0300688	0.00522057
-0.000216753	-0.000175833	7.9487e-05	0.0502361	-0.0178309	0.0303289
-4.5189e-05	0.000110754	-0.000127348	-0.0377107	-0.0294517	-0.020903
0.000227843	1.86309e-05	0.000220679	0.0142149	0.0641482	0.0235602
-1.62863e-05	6.67962e-05	-0.000113044	-0.029802	-0.023989	-0.0215509
-0.00011051	-0.000264938	0.00012237	0.0661167	0.00225823	0.0245852
-4.8174e-05	0.000406905	-0.000160663	-0.0914228	-0.0317728	-0.0262269
-0.000148434	-0.000236803	0.000106032	0.0609891	-0.0046879	0.0244714
-0.000387466	0.000112118	-0.000259401	-0.0376583	-0.093931	-0.0237777
-6.5352e-05	-0.000239365	0.000140536	0.0614881	0.0108623	0.0247483
5.03633e-05	0.000116836	-9.459e-05	-0.0390203	-0.0116307	-0.0222401
0.000369061	-0.000106777	0.000286999	0.0369413	0.0909909	0.0246506
3.6675e-05	0.000263453	-0.00011386	-0.0655308	-0.014852	-0.0239056
-0.000342661	0.000134717	-9.46407e-06	-0.00617211	-0.0432641	0.0191524
2.41596e-05	-0.000259007	-6.08169e-05	0.0294299	-0.0151401	-0.0184639
-0.000387648	-1.12139e-05	-8.81189e-06	0.020475	-0.0508624	0.0201497
0.000152375	-7.69081e-05	-3.33887e-05	-0.00346231	0.00805631	-0.021207
-0.000182794	0.000100229	5.42232e-05	-0.000243898	-0.0134167	0.0207541
0.000373476	2.71166e-05	3.90644e-05	-0.0188428	0.0489454	-0.0478994
-0.000414048	7.66134e-06	-2.24017e-05	0.013984	-0.0561134	0.0406553
0.000337198	-0.000101866	1.97786e-05	-0.0210994	0.0421082	-0.0158372
-0.000406047	0.0001225	-1.57986e-05	0.0198574	-0.0548923	-0.00284395
0.000145788	-2.17889e-05	-3.16471e-05	-0.000373386	0.00683646	-0.0496006
-0.00019091	3.49896e-05	4.91785e-05	-0.00947895	-0.0144992	0.0885896
0.000147916	-3.9954e-05	-3.21937e-05	0.00201376	0.00701025	-0.0694871
-0.000412952	1.5521e-05	-2.52946e-05	0.0133028	-0.0560563	0.0365647
0.000371104	4.4763e-06	4.16443e-05	-0.0222145	0.0487812	-0.00861312
-0.000409877	-9.00545e-05	-2.43871e-05	0.0177691	-0.0556138	0.00233433
0.000373666	0.000400016	4.29315e-05	-0.0167879	0.0491084	-0.0505734
-0.000421998	-0.000489137	-2.61857e-05	0.00768193	-0.0572588	0.0876856
0.000149997	0.000248721	-2.94008e-05	0.00380478	0.00687344	-0.0688416
-0.000301867	3.03998e-05	-8.17544e-06	-0.020285	-0.0369361	0.0144057
0.000277843	3.732e-05	2.83291e-05	0.00472195	0.0320438	0.00877463
-0.000392455	-0.000215806	-1.33102e-05	0.0181372	-0.051471	0.0274205
0.0001539	0.000132856	-2.64166e-05	-0.00115977	0.00772508	-0.0302805
-0.000184639	-0.00011203	5.05233e-05	-0.00185113	-0.0132418	0.0289939
0.000148606	0.000125591	-2.91746e-05	-0.0037499	0.00660658	-0.0180207
-0.000412816	-0.000189308	-2.41425e-05	0.0152138	-0.0557561	0.0207876
0.000374049	0.00021625	4.47327e-05	-0.0197616	0.0488567	-0.0211867
-0.000412503	-0.000188709	-2.41491e-05	0.0152491	-0.0558118	0.0203303
0.000373484	0.000216787	4.46581e-05	-0.0197982	0.0487969	-0.0213766
-0.000412207	-0.000189009	-2.40792e-05	0.0153006	-0.0557749	0.0203119
0.000282303	0.000181073	1.47628e-05	-0.0132168	0.0316923	-0.0209575
-0.000412323	-0.000189036	-2.40528e-05	0.015317	-0.0557628	0.0202716
0.000382738	0.00018019	7.74721e-05	-0.0131184	0.0513048	-0.0203994
-0.000525063	-9.60386e-05	-6.99787e-05	-0.00171242	-0.0777432	0.0182353
-1.83479e-05	-9.6584e-06	-9.86149e-05	0.0219488	-0.0244194	-0.0190903
-0.000124531	-9.94923e-05	6.57373e-05	-0.00151142	-0.00206423	0.0202835
0.000389356	0.000162574	9.4019e-05	-0.00969715	0.0530514	-0.0200127
-0.000194061	-6.34631e-05	1.31345e-05	-0.00809219	-0.0159481	0.0187016
0.000144608	0.000134212	-3.85238e-05	-0.00478804	0.0056302	-0.0270389
-0.000408441	-0.000176416	-2.5329e-05	0.016016	-0.055191	0.0162441
0.000370426	0.000155077	4.37727e-05	-0.0189427	0.0481619	-0.0324806
-0.000525519	-0.000154319	-8.54697e-05	-0.00485379	-0.0781591	0.0225053
-2.72185e-05	5.04262e-05	-6.57117e-05	0.0296083	-0.0256465	-0.011236
-0.000127915	-6.94704e-05	6.81336e-05	0.00250652	-0.00245044	0.00708668
0.000380053	0.000223161	6.72158e-05	-0.00996816	0.0507063	-0.0502264
-0.000418972	-0.000210341	-4.06405e-05	0.00533444	-0.0566731	0.0625289
0.000475448	2.02647e-05	0.000102655	-0.00234363	0.0700825	-0.0087931
-0.000105591	0.000201671	5.38586e-05	-0.0204729	-0.000387197	-0.0220725
1.59432e-05	-0.000215164	-7.07771e-05	-0.00595708	-0.0169444	0.0157758
-0.000510629	0.000369616	-8.82444e-05	-0.00712324	-0.0794229	0.0254147
0.000207602	-0.000363599	1.5386e-05	0.012436	0.023648	-0.0238733
-0.000445509	0.000177522	5.11818e-05	0.0231865	-0.0639556	0.0300691
-1.684e-05	-0.000351819	-0.000141914	0.00998697	-0.0212379	-0.0282184
-0.000225705	0.000284666	0.000101435	0.00432726	-0.0232383	0.0235201
0.00023543	-0.000217169	-6.44764e-05	-0.00819714	0.025098	-0.0477107
5.13934e-05	0.000384579	0.000101819	-0.028305	0.0292638	0.0593772
0.000149876	-0.000244542	-2.63063e-05	0.00304962	0.00707198	-0.0597422
-0.000410174	0.000193985	-3.15513e-05	0.0133331	-0.0533233	0.0371562
0.000368024	-0.000179544	4.85642e-05	-0.0230718	0.045514	-0.0143388
-0.000324991	0.000243743	-1.9182e-06	0.00995461	-0.0366526	0.0183089
0.000154754	-0.000273024	-2.23504e-05	-0.00439234	0.00499055	-0.0169712
-0.000411661	0.000206447	-3.03785e-05	0.0172362	-0.0526497	0.0172353
0.000390288	-0.00014447	5.36667e-05	-0.0157468	0.0465326	-0.0520831
-0.000497976	9.37545e-05	3.23595e-05	0.0200193	-0.0658624	0.0433038
0.000212264	-7.25859e-05	-7.29433e-05	-0.0119103	0.0140557	-0.012576
-0.000291276	0.000146426	-3.04107e-05	-0.0190983	-0.0317686	0.0148845
0.000295194	-7.88583e-05	3.63379e-05	0.00264022	0.0321395	-0.0142924
-0.000390785	-1.84454e-05	-2.06134e-05	0.0211879	-0.047156	0.0159941
0.0001612	-5.98181e-05	-2.00182e-05	-0.00471181	0.0053733	-0.0159825
-0.000195156	9.02715e-05	4.05921e-05	7.60364e-05	-0.0110864	0.0153526
0.000364649	3.99672e-05	4.68663e-05	-0.0233783	0.043969	-0.0175522
-0.000409801	-6.92321e-06	-3.06148e-05	0.0180092	-0.051442	0.0159536
0.00015523	-5.71502e-05	-2.27128e-05	-0.00550784	0.00432936	-0.0160034
-0.000410815	-6.51448e-06	-3.07869e-05	0.0179729	-0.0514463	0.0156652
0.000388556	-5.0866e-05	0.000129998	-0.00689381	0.0509538	-0.0141124
-0.00050131	2.29713e-05	-3.62718e-05	0.012057	-0.0689722	0.0158075
0.000211387	-3.08288e-06	-7.94659e-05	-0.0122713	0.0128704	-0.0254587
-0.000289996	0.000180578	-3.3402e-05	-0.0189835	-0.0311226	0.0181562
0.00023606	-0.000117028	1.7481e-05	0.00549731	0.0205312	-0.012237
-0.000387319	-3.39582e-05	-2.01059e-05	0.0222046	-0.0461031	0.0154397
0.000385872	-2.84719e-05	0.000118043	-0.0103783	0.0496054	-0.0135034
-0.000417256	3.74321e-05	-8.08477e-05	0.00918679	-0.0540142	0.0131158
0.000358964	6.95393e-05	3.41299e-05	-0.0279935	0.0418948	-0.0170256
-0.00030611	0.000174127	-2.38289e-05	-0.015982	-0.033573	0.0121913
2.59104e-05	-0.00023064	-3.47087e-05	0.0270392	-0.0190167	-0.0110425
-0.000180974	7.61569e-05	3.968e-05	0.00184462	-0.00707481	0.0129253
0.000166108	-7.66258e-05	3.78961e-06	-0.00123146	0.00614112	-0.012922
-0.000410668	1.59743e-06	-4.94247e-05	0.0157292	-0.0509536	0.0128854
0.000367795	4.0029e-05	6.1207e-05	-0.022651	0.0437581	-0.0146654
-0.000409966	-3.17281e-06	-4.55901e-05	0.0165208	-0.0508503	0.0133189
0.000384235	-3.80661e-05	0.000131833	-0.00836103	0.0492586	-0.0121192
-0.000512314	9.45171e-05	-0.000117549	-0.00176176	-0.0728054	0.0109862
-1.37851e-05	-0.000174493	-0.000102291	0.0174156	-0.0286624	-0.0126029
-0.000260785	7.04124e-05	5.64475e-05	0.00211564	-0.0218628	0.0142437
0.000367544	4.03639e-05	1.46614e-05	-0.0219227	0.04305	-0.0156766
-0.000183192	4.48329e-05	3.43175e-05	-0.00378581	-0.00798838	0.0445266
0.000228169	4.4325e-05	-8.76455e-05	-0.00924921	0.0161302	-0.0600011
-3.06213e-05	0.000136837	0.00015765	-0.0123505	0.0189158	0.0272406
0.000107993	-0.000292074	0.000149397	0.038198	0.00490854	-0.0109916
-0.000482106	0.000400828	-0.00040929	-0.0580494	-0.0812078	0.00597793
0.000235166	-0.000495389	0.000376375	0.0755593	0.0356529	-0.00454905
-0.000550784	0.000359927	-0.000357402	-0.0508	-0.0924763	0.00785307
9.62368e-05	-0.000478222	0.000259635	0.0856704	0.00788781	-0.00623103
-0.000333169	0.000497758	-0.000300656	-0.0712325	-0.0516345	0.00784275
0.000431561	-0.000282802	0.000252274	0.0236543	0.0656285	-0.0144027
-4.58159e-05	0.000349168	-9.35008e-05	-0.0533224	0.00741586	0.0121857
9.0382e-05	-0.000406783	0.000163509	0.0687855	0.00306374	-0.0119318
-0.000206702	0.000629569	-0.000187404	-0.0847195	-0.0256576	0.0113332
0.000142601	-0.00062887	0.000191124	0.0735421	0.0128284	0.00954193
-0.000223011	0.000634625	-0.000185348	-0.077505	-0.0272805	-0.00370629
4.56468e-05	-0.000547826	0.000131963	0.0597609	-0.00697353	0.00493185
-0.000527128	0.000231782	-0.000267528	-0.0300809	-0.0816736	0.00699601
0.000128904	-0.000565656	0.000276187	0.0881848	0.0095286	-0.0117697
-0.000199609	0.000542539	-0.000212259	-0.057159	-0.0204762	-0.00169427
0.000176352	-0.000392029	0.000140263	0.0251772	0.0172963	0.0230217
3.64188e-06	0.000424834	-8.10765e-05	-0.0564113	0.00972889	-0.007369
0.000161521	-0.000236596	0.00016204	0.0320997	0.0210994	-0.0435938
-0.000423805	0.000126586	-0.000215365	-0.0179053	-0.0662443	0.0503747
0.00018357	-0.000178386	0.000164281	0.0330038	0.0201254	-0.0454766
-0.000326202	0.000328646	-0.000205702	-0.0519871	-0.0476325	0.0239092
0.000123275	-0.000548466	0.000189295	0.0787167	0.0111472	-0.00525333
-7.72595e-05	0.000447537	-0.000111086	-0.0651845	-0.00131955	0.0123562
0.000276102	-0.000297977	0.000214847	0.0446265	0.0376212	-0.0359334
-0.000251204	0.000556685	-0.000226876	-0.0871698	-0.0353156	0.0208528
0.000166586	-0.000359885	0.000194759	0.0520287	0.019394	-0.0244757
-0.000508921	0.000232022	-0.000258565	-0.0283089	-0.0819559	0.0222037
9.20495e-05	-0.000530397	0.000186235	0.0824622	0.0086572	-0.0229645
-0.000367907	0.000405331	-0.000237486	-0.0597766	-0.0583663	0.0215049
0.000191034	-0.000459215	0.000208034	0.0703646	0.0229483	-0.0262079
-7.83962e-05	0.000433528	-0.000113674	-0.066467	-0.0019351	0.025825
0.000396554	-0.000232578	0.000266374	0.026672	0.0679171	-0.015213
-0.000277382	0.000579035	-0.00028473	-0.0921457	-0.046556	0.0210141
0.000167154	-0.000507826	0.000245691	0.0868696	0.0178133	-0.0260954
-0.000244964	0.000437657	-0.00018119	-0.0722921	-0.0334887	0.0253822
1.88323e-05	-0.000434822	0.00013258	0.0605803	-0.00601715	-0.0128577
-0.000506803	0.000233848	-0.000262335	-0.0306898	-0.0822743	0.0261028
0.000208242	-0.000460019	0.00032899	0.104498	0.0271157	-0.0357124
-0.000419773	0.000151313	-0.000332291	-0.0779199	-0.0659819	0.0160658
0.000193361	-7.63887e-05	0.000188595	0.0599382	0.0250653	0.0210874
-0.000188073	0.000329515	-0.00017341	-0.0774324	-0.0210147	-0.0439789
0.000184469	-0.000329597	0.000191479	0.0725333	0.0138366	0.0108497
-0.000228856	0.000352188	-0.000171407	-0.0806097	-0.0208493	0.0268462
0.000366556	-0.000245732	0.000256744	0.0537796	0.0501167	-0.000313379
-0.000153888	0.000391723	-0.000239085	-0.0891274	-0.012947	-0.00950466
0.000340465	-0.000210404	0.000307731	0.0634973	0.0439024	-0.0227419
-0.000486539	0.000205635	-0.000242185	-0.0533599	-0.0708276	0.03302
0.000170354	-0.000320729	0.000192327	0.0758296	0.0132021	-0.0289981
-0.000425942	0.00019233	-0.000235652	-0.0599546	-0.0593326	0.0136962
9.73813e-05	-0.000285023	0.000205438	0.0755892	-0.000721108	-0.0180029
-0.000366288	0.000196619	-0.000248545	-0.060077	-0.048155	0.0174241
0.000183976	-0.00027579	0.000186362	0.0741307	0.0155851	-0.0176652
-0.00039712	0.000202622	-0.000231172	-0.061135	-0.0542107	0.0183592
0.000228263	-0.00024568	0.000208193	0.0686803	0.0236885	-0.0179686
-0.000172559	0.000273245	-0.000146924	-0.0740782	-0.0134773	0.0193148
0.000347928	-0.000143222	0.000240057	0.0499834	0.0453377	-0.0174085
-0.00014842	0.000378027	-0.000234312	-0.0936184	-0.00964782	0.0211014
0.000335766	-0.000228506	0.000305816	0.0628802	0.0436706	-0.0105581
-0.000476238	0.000193435	-0.00023741	-0.0550398	-0.0688273	0.0348441
0.000170499	-0.000297909	0.000191613	0.0760381	0.0130816	-0.0342168
-0.0001968	0.000320237	-0.000160463	-0.0816403	-0.0177058	0.0122376
5.66004e-05	-0.000256611	0.000128662	0.0591535	-0.00688979	0.0133316
-0.00055112	0.000159046	-0.000259227	-0.0300529	-0.0822618	0.0504431
0.000239913	-0.000661575	0.000322417	0.104925	0.0249244	-0.103991
-0.000459455	0.000592982	-0.000328331	-0.0791442	-0.0655605	0.0785711
0.000366752	-0.00046067	0.000188136	0.0377057	0.049241	-0.0391284
-0.000190689	0.00059912	-0.000118765	-0.0704551	-0.0172942	0.058034
0.000383014	-0.000383351	0.000247265	0.0536577	0.0499302	-0.0998943
-0.000172801	0.000462506	-0.000176924	-0.0737516	-0.0127938	0.0781832
0.000137315	-0.000220896	0.000162668	0.0445715	0.00481476	-0.0886509
-0.000573583	0.000119605	-0.000259709	-0.0304206	-0.0847964	0.0827404
0.000191337	-0.000399644	0.000195386	0.0769057	0.0153589	-0.0763361
-0.000423047	0.000294403	-0.000233235	-0.0601986	-0.0578491	0.080693
0.000203827	-0.000343801	0.000194146	0.0718972	0.0174831	-0.0914205
-0.000215942	0.000398664	-0.000168016	-0.0806641	-0.0203619	0.0858865
0.000159954	-0.000368081	0.000179515	0.075531	0.00944717	-0.0888577
-0.000110318	0.000315942	-0.000108235	-0.065735	-0.00107031	0.085682
0.000274154	-0.000211719	0.000196167	0.046558	0.0300072	-0.0860548
-0.000316241	0.00055161	-0.000312063	-0.108089	-0.0387135	0.0858854
0.000426313	-0.000401118	0.000344061	0.0743362	0.0576914	-0.067642
-0.000476981	0.000263482	-0.000229954	-0.052444	-0.0672519	0.0758146
0.000179364	-0.000331938	0.000189508	0.0762359	0.0127451	-0.0909451
-0.000367023	0.000301948	-0.00021328	-0.0676455	-0.0473786	0.0851965
0.000120039	-0.000487486	0.000251056	0.0850078	0.00255625	-0.0564981
-0.000387351	0.000371827	-0.000285453	-0.0688765	-0.0514918	0.0702977
0.000208024	-0.000379199	0.000219941	0.0819185	0.0181438	-0.0968561
-0.000442356	0.000315508	-0.000275128	-0.0678988	-0.0612574	0.0835677
0.000214053	-0.000288379	0.000189361	0.0673816	0.0208233	-0.0432191
-0.000218308	0.000111337	-0.000169357	-0.0794716	-0.02133	0.0629828
0.000389688	0.000181113	0.000250749	0.0537312	0.050172	-0.0987237
-0.000219608	0.00010745	-0.000161828	-0.0782297	-0.0200154	0.0829406
0.000177374	-0.000219041	0.000183393	0.073043	0.0129502	-0.0613714
-0.000249281	0.00023898	-0.000172054	-0.0750874	-0.0258869	0.0722649
0.00018197	-0.000173022	0.000181755	0.072505	0.0124077	-0.0962901
-0.000268259	0.000141922	-0.000175681	-0.0728228	-0.0284049	0.085403
0.000182836	-0.000190023	0.000182599	0.0727872	0.0129773	-0.0664956
-0.000498805	0.000109953	-0.000250343	-0.0510002	-0.0700048	0.0756998
7.48028e-05	-0.000263809	0.000230174	0.088336	-0.0074246	-0.0966587
-0.000396468	8.41029e-05	-0.000279405	-0.0636783	-0.0509479	0.0873662
0.000222298	-0.000104403	0.000179794	0.0657718	0.0200398	-0.0912276
-0.000222789	0.000162048	-0.000164884	-0.0760601	-0.0202631	0.090147
0.000182129	-0.000156692	0.000180803	0.0712118	0.0124329	-0.0781993
-0.000227026	0.000192388	-0.000162115	-0.0757454	-0.0208779	0.0845825
0.000136971	-0.000170061	0.000167872	0.0747825	0.00486157	-0.0923002
-0.000174794	0.000221564	-0.00022824	-0.0871295	-0.011091	0.0887224
0.000358108	-0.000154504	0.000299422	0.0605185	0.043053	-0.0464887
-0.000195457	0.000381309	-0.000160867	-0.070081	-0.0147812	0.0149499
0.0003356	-0.000558396	0.000252353	0.0529666	0.0402841	0.0065518
-0.000523022	0.000587685	-0.000251157	-0.0529567	-0.0744986	0.022291
7.73096e-05	-0.00042384	0.000117725	0.0575263	-0.00795124	-0.0444974
-0.000574525	0.000223605	-0.000252167	-0.0282801	-0.0819048	0.0122081
0.000175178	-0.000509481	0.000262941	0.0859384	0.0100647	-0.000739884
-0.000227286	0.000271775	-0.000198514	-0.0556178	-0.0205727	0.0385783
0.000217124	-0.000132146	0.000127765	0.0239821	0.0174815	-0.0503358
-5.60846e-05	0.000375428	-7.04586e-05	-0.0563407	0.0102878	0.0131799
0.000339286	-0.000305747	0.000208395	0.0433799	0.0395102	-0.00938053
-0.000319724	0.000447688	-0.000190726	-0.0737669	-0.0364463	0.0243613
8.1788e-05	-0.000372114	0.000113817	0.0568958	-0.00743173	-0.0331858
-0.00057377	0.000222603	-0.000250872	-0.0265405	-0.0811097	0.0152381
0.000218267	-0.000422736	0.000188899	0.0743994	0.0167636	-0.0191849
-0.000422745	0.000286366	-0.000193087	-0.0498083	-0.0544415	0.0260388
0.000263168	-0.000399935	0.000178187	0.0589996	0.0249664	-0.0286932
-0.000125153	0.000426297	-0.000105786	-0.0644091	-0.00174684	0.0203439
0.00053286	-0.000162047	0.000265867	0.0205555	0.0739082	-0.00556727
-0.000295771	0.000451474	-0.00026493	-0.0822431	-0.0308594	0.0438221
0.000152602	-0.00033168	0.000196574	0.0530701	0.00418753	-0.0480517
-0.000328364	0.000135475	-1.76218e-05	-0.00936014	-0.0389849	0.0112086
2.55584e-05	-9.7205e-06	-0.000184078	0.000681817	-0.0124377	0.00556728
-0.000229895	-0.000449477	0.000190074	0.0277147	-0.0249806	0.032274
-5.47923e-05	0.000415105	-0.000159788	-0.000155848	-0.02893	-0.0484521
-0.000155859	-0.000220939	6.54157e-05	0.0054493	-0.00898544	0.00898442
-9.37248e-05	4.87392e-05	-0.000126734	0.00867341	-0.0353781	-0.00829272
-0.000115854	-0.000152994	8.79686e-05	0.00368562	-0.00265611	0.0207432
0.000350158	0.000305806	3.6743e-05	-0.0288424	0.0426347	-0.0271465
-0.000385526	-0.000218074	-1.12807e-05	0.0235221	-0.0499467	0.0124744
0.000383495	0.00034238	-5.87461e-05	-0.0446951	0.0505707	-0.0112431
-2.5836e-05	-0.000152422	0.000178735	8.68179e-05	0.0125084	0.0256091
0.000158245	-9.52278e-05	0.000163025	0.0436278	0.00536929	-0.0300799
-0.000610549	0.000241274	-0.000415688	-0.0585418	-0.0834281	0.0211143
0.000340259	-0.000311414	0.000344372	0.069656	0.0355242	-0.0111916
-0.000643012	5.53577e-05	-0.00033011	-0.0413436	-0.0909372	0.039411
0.000134989	-0.000179701	0.000159927	0.0638666	0.000620008	-0.045756
-0.000325481	0.000306323	-0.000197924	-0.0606347	-0.0347187	0.0176961
0.000264259	-0.000538363	0.000189575	0.0689283	0.0244736	-0.00524012
-0.000120434	0.000553793	-9.45674e-05	-0.0609001	-0.000514917	0.0373766
0.000545239	-0.000204091	0.000258871	0.0163935	0.0731284	-0.0457096
-0.000452319	0.00058845	-0.000323952	-0.0953067	-0.0543778	0.0215831
0.000474141	-0.00049405	0.000329241	0.0709507	0.0583854	-0.0143745
-0.000507679	0.000233544	-0.000169272	-0.0318078	-0.0682296	0.0291642
0.000169056	-0.000332889	9.05741e-05	0.0538094	0.00681115	-0.0389034
-0.000390774	0.00023804	-8.29183e-05	-0.0298331	-0.0479246	0.0152729
-1.93248e-05	-0.000171421	-9.59773e-05	0.0154186	-0.0225347	-0.0115767
-0.000402777	-0.000165251	8.43391e-05	0.0416028	-0.0545693	0.0170192
1.66576e-05	2.94924e-05	-0.000154778	-0.00829178	-0.0148054	-0.0243114
-6.5215e-05	4.72498e-05	0.000101661	0.000159498	0.00666214	0.0144836
0.000329431	9.62166e-05	-3.33072e-06	-0.0356459	0.0402954	-0.00135279
-0.000368274	-0.000108116	7.2902e-06	0.0291723	-0.0473893	0.0249816
0.0003759	0.000298799	-6.14405e-05	-0.0480226	0.0492212	-0.028723
-7.93443e-06	3.59916e-05	0.000186649	-0.00197472	0.0152742	0.0123243
0.00023515	-0.000152917	1.23438e-05	0.00551439	0.0222065	0.00011416
-0.000463845	-6.01603e-05	-3.09502e-05	0.0190522	-0.063636	0.0317424
-0.000117821	5.35114e-05	-0.00014119	0.00112294	-0.0392	-0.0433862
-0.0004554	-0.000262223	6.73204e-05	0.0399702	-0.0636816	0.00457576
2.46098e-05	0.000230347	-0.000152951	-0.00738029	-0.0121408	-0.000780891
-5.79901e-05	-0.000234526	7.57091e-05	-0.0268802	0.00835033	0.0278835
0.000330266	0.000322236	3.73022e-05	0.00799617	0.0376531	-0.0351147
-1.24974e-05	-0.000125584	0.000115061	-0.0204379	0.0154897	0.0149043
0.000150855	0.000269375	-0.00013616	-0.0260286	0.0106351	-0.00610661
-0.000196687	-0.000233363	0.000130047	0.0170416	-0.018771	0.0197325
0.000117551	0.000124282	7.34986e-06	0.00505222	2.06351e-05	-0.0281544
-0.000631631	3.11957e-05	-0.000253056	-0.02864	-0.0863519	0.0185489
0.000213172	-0.000388506	0.000273559	0.0912857	0.00927277	-0.0204623
-0.000307878	9.65061e-05	-0.000192148	-0.0451345	-0.0299077	0.0357177
0.000199833	-0.000118864	0.000129275	0.0506081	0.0110577	-0.0388239
-0.000285449	0.000352634	-0.000158708	-0.0789711	-0.0252346	0.0242465
0.000433898	-0.000211443	0.000231079	0.0510695	0.0514144	-0.00901424
-0.000283044	0.000227709	-0.00015184	-0.0713377	-0.0257176	0.0405965
0.000222053	-0.000202188	0.000163388	0.0675629	0.0135498	-0.0474446
-0.000312133	0.000346493	-0.000157693	-0.0718072	-0.029803	0.0215274
0.000230226	-0.000352149	0.000165732	0.0724979	0.0152214	-0.0119787
-0.000325264	0.000205574	-0.000162138	-0.0672949	-0.0325549	0.0366645
0.000102736	-0.000130641	0.000103503	0.0535991	-0.00659857	-0.043073
-0.000605703	5.93406e-05	-0.000232621	-0.0239336	-0.0811466	0.0156678
0.00028608	-0.00049588	0.000286684	0.103536	0.0203746	-0.0216024
-0.000532355	0.000245172	-0.000300931	-0.0711766	-0.0655381	0.0286465
0.000303672	-0.000155218	0.000168046	0.0551258	0.0276776	-0.0327591
-0.000274158	0.000331627	-0.000148055	-0.0756394	-0.0225681	0.0259325
0.000237005	-0.000305306	0.000165128	0.0697852	0.0159637	-0.0169056
-0.000223746	0.000315767	-0.00020853	-0.0849526	-0.0123615	0.0361868
0.00040664	-0.000155468	0.000278202	0.0557006	0.0433834	-0.0374885
-0.000244646	0.000394771	-0.00019846	-0.0831576	-0.0159488	0.0282531
0.000413363	-0.000278693	0.000282757	0.0609141	0.0447532	-0.0144756
-0.000446821	0.000175691	-0.000259628	-0.0613059	-0.0511436	0.040255
6.19328e-05	-0.000176812	0.000152442	0.0609983	-0.0159632	-0.0464726
-0.000609492	4.39859e-05	-0.000187927	-0.0185798	-0.0826749	0.0157328
0.00023729	-0.000339577	0.000153431	0.0716805	0.015469	-0.014846
-0.000308147	8.78474e-05	-0.000133794	-0.0438132	-0.0299193	0.0337291
0.000496122	1.54474e-05	0.000224128	0.0251175	0.0610673	-0.0387589
-0.000304492	0.000346632	-0.000150681	-0.078751	-0.0270301	0.0263461
0.000230235	-0.000302287	0.000156171	0.0712473	0.0138022	-0.023149
-0.000310584	0.000250092	-0.000148369	-0.0715907	-0.0283619	0.0343856
0.000235491	-0.000243323	0.000157151	0.0696937	0.0141783	-0.0364479
-0.00049794	0.000198099	-0.000204659	-0.0564514	-0.0605643	0.0253621
0.000238372	-0.0002884	0.000158507	0.0719494	0.0147671	-0.0235699
-0.000494548	0.000163232	-0.000204307	-0.0550839	-0.0601638	0.0322757
0.000234965	-0.000245499	0.000157249	0.0698761	0.0140053	-0.0355186
-0.00027517	0.000325503	-0.000136351	-0.0759361	-0.0218456	0.0282695
0.000236757	-0.000308689	0.000158442	0.0721642	0.0146855	-0.0218525
-0.000146431	0.000182986	-7.76332e-05	-0.0591125	-0.00160056	0.0327028
0.000363114	-7.09578e-05	0.000181174	0.0385896	0.0377032	-0.0328406
-0.000313695	0.000357979	-0.000230085	-0.0837449	-0.0260307	0.0312156
0.000197531	-0.000183798	0.000185215	0.052068	0.00753431	-0.0236258
-0.000509704	-9.1478e-05	-0.000158151	-0.00779017	-0.0658474	0.0228035
3.24722e-05	-0.000127131	6.76829e-05	0.0470209	-0.0188516	-0.0296992
-0.000286316	5.17766e-05	-0.000106643	-0.0321319	-0.0263823	0.023827
0.000387657	-0.00011484	0.000190597	0.0435916	0.041672	-0.0259855
-0.000300253	0.000307953	-0.000142963	-0.0789656	-0.025997	0.0316492
0.000237631	-0.000270434	0.000153907	0.0716977	0.0146073	-0.0293651
-0.000147215	0.000207652	-7.46025e-05	-0.060823	-0.00143183	0.0293034
0.000147677	-0.000209195	0.000112034	0.0607082	0.000337128	-0.027937
-0.000341031	0.000298384	-0.00015348	-0.0773793	-0.03304	0.0317077
0.000107872	-0.000185119	9.46941e-05	0.0563659	-0.00630773	-0.0268889
-0.000570667	-2.69148e-05	-0.000201497	-0.0182448	-0.0749081	0.0227093
0.000265225	-0.000241715	0.000158883	0.0664839	0.0194971	-0.028551
-0.000511683	0.000190934	-0.000206078	-0.0577807	-0.0628877	0.0290975
0.000486304	-0.000158898	0.000231317	0.0515035	0.0580269	-0.0273554
-0.000229202	0.000349262	-0.000200367	-0.0861611	-0.0118835	0.0346942
0.000428439	-0.000211821	0.000274402	0.0606765	0.0461364	-0.0294807
-0.000288837	0.000318656	-0.000203201	-0.0801049	-0.022643	0.0335836
0.000198178	-0.000323061	0.000207284	0.0803617	0.00600927	-0.032506
-0.000293309	0.00032079	-0.000203334	-0.0799502	-0.0233178	0.033467
0.000196603	-0.000328106	0.000206851	0.0807336	0.00560757	-0.032486
-0.0003897	0.000111394	-0.000131453	-0.0418234	-0.0441714	0.027207
0.000139535	-0.000226457	0.00011377	0.0622326	-0.00108486	-0.0288673
-0.000367891	0.000251515	-0.000161241	-0.0784253	-0.0381237	0.0324272
0.000168464	-0.000266291	0.000199134	0.0782657	0.00136413	-0.0316462
-5.23146e-05	-7.1167e-05	-6.54225e-05	-0.0113153	0.0126186	0.0231056
-0.000237139	0.000341081	-9.33829e-05	-0.0366376	-0.0583319	-0.0144186
-5.89207e-07	-0.000266295	9.56064e-06	0.00367457	0.0192657	0.0194138
-0.000172883	9.27579e-05	-1.95058e-05	0.0224911	-0.0513814	-0.021699
0.000150203	-1.05437e-05	4.74063e-05	-0.0268477	0.0467245	0.00232278
-0.000184959	4.66847e-05	-2.31759e-05	0.0224997	-0.0534265	-0.00601107
0.000176745	-0.000208463	6.93337e-05	0.0021315	0.0498476	0.0229013
0.00014895	0.000443664	7.60054e-05	-0.0337074	0.00786817	-0.0553501
-0.000157278	-3.80138e-05	-5.92592e-05	-0.0077036	-0.00811187	-0.0128936
-0.000181171	-7.27473e-05	-2.09692e-05	0.0250464	-0.0529504	0.0274309
-0.000293442	-0.00022519	-9.92585e-05	0.0139889	-0.0318512	0.0381535
-3.5257e-05	8.13181e-05	0.00011565	0.00984441	-0.0276766	-0.0327398
-0.000148114	-0.000204687	-0.000154645	0.0127104	-0.00566747	0.0306694
-0.000163287	0.000213064	-1.86359e-05	-0.0183399	-0.0479446	-0.0133619
0.000367987	-0.000144232	0.000145384	0.00339888	0.0835732	0.0216773
0.000189766	0.000275515	9.45997e-05	-0.0282435	0.0145865	-0.0181461
-2.35786e-05	-2.93658e-05	-0.000103126	-0.0167908	0.0170077	0.0222503
-0.000247314	-2.82099e-05	2.53568e-05	0.0265646	-0.0652058	-0.0219658
-8.44333e-05	-9.35649e-05	-1.60862e-05	-0.0049492	0.00504728	0.0201323
-0.000196171	-9.84001e-07	-1.93247e-05	0.0215102	-0.0554882	-0.0207845
-0.000315462	-0.000200321	-0.000106473	0.0145034	-0.0359892	0.0193537
6.8902e-05	0.000123482	6.33449e-05	-0.000837454	-0.00786484	-0.0209904
0.000156024	1.5237e-05	4.47586e-05	-0.0249564	0.0477855	0.0228332
-0.000200544	3.19465e-05	-2.36233e-05	0.0198872	-0.0557706	-0.0345126
0.000226506	6.32388e-05	-2.16529e-05	-0.0322248	0.0610391	0.0213455
0.000166716	8.0047e-05	0.000161122	-0.00656107	0.00899375	-0.00854778
-1.04263e-05	-2.60341e-05	-8.20205e-05	-0.0105812	0.0190649	0.0243165
-0.000336916	4.69962e-05	9.26615e-05	0.0279169	-0.0820559	-0.0662142
-0.00010171	-0.000399521	-7.55795e-05	0.0332203	-0.000269612	0.0775017
-0.00020979	0.000243157	-5.90516e-05	-0.0336566	-0.0544254	-0.0651918
-0.0002637	5.32503e-05	-8.97452e-05	0.02702	-0.0273386	0.043598
0.000138161	-0.000449954	0.000191113	0.0274713	0.00199857	-0.0289414
-0.000180286	0.000473429	-0.000251774	-0.0515082	-0.00905398	0.0107784
0.000121322	-0.000265513	0.000246929	0.0407764	-0.000591206	-0.0408544
0.000197245	0.00022209	-9.94329e-05	-0.0457045	0.0567762	0.0608079
-3.43212e-05	-8.24818e-05	8.25709e-05	0.00389512	-0.0266621	-0.0137932
-0.000164572	0.000243087	-0.000132844	-0.023728	-0.0082511	0.0160427
-0.000111852	-0.000380725	0.000176764	0.0592789	-0.042471	-0.043405
-0.000394033	0.000203545	-0.000307751	-0.0275765	-0.0479621	0.0442831
0.000163298	-0.0003231	0.000264713	0.0405652	0.00659302	-0.0181463
5.72399e-05	0.000449242	-0.000160733	-0.0656394	0.0328993	0.0266985
-0.000165053	-0.000285877	5.32279e-05	0.0347118	-0.0505969	-0.0220041
0.000292435	0.00013706	8.3439e-05	-0.00825376	0.0713842	0.0207211
8.55049e-05	1.55364e-06	8.54306e-05	-0.0175453	-0.00452178	-0.019303
-0.000383313	0.000181604	-0.0002371	-0.0159489	-0.0468074	0.0222009
-0.000101411	-0.00044179	0.000196622	0.0628861	-0.041189	-0.0240226
-0.000291784	0.000294559	-0.000270027	-0.036411	-0.0295402	0.0236813
0.000130179	-0.000327589	0.000255303	0.0421314	0.000758668	-0.0233657
0.000203101	0.00033953	-9.98487e-05	-0.0445882	0.0579832	0.0237143
0.000122927	-6.28217e-05	0.000148299	-0.0063029	0.00146578	-0.020185
-0.000319462	2.14441e-05	-0.00011333	0.0089427	-0.0373338	0.0182556
-0.000219602	-0.000133084	-2.58875e-05	0.016115	-0.0592209	-0.039524
-9.25374e-05	9.9563e-05	-4.38527e-05	-0.00373777	0.00286083	0.0155013
3.61008e-05	-0.000312946	0.000158065	0.0208223	-0.0144522	-0.00268471
-0.000132226	0.000410955	-0.000239206	-0.0455453	-0.00186207	0.0281293
7.29154e-06	-0.000278833	0.00021793	0.0495888	-0.0198928	-0.061975
7.83501e-05	0.000430368	-0.000162058	-0.0642592	0.035036	0.0341323
-0.000180395	-0.0003284	5.6477e-05	0.0348873	-0.0509772	-9.82769e-05
-6.1731e-05	-0.000198476	-1.02005e-05	0.0301717	0.00469162	0.0284306
0.000144079	0.000457452	8.96989e-05	-0.0304145	0.00816698	-0.0435949
-7.59139e-05	-0.000322814	-4.45321e-05	-0.00823635	0.00471749	0.0403249
-0.000222937	7.5498e-05	-2.07639e-05	0.0185968	-0.0587106	-0.0189323
0.000172881	7.69777e-05	3.82895e-05	-0.0241992	0.0497661	0.00163648
-0.000215873	-2.29625e-06	-1.82651e-05	0.0195187	-0.0576416	-0.016614
-4.72763e-05	-0.000107727	-3.41114e-05	-0.00552944	0.00979013	0.0371837
1.57773e-05	8.97568e-05	5.79172e-05	0.00225609	-0.0156636	-0.0173403
-5.23593e-05	-8.22399e-05	-3.59341e-05	-0.00571174	0.00883233	0.0230402
-0.000217229	1.34397e-06	-1.80378e-05	0.0193978	-0.0576692	-0.0210892
0.000178705	1.51872e-05	3.98154e-05	-0.023201	0.050575	0.0228278
-0.000221605	1.23822e-05	-2.75452e-05	0.0174808	-0.058408	-0.0212458
0.000259198	3.70085e-05	-1.89021e-05	-0.0267219	0.065601	0.0225151
-1.26324e-05	2.1452e-06	0.000171123	0.0190649	-0.0216074	-0.0216429
-0.000380969	1.5022e-05	-0.000272012	-0.0224402	-0.0495296	0.0225154
1.29901e-07	-0.000180172	0.000235153	0.0521259	-0.0200817	-0.0231401
-8.83431e-05	1.30425e-05	-0.000108985	-0.0206551	0.0029607	0.017267
-4.92515e-05	0.000224373	-7.72122e-05	-0.0258594	-0.0267269	-0.0327011
0.000103988	-0.000426986	0.00029876	0.0629749	0.0348716	0.0229045
-0.000333148	0.000492131	-0.000412889	-0.071783	-0.0763096	-0.00745679
0.000285987	-0.000254669	0.000304395	0.0309954	0.0681633	0.00770001
-0.000176169	-0.000153456	-0.000132585	0.0302329	-0.0516838	-0.0552995
-0.000224493	0.000188914	5.708e-05	0.00348911	-0.0210846	0.0543492
0.000379065	-0.000148704	2.81419e-05	-0.0239307	0.0490153	-0.0375527
-0.000416315	2.7346e-07	-9.81193e-06	0.0189712	-0.0559962	0.0581456
0.000144982	-3.07495e-05	-4.73382e-05	-0.00620142	0.00713691	-0.0278862
-0.000183341	0.000168347	6.45847e-05	0.00145786	-0.0146705	-0.0268557
0.000140062	-0.000119022	-4.6198e-05	-0.00571594	0.00774186	0.0136764
-0.000405875	-4.29073e-05	-1.07701e-05	0.01826	-0.0562887	0.0301013
0.000503149	-6.99075e-05	9.01391e-05	-0.00177718	0.0735594	-0.0188569
-0.00013306	0.00029835	3.00359e-05	-0.0351539	-0.00602843	0.0218694
2.93165e-05	-0.000121079	-5.63425e-05	0.00423993	-0.0121304	-0.0216011
-0.000545057	0.000111118	-6.64743e-05	-0.00176724	-0.0816244	0.0224206
-4.42284e-06	-0.000219816	-7.70374e-05	0.0267994	-0.0172337	-0.0382303
0.000132613	-0.000165746	0.000200626	0.0469693	0.0407567	0.0266419
-0.000198666	0.000199417	-0.000194237	-0.0570199	-0.0530269	-0.0120714
0.000232309	2.83544e-05	0.000221376	0.0123936	0.0598386	0.0240242
-0.000216887	5.74393e-05	-0.00018708	-0.0287889	-0.0564949	-0.019636
-0.000254277	-0.000198706	6.38906e-05	0.0544227	-0.0285197	0.0216159
-0.000190421	0.000260301	-0.000195794	-0.0625658	-0.0517983	-0.02896
0.000140108	-0.000348703	0.000223426	0.081008	0.0429948	0.0226987
7.89019e-05	0.000263531	-0.000100061	-0.0676818	-0.00367231	-0.0138409
0.000141132	-0.000171935	0.000183975	0.0471051	0.043854	0.0212216
-0.000189937	0.000545	-0.000297021	-0.110892	-0.0524324	-0.0341604
0.000289458	-0.000379569	0.000354499	0.0895105	0.070065	0.0159399
-0.000525158	0.000164797	-0.000292216	-0.0534027	-0.112289	-0.00517989
2.03801e-05	-0.000401361	0.000186111	0.087406	0.0208085	0.0243031
-0.000294753	0.0003181	-0.000237321	-0.0743037	-0.070528	-0.0191675
-1.89128e-05	-0.000379227	0.000169146	0.0885282	0.0140926	0.0206185
-0.000291628	0.000307692	-0.000239116	-0.0745299	-0.0705688	-0.0194143
0.000289061	-0.000269503	0.000270197	0.0680053	0.0706642	0.0200025
8.23861e-05	0.000274397	-0.000101468	-0.0686513	-0.00386973	-0.0176395
0.000148942	-0.000192624	0.000212224	0.0539985	0.0459561	0.0190781
-0.000225324	0.000524214	-0.000329129	-0.114414	-0.0596606	-0.0176556
0.000286031	-0.000387715	0.000348768	0.0899766	0.0699749	0.0191528
-0.000529047	0.000203531	-0.000294571	-0.0561986	-0.113413	-0.0194744
1.54348e-05	-0.000377645	0.000185176	0.0882321	0.020376	0.0198612
-0.000290956	0.000335295	-0.000236948	-0.0756744	-0.0703237	-0.0331398
2.76874e-05	-0.000487785	0.000257815	0.105622	0.0228446	0.0264113
-7.84929e-05	0.000459076	-0.000224207	-0.104011	-0.0325918	-0.0129779
4.35043e-06	-0.000355468	0.000163076	0.0834795	0.0194227	0.0201884
-5.21594e-05	0.00040091	-0.000164924	-0.0919037	-0.0283498	-0.017307
0.000251298	-0.000283377	0.000256338	0.0707152	0.0641506	0.0191379
-0.000116646	0.000373161	-0.000181959	-0.0867211	-0.0397822	-0.0179064
1.47428e-05	-0.000371608	0.000178865	0.0867678	0.0209529	0.0192829
-0.000118708	0.000372824	-0.000181191	-0.0866718	-0.0394875	-0.0185864
-0.000119393	-0.000252403	0.00011877	0.0650501	-0.00410211	0.0210587
-0.000437425	0.000133004	-0.000271338	-0.0431204	-0.0955677	-0.0210106
0.000132901	-0.000522796	0.000328163	0.11401	0.0406499	0.0199884
-0.000328008	0.000402066	-0.000329261	-0.0915807	-0.0764531	-0.0195661
0.000350996	-0.000215548	0.00026841	0.0578752	0.0813549	0.0207162
-5.89452e-05	0.000402821	-0.000167704	-0.091613	-0.0291375	-0.0182377
1.48527e-05	-0.000367603	0.000178135	0.0855695	0.0210991	0.0193376
-5.66806e-05	0.000396134	-0.00016219	-0.0903911	-0.0287919	-0.0181469
1.6034e-05	-0.000369234	0.00017951	0.0858626	0.0212667	0.0193622
-5.73571e-05	0.000395608	-0.000161761	-0.0902889	-0.028771	-0.0182914
1.79316e-05	-0.00036963	0.0001796	0.0859362	0.02136	0.0196165
-8.9762e-05	0.000383273	-0.000171618	-0.0880534	-0.0342358	-0.0187198
2.09626e-05	-0.00037003	0.000179627	0.0860246	0.021452	0.0200814
-0.000305584	0.000302478	-0.000241393	-0.0733544	-0.0725908	-0.0198398
2.13048e-05	-0.000369811	0.000179652	0.0860378	0.0212734	0.0202846
-0.000297952	0.000304717	-0.000239449	-0.0737945	-0.0712874	-0.0197164
4.0531e-05	-0.000361518	0.000186915	0.0845504	0.0251174	0.0199078
-5.68194e-05	0.000395582	-0.000161859	-0.0903424	-0.0285245	-0.0183359
1.51093e-05	-0.000369089	0.000179583	0.0859124	0.0210908	0.0192326
4.90851e-05	0.000301788	-0.000114402	-0.0733	-0.00969652	-0.0177536
0.000173402	-0.000209464	0.000221754	0.0568321	0.0500447	0.0192693
-0.000179741	0.000501531	-0.000289081	-0.109889	-0.0512674	-0.0175312
0.000283205	-0.000362493	0.00032938	0.085068	0.0692507	0.019282
-0.000521049	0.000203841	-0.00029611	-0.0558322	-0.111668	-0.0196333
-0.000117657	-0.000257272	0.000123491	0.0659418	-0.00392353	0.0210189
-0.000193949	0.000218097	-0.000192803	-0.0584578	-0.0520019	-0.0203012
3.98626e-05	-0.000390301	0.000191518	0.0902319	0.0244833	0.0200731
-9.99004e-05	0.000201823	-0.000158717	-0.0555634	-0.035412	-0.0191392
0.000158322	-0.000194344	0.000214237	0.0544924	0.0468042	0.0199196
-7.65363e-05	0.000419553	-0.00017256	-0.0950877	-0.0327609	-0.0172622
0.000246649	-0.000277614	0.000254418	0.0696829	0.0631419	0.0189931
-0.000323353	0.000299046	-0.000248963	-0.0731956	-0.0766354	-0.0182939
1.53687e-05	-0.000369801	0.00017878	0.0864811	0.0208398	0.019225
-5.54513e-05	0.000396827	-0.000161028	-0.0909599	-0.0281259	-0.0181787
1.751e-05	-0.000370889	0.000178955	0.08667	0.0209682	0.0195094
-0.000298109	0.000309799	-0.000239352	-0.0751209	-0.0714429	-0.0191792
-7.80963e-05	-0.000352794	0.000208517	0.0830987	0.00317063	0.0203118
-0.000225187	0.000293016	-0.00026145	-0.0717824	-0.0578536	-0.0197212
7.21577e-05	-0.0003583	0.000186384	0.0840697	0.0308205	0.0197916
-5.03895e-05	0.000394553	-0.000163526	-0.0902195	-0.0272934	-0.0182024
1.42247e-05	-0.000368074	0.000179261	0.0858307	0.0209067	0.019083
6.03436e-05	0.000329196	-0.000149324	-0.078523	-0.00757731	-0.0175053
0.000164997	-0.000230705	0.000247412	0.060992	0.0485094	0.0189182
-0.000179129	0.000530231	-0.000306848	-0.115476	-0.0512757	-0.0170266
0.000287354	-0.000388338	0.000350793	0.0901829	0.0700785	0.0187326
-0.000528524	0.000202069	-0.000294144	-0.0558609	-0.113175	-0.0191668
1.40241e-05	-0.000375378	0.00018469	0.0878907	0.0201964	0.0193165
-0.000292703	0.00031175	-0.000237836	-0.0758485	-0.0705653	-0.0188167
2.80382e-05	-0.000363358	0.000185244	0.0857303	0.0230448	0.0190491
-4.62392e-05	0.000396423	-0.000161201	-0.0912991	-0.0267907	-0.0175109
6.02877e-06	-0.000368514	0.000178805	0.0866664	0.0196056	0.0184291
-4.48865e-05	0.000396795	-0.000161487	-0.0913591	-0.0269578	-0.0170473
4.47013e-06	-0.000368096	0.000178751	0.0865862	0.0196312	0.0180815
6.72614e-05	0.000291038	-0.000110201	-0.0721417	-0.00677526	-0.0167597
0.000164626	-0.000208074	0.000218617	0.0574259	0.0487111	0.0184053
-0.000178596	0.000379712	-0.000205091	-0.0881869	-0.0512728	-0.0169504
-0.000112338	-0.000238753	0.000121771	0.0629264	-0.00188841	0.0196607
-0.000437931	0.000138776	-0.000273135	-0.0444166	-0.0965007	-0.0195796
5.37536e-05	-0.000385368	0.000196216	0.0897731	0.0275065	0.01909
-6.67105e-05	0.000381527	-0.000167111	-0.0885952	-0.0302469	-0.0177733
7.62391e-06	-0.000369439	0.000179543	0.0868609	0.0197132	0.0185613
-4.40787e-05	0.000396093	-0.000161431	-0.0912445	-0.0266695	-0.0171296
4.45879e-06	-0.000373374	0.000178964	0.0865842	0.0195426	0.0211757
8.683e-05	0.000276554	-0.000101493	-0.0687819	-0.0031547	-0.0190665
0.000149147	-0.000193048	0.000211879	0.0548992	0.0459322	0.0178082
-0.000162141	0.00039051	-0.000200402	-0.0901158	-0.0483839	-0.01689
1.46571e-06	-0.000197808	0.00015842	0.0555011	0.0186876	0.0196995
-0.000438729	0.0001389	-0.00027323	-0.0444191	-0.0966077	-0.0195909
3.60971e-05	-0.000391355	0.000189965	0.090867	0.0240704	0.019265
-0.000285995	0.000307622	-0.000236661	-0.0751276	-0.0693145	-0.0187231
6.41009e-05	-0.000351648	0.000197265	0.0836458	0.0296616	0.0189047
-4.39859e-05	0.000396111	-0.000161489	-0.091264	-0.0265809	-0.017154
0.000247842	-0.000284571	0.000256823	0.0714377	0.0633751	0.0184713
6.98555e-05	0.000266158	-0.000106203	-0.0675978	-0.00604167	-0.0169719
0.000152806	-0.000195464	0.00021191	0.0551351	0.0461771	0.0188059
-0.000407419	0.000304426	-0.000278633	-0.0745312	-0.0917702	-0.0179023
-0.000129503	-0.000244367	0.00011528	0.0640127	-0.00558389	0.0201664
-0.000307224	0.000184896	-0.000230664	-0.0528034	-0.0726291	-0.0196678
0.000103534	-0.000531638	0.000318983	0.116073	0.035781	0.0186536
-0.0003262	0.000404598	-0.00032911	-0.0923394	-0.0764836	-0.0183842
0.00048299	-0.000166851	0.000311141	0.0494455	0.105422	0.0199139
-7.7795e-05	0.000396589	-0.000173819	-0.0907434	-0.0325504	-0.017563
1.73441e-05	-0.000368718	0.000177413	0.086164	0.0212378	0.0190709
-0.000118075	0.000374786	-0.000180878	-0.0867922	-0.0391807	-0.0183117
-0.000116619	-0.000252817	0.000118666	0.0650174	-0.00372421	0.0209521
-0.0004377	0.000132245	-0.000271783	-0.0424	-0.0954311	-0.0208807
0.000133713	-0.000514491	0.000321456	0.112216	0.040591	0.0197108
-0.000329566	0.000396143	-0.000325441	-0.0903137	-0.076506	-0.0192634
0.000296515	-0.000235422	0.000251377	0.0613786	0.0713388	0.0203483
-6.18757e-05	0.00041043	-0.000168148	-0.0913743	-0.0295059	-0.0179215
3.19507e-05	-0.000366768	0.000183156	0.0842688	0.0240411	0.0190335
5.98479e-05	0.000432875	-0.000216431	-0.097616	-0.00733649	-0.0174234
0.000194055	-0.000297972	0.000306571	0.0732453	0.0530679	0.0190618
-0.000368107	0.000285587	-0.000238855	-0.0679323	-0.084531	-0.0183704
1.28816e-05	-0.00037534	0.000176107	0.0854122	0.02007	0.0191419
-7.54461e-05	0.000390455	-0.000166953	-0.0901693	-0.0313292	-0.0180684
-0.000117181	-0.000253492	0.00011885	0.0650422	-0.00388774	0.0207509
-0.000438057	0.000141637	-0.000272154	-0.0425514	-0.0954366	-0.0206634
0.000126818	-0.000425906	0.000255206	0.0951065	0.03958	0.019686
-0.000303906	0.000335525	-0.00027007	-0.079934	-0.0719862	-0.0188728
0.000309328	-0.000254583	0.000268676	0.0648622	0.0736332	0.0206377
7.75648e-05	0.00029301	-0.000104684	-0.0692443	-0.00434027	-0.0179607
0.000152491	-0.000200595	0.000212067	0.053599	0.0459945	0.0189693
-0.000215628	0.000528314	-0.00032556	-0.115337	-0.0572253	-0.016815
0.000290937	-0.00038541	0.000349064	0.0894918	0.0701029	0.0183209
-0.000496087	0.00012183	-0.000215288	-0.0390342	-0.107081	-0.0195133
-0.000114623	-3.51632e-05	-0.000126655	0.0240589	-0.00270243	0.0202704
-0.000108087	-0.000167949	0.000186971	0.0111452	-0.0381966	-0.0209019
-0.0002505	4.73167e-05	-0.000156196	0.0101408	-0.0271937	0.020864
7.02149e-05	-8.4724e-05	6.41114e-05	-0.00251076	-0.00546779	-0.0204275
0.000197088	0.000214788	3.56845e-05	-0.0212555	0.0537091	0.0215796
-0.000229757	-0.000194488	-2.12546e-05	0.0160455	-0.0598293	-0.0205951
0.000306685	0.000151561	5.00818e-05	-0.00879253	0.0739059	0.0206585
-7.21523e-05	-4.69012e-05	4.77752e-05	-0.0085681	-0.0321936	-0.0191594
-8.90244e-05	0.000130253	-4.85428e-05	-0.00630506	0.00233842	0.0204805
-0.000238211	-0.000192711	-2.18849e-05	0.0153515	-0.0611458	-0.0206795
-4.61302e-05	0.000132915	-3.99283e-05	-0.00527225	0.00965745	0.0209184
-0.000313696	-0.000207626	4.46044e-05	0.0200677	-0.0750316	-0.0211781
-0.000165971	7.60686e-05	-0.000148051	0.00378417	-0.0115245	0.0208592
0.000210781	-3.73317e-05	0.000104354	-0.0122832	0.0192792	-0.0196076
0.000192635	0.00022367	3.49139e-05	-0.0223684	0.0532893	0.0213566
1.3819e-05	-0.000105369	5.61067e-05	0.000938256	-0.0163856	-0.019758
3.19927e-05	0.000153951	-0.000105906	-0.00960436	0.0246321	0.0205426
-0.000322473	-0.000214675	0.000109701	0.0201748	-0.0772981	-0.0208351
-0.00016151	7.98843e-05	-0.000220862	0.00435385	-0.0101989	0.0203188
0.000124455	-5.02115e-05	0.000241208	-0.00876994	0.00286385	-0.0195548
-0.000238836	5.35204e-05	-0.000157198	0.00804402	-0.0245598	0.0205929
-1.27551e-05	-0.000119828	3.55463e-05	0.00281415	-0.0206076	-0.0206723
0.000194049	0.000222989	3.56144e-05	-0.022245	0.0531718	0.0217671
-0.000119119	-0.000155	1.37361e-05	0.00977578	-0.0398861	-0.0206315
-4.72993e-05	0.000134031	-4.27044e-05	-0.00624932	0.00946281	0.0212522
-0.000229524	-0.000200234	-1.88089e-05	0.0174979	-0.0593109	-0.0214113
0.000193758	0.000221219	3.8522e-05	-0.0218844	0.0526799	0.0221905
-0.000230227	-0.000195064	-2.06351e-05	0.0171547	-0.0594355	-0.0214415
-4.45675e-05	0.00013033	-3.97865e-05	-0.00563287	0.00968821	0.0214869
1.02836e-05	-0.000109662	5.71799e-05	0.00102837	-0.0163184	-0.0208642
-4.50525e-05	0.00013222	-3.98014e-05	-0.00564222	0.00968593	0.0214263
-0.000230871	-0.000196758	-2.07905e-05	0.0170745	-0.0594702	-0.0215008
0.000193609	0.000220973	3.80724e-05	-0.021952	0.0526621	0.0221833
-0.000230065	-0.000197705	-2.08853e-05	0.0170727	-0.0595042	-0.021346
0.000192988	0.00022184	3.80328e-05	-0.0220085	0.0526187	0.0221212
-0.000229918	-0.000196337	-2.08046e-05	0.0171303	-0.0594439	-0.021395
-4.48923e-05	0.000131374	-3.98276e-05	-0.00566078	0.00966854	0.0214459
7.20179e-06	-0.000110709	5.60902e-05	0.00124372	-0.0168989	-0.0208607
-4.51841e-05	0.000132248	-3.98122e-05	-0.00565343	0.00967355	0.0214143
-0.000230744	-0.000196569	-2.08014e-05	0.0170736	-0.0594595	-0.0215111
0.000193563	0.000220728	3.80658e-05	-0.0219618	0.0526514	0.0221915
-0.000230016	-0.000197875	-2.08851e-05	0.017076	-0.0594875	-0.0213777
0.000193067	0.000221759	3.8028e-05	-0.0220129	0.0526108	0.0221506
-0.000229955	-0.00019675	-2.07949e-05	0.0171363	-0.0594222	-0.0214475
-0.000130966	9.96777e-05	-6.78466e-05	0.000134508	-0.0058233	0.0212685
1.07397e-05	-0.000109722	5.70387e-05	0.00103795	-0.0163432	-0.0207721
6.00515e-05	0.000172448	-5.02824e-06	-0.0130114	0.0288388	0.0215392
-0.00022939	-0.000196277	-2.09902e-05	0.0170551	-0.0595285	-0.0212074
0.000191788	0.000220807	3.80453e-05	-0.0220286	0.0526087	0.0219007
-0.000228854	-0.000197928	-2.10265e-05	0.01707	-0.0595282	-0.0211256
0.000191662	0.000221904	3.80119e-05	-0.0220644	0.0525758	0.0219219
-0.000229017	-0.000194979	-2.09018e-05	0.0171368	-0.0594469	-0.0212616
-4.57125e-05	0.000130212	-3.98279e-05	-0.00569696	0.00963232	0.0213355
-3.8512e-05	-0.000128062	4.10718e-05	0.00430499	-0.0251644	-0.020925
-4.56497e-05	0.000132186	-3.97959e-05	-0.00567889	0.00965378	0.0213425
-0.000181481	-0.000178141	-5.16354e-06	0.0138127	-0.0507556	-0.0213017
0.00019272	0.000220232	3.8084e-05	-0.0220002	0.0526192	0.0220872
-0.000229474	-0.000198168	-2.0961e-05	0.0170799	-0.0594729	-0.0213327
0.00019273	0.000221642	3.80442e-05	-0.0220321	0.0525837	0.0221309
-0.000240346	-0.000169831	-4.44038e-05	0.0123296	-0.0611857	-0.0213476
-9.65558e-05	8.90889e-05	-4.15594e-05	0.00197842	0.000227307	0.0213097
1.23792e-05	-0.000114872	6.15035e-05	0.00188085	-0.01593	-0.0209595
-4.46817e-05	0.000130969	-3.86561e-05	-0.00540994	0.00974237	0.0214139
-0.000230651	-0.000196328	-2.06281e-05	0.0169521	-0.0594874	-0.0214953
0.000193499	0.000219841	3.81648e-05	-0.0218087	0.0527178	0.0221006
-0.000229713	-0.000197349	-2.10239e-05	0.0168779	-0.0595634	-0.0212638
0.000192524	0.000220049	3.80804e-05	-0.0218779	0.052677	0.0225259
