6.56632e-05	-0.000146291	-1.17149e-05	-0.0013073	-0.0102078	0.117035
-7.90561e-05	-0.000222692	-5.71001e-05	-0.0041083	-0.00588696	0.122094
0.000145312	-0.000392486	-1.0577e-05	-0.00831948	-0.00972378	0.130142
0.000670708	-0.000491011	-6.21056e-07	-0.0151043	-0.020055	0.14146
0.000460763	0.000152243	-7.51039e-05	0.00448614	-0.0103517	0.0867987
0.000359353	-0.000251688	-1.49265e-05	-0.00535464	-0.0126297	0.100577
0.000563018	-9.11777e-05	7.04633e-05	-0.00221292	-0.00843965	0.0950995
0.0007526	0.00018968	7.61557e-06	0.00330239	-0.0141472	0.117701
0.000887375	-6.46574e-05	9.36475e-05	-0.00535498	-0.0191724	0.113885
0.00101063	-0.000251602	7.02828e-05	-0.00452138	-0.0183654	0.11806
0.000620754	-6.15336e-05	4.42201e-05	0.00066577	-0.0211939	0.0997344
0.000706442	-2.25254e-05	-2.27258e-05	-0.0011385	-0.0136743	0.0944707
0.00073597	0.000254545	-3.68163e-09	0.00387794	-0.0128983	0.0953724
0.000119672	-2.99911e-06	-7.33892e-06	-0.000172379	-0.00914568	0.0575325
6.62281e-05	0.000124899	1.66892e-05	0.00145643	-0.00903177	0.0714001
0.00029256	-8.99934e-07	-1.69093e-05	0.00320668	-0.0102117	0.0672749
0.000592968	9.25046e-05	-2.42924e-05	0.000943441	-0.0127992	0.0906062
0.000719646	-0.000134813	8.45302e-05	-0.00460162	-0.0172385	0.0912506
0.000666621	-0.000324068	2.94841e-05	-0.00808739	-0.0150871	0.0923361
0.0010018	-0.000307911	0.000132026	-0.00735688	-0.0159168	0.10656
0.000528733	0.000195542	-8.88446e-05	0.00693027	-0.0126928	0.079406
0.000238144	-1.93868e-05	4.70772e-06	0.000609978	-0.0110731	0.062188
0.000748242	-1.5883e-05	4.62393e-06	-0.00150902	-0.00917508	0.0920806
8.54604e-05	0.000107032	-1.14085e-06	0.00398227	-0.00844773	0.0586477
0.000639341	8.05487e-05	8.51974e-07	0.000339299	-0.0132926	0.0792756
0.000260219	1.62093e-05	-2.54836e-06	0.000512667	-0.00972883	0.058005
0.000125506	-5.03248e-05	-1.73577e-06	-0.00231924	-0.00942642	0.0553316
0.000555011	2.13115e-05	-7.21084e-06	0.000620274	-0.0128631	0.0836601
0.000852451	1.87625e-05	1.8128e-05	-0.000486865	-0.0159331	0.0964106
0.00100609	-3.67539e-05	5.20704e-06	-0.00241813	-0.0192311	0.10456
0.000811707	0.000115807	-9.78997e-05	0.00441272	-0.0189216	0.0905687
0.000655343	0.000318338	-2.07175e-05	0.00653548	-0.022307	0.0849095
0.000753339	0.000383272	-1.28254e-05	0.00540364	-0.0130475	0.0886515
0.000365021	-0.00017679	4.91604e-05	-0.00322687	-0.00986597	0.0661101
0.000604528	-0.000273356	4.72901e-05	-0.00553207	-0.0142321	0.080355
-4.64238e-05	-9.46753e-05	-1.64146e-05	-0.00205865	-0.00875544	0.0528442
3.62692e-05	-0.000147329	-3.01951e-05	-0.00206933	-0.00998756	0.0658558
0.000113156	-0.000207109	5.74177e-06	-0.00486586	-0.00839543	0.0746257
0.000323461	-0.000263219	4.61907e-06	-0.00714285	-0.0109305	0.0789059
0.000547239	-0.000300756	4.43149e-07	-0.0062549	-0.0151016	0.0855509
3.92314e-05	-4.47921e-05	1.2293e-05	-0.000235194	-0.00897703	0.05038
5.96296e-05	-9.41664e-05	1.64878e-06	-0.0030672	-0.00907608	0.06011
0.0002068	-8.10734e-05	-4.35008e-07	-0.00385722	-0.00980374	0.0622118
0.00012324	5.70356e-05	1.29203e-06	-0.000282644	-0.0102089	0.055864
8.2619e-05	-0.000125179	2.44896e-06	-0.00654404	-0.00890675	0.0740129
4.2031e-05	2.46554e-05	2.57758e-06	0.000268833	-0.00945275	0.0524658
2.41812e-05	0.000134812	-8.87612e-06	0.00316485	-0.00838775	0.0649752
4.21743e-05	0.000128709	2.4047e-05	0.00409588	-0.00891492	0.070828
0.000194656	0.00016603	2.63292e-06	0.00447724	-0.0102048	0.0769755
0.000411967	0.000281692	3.49047e-05	0.00692941	-0.0122015	0.0888332
0.000768053	0.00032958	-2.45897e-05	0.00648308	-0.0138854	0.0924473
0.00105232	0.000170634	-8.31134e-05	0.0049191	-0.00891023	0.106513
0.000329618	0.000231888	3.85635e-05	0.000291745	-0.0134421	0.0741136
0.000270882	0.000119505	-1.60285e-06	0.00265453	-0.00894419	0.0788783
0.000817707	7.03539e-05	5.16362e-06	0.00236552	-0.0148319	0.0936725
0.00101985	3.11273e-05	3.27709e-05	0.000320889	-0.0195901	0.109312
0.00066436	-0.000325741	0.000105993	-0.0129267	-0.00902758	0.0864232
0.000786877	-0.000359851	7.68585e-05	-0.00656176	-0.0168126	0.0957289
0.00107967	-0.000277943	0.000131493	-0.00934408	-0.00873575	0.112054
0.000899675	-0.000428783	3.41857e-05	-0.00643766	-0.0152755	0.102309
0.000920558	-0.000445162	-3.05639e-05	0.000115668	-0.0171727	0.105552
0.000968134	-0.000471902	7.1824e-05	-0.00816396	-0.0185193	0.106468
0.000959317	-0.000490662	1.80142e-05	-0.00844142	-0.016265	0.106591
0.00101345	-0.00054344	5.15507e-05	-0.00864173	-0.017461	0.108665
-5.23445e-05	7.33812e-05	-9.75779e-06	0.000940825	-0.00818487	0.0678934
0.000262507	-0.000138904	5.27156e-05	-0.00395806	-0.008545	0.0830685
4.62981e-05	6.17212e-05	-4.76949e-06	0.00234961	-0.00801103	0.0755438
0.000170925	9.41972e-05	-5.91783e-07	-5.89707e-05	-0.0107508	0.0785901
0.000126068	2.93216e-06	4.98431e-08	2.10705e-05	-0.00932523	0.0588186
0.000558813	-6.37688e-05	1.81787e-05	-0.000775183	-0.0156493	0.093977
0.000956481	-9.78119e-05	-3.29702e-05	-0.00127758	-0.0193959	0.117093
0.00104042	-0.000326142	-1.87439e-05	-0.00287562	-0.015767	0.116574
0.000647836	-0.00017525	0.000111132	-0.00611092	-0.011202	0.0894175
0.000418416	-0.000157026	1.90527e-05	-0.00651361	-0.0133885	0.0912003
0.000304205	-1.3437e-05	1.76672e-05	-0.00293436	-0.0110501	0.0775394
0.000333161	-8.46616e-05	3.39603e-05	8.89627e-05	-0.0161498	0.0873675
0.000277169	-3.02248e-05	1.88195e-06	-0.00152963	-0.00895677	0.10246
0.000391384	0.000291377	1.01615e-05	0.00718193	-0.00883643	0.10615
0.000666348	7.39628e-05	8.28256e-05	-0.00271559	-0.0188793	0.105448
0.000720271	-0.000326849	-3.10903e-06	-0.00852213	-0.0168735	0.105138
0.000850281	-0.000480247	8.99112e-05	-0.0092723	-0.012486	0.113991
0.000946113	-0.000556301	4.57782e-05	-0.00872315	-0.0155067	0.11927
0.00109947	-0.000532434	9.45466e-05	-0.00784354	-0.0207936	0.126776
0.000582612	0.000178543	-4.49307e-05	0.00777549	-0.00934022	0.0957452
0.000699873	1.70387e-05	-3.44229e-05	-0.00322122	-0.0190803	0.112993
0.000256035	-0.000114747	-3.51914e-06	0.00019227	-0.0155812	0.10192
0.000255613	0.000204178	1.76557e-05	0.005054	-0.00823509	0.114018
-2.29683e-05	-0.000246707	2.38572e-05	-0.00663631	-0.0076312	0.0999058
3.71414e-06	-0.000274514	-1.98982e-05	-0.00360577	-0.012245	0.104646
-0.000214661	-0.000179346	1.95909e-05	-0.00488929	-0.00427456	0.107424
9.75898e-05	7.88936e-05	6.17471e-06	0.00328773	-0.00881652	0.119068
0.000642189	0.000133989	4.65131e-05	0.00215992	-0.0163536	0.128141
-7.48907e-05	-0.000136016	-4.77635e-05	-0.00253604	-0.00652282	0.0896007
0.000522811	-0.000186259	4.07827e-06	-0.00310182	-0.0139218	0.12996
4.06295e-05	9.45925e-05	2.47057e-05	0.000485523	-0.00586823	0.0853391
0.000458111	0.000262611	3.37758e-05	0.00137412	-0.0128875	0.120476
0.000822015	-1.29955e-05	-2.60922e-05	0.00413774	-0.0130675	0.128002
-3.78731e-05	0.000215051	6.38124e-06	0.000845126	-0.00603117	0.102284
-0.000101845	-1.62323e-06	1.55383e-05	0.000770336	-0.00794986	0.111169
0.000385474	0.000177936	-2.06776e-05	0.00405793	-0.0160948	0.116042
0.00122253	0.000120152	1.33934e-05	0.00150814	-0.0207827	0.14089
0.00154037	0.000108662	1.41987e-05	0.000374958	-0.0240854	0.161008
0.00172065	0.000127034	3.02023e-05	0.00169638	-0.0265209	0.174554
0.00185293	0.000128721	-8.47415e-05	0.0021007	-0.02759	0.183042
0.00123443	0.000527853	-0.000108769	0.00908395	-0.0217624	0.143774
0.000332345	8.24416e-05	2.20831e-05	-0.00096038	-0.011349	0.0844132
0.000968941	0.000145614	3.26212e-05	0.00398109	-0.0194888	0.132506
0.000616091	-6.86125e-05	8.87278e-05	-0.00490963	-0.0105317	0.0966265
0.000729098	0.000304227	2.39591e-05	0.00308572	-0.0126247	0.117272
0.000648043	9.32315e-05	-8.01888e-06	0.00713847	-0.0159996	0.130505
0.000261384	-8.99799e-05	-1.67085e-05	-0.00162616	-0.011678	0.102065
0.000447879	0.000202569	-1.37832e-05	0.0030338	-0.0132513	0.129081
0.00133555	0.000328314	-0.000163056	0.00939458	-0.00857296	0.145744
0.00116651	-5.53938e-05	-4.22043e-05	-0.00787004	-0.0232593	0.141182
0.000545705	-0.000205492	1.15835e-05	-0.0106982	-0.00994676	0.106265
0.0002252	-9.19784e-05	-1.0194e-06	-0.00061453	-0.00995961	0.0929951
-5.81345e-05	0.000144486	2.36128e-05	0.000406288	-0.00759787	0.110431
-0.00026754	-0.000147952	1.69257e-05	-0.000384447	-0.00627426	0.104486
-3.104e-05	-0.000191901	-5.62342e-05	-0.00429752	-0.00834667	0.111487
0.0001177	3.81146e-06	1.14881e-05	-0.000409386	-0.0101983	0.0976385
0.000687917	-0.000219473	-7.32725e-06	-0.00965174	-0.015075	0.131178
0.00144144	-0.000195602	3.89431e-06	-0.010491	-0.00902003	0.159896
0.000984287	-0.000549529	2.08589e-06	-0.0124024	-0.0158625	0.141658
0.00115304	-0.000489206	7.25278e-05	-0.0128087	-0.0217775	0.15065
0.0015382	-0.000464885	0.000147314	-0.00726199	-0.0195789	0.164996
0.000536808	0.000357416	1.41323e-06	0.00844971	-0.012491	0.123655
0.00095601	0.000434712	3.62934e-05	0.00867159	-0.0159452	0.143036
0.00158246	0.000374241	-0.000104924	0.00287222	-0.0211296	0.164105
0.00158445	0.000509111	-8.94695e-07	0.00458574	-0.0178984	0.162983
0.000117625	1.59362e-05	-2.07847e-05	-0.00301553	-0.0078164	0.0976571
0.000592104	-0.000272402	-2.33718e-05	-0.00165908	-0.0117963	0.115062
0.000720777	-0.000498287	-1.48698e-06	-0.0101666	-0.0159837	0.133287
0.000109081	6.87661e-06	5.18142e-06	3.44375e-05	-0.00669285	0.087378
0.000314851	0.000214832	-1.57607e-06	0.0027496	-0.00995662	0.12537
-0.000143961	6.67151e-05	-5.36721e-05	-0.000656488	-0.00635915	0.101072
0.000168192	0.00014135	-2.19438e-05	0.00671703	-0.00951848	0.118661
-0.000118421	4.68302e-05	1.65078e-05	0.0011843	-0.00299014	0.121774
0.000908048	-0.000225976	2.48146e-05	-0.00406058	-0.0150586	0.142676
0.00144897	-4.23762e-05	8.99939e-06	-0.00118909	-0.0199676	0.164159
0.000214276	1.40104e-05	2.08843e-06	-0.000505754	-0.00926312	0.0806427
0.00051505	9.06481e-05	-1.69762e-05	0.00292333	-0.0155359	0.122345
0.000968672	0.000180439	1.57196e-05	-0.00136348	-0.016392	0.145951
0.00108082	0.000413616	7.88455e-06	0.00668608	-0.0197419	0.148161
0.00117576	0.000594585	1.28039e-05	0.0116593	-0.0223082	0.148094
0.00019533	-5.10864e-06	1.13427e-06	-0.000123121	-0.00936321	0.0810537
0.000750564	-8.36867e-05	2.79416e-05	-0.00257373	-0.017639	0.129664
0.00107943	0.000142506	-2.63422e-05	-0.000772274	-0.00745229	0.137693
0.000481714	0.00018948	-4.62119e-05	0.00705151	-0.00728111	0.115738
0.000372469	8.14561e-05	-8.96607e-06	0.00358915	-0.0131891	0.0896577
0.00088456	0.000322585	-8.01989e-06	0.0101237	-0.0181067	0.130045
0.000527279	0.000277143	-0.000113776	0.00603444	-0.00945703	0.124324
0.000110138	0.000285378	8.72688e-07	0.0050391	-0.00945287	0.12989
0.000197354	0.00013089	2.22549e-05	0.00824019	-0.00383851	0.127239
0.000683357	-0.000131114	3.06854e-05	-0.00496415	-0.017696	0.129314
0.000500962	-9.38015e-05	2.98175e-05	-0.0040652	-0.009133	0.120712
0.000928495	0.000116008	-1.43502e-05	0.00644885	-0.0182888	0.140521
0.000773998	-0.000385004	-6.43717e-06	-0.0176489	-0.0074483	0.129966
0.000478716	-0.000343473	-3.86831e-05	-0.00217832	-0.0169358	0.119129
0.000375176	-5.82281e-05	-3.84418e-05	0.00187344	-0.00840428	0.105927
0.000709569	0.000314057	-1.41636e-06	0.00692137	-0.0136516	0.128831
0.000412119	0.00012494	-6.59464e-05	-0.00193943	-0.0183292	0.121546
-0.000169923	-0.000224513	-4.47961e-05	-0.00377978	-0.00444373	0.105934
0.00056073	-0.000262114	6.16274e-05	-0.00412631	-0.00566279	0.127001
0.00107045	0.000103603	3.39752e-06	0.00999472	-0.0184195	0.13749
0.00105057	0.000483249	-1.97435e-05	0.00936979	-0.0181574	0.147185
0.000880964	4.3885e-05	-1.63622e-05	0.00870914	-0.0115428	0.142596
0.000783676	-0.00039431	-3.92001e-05	-0.00966523	-0.0200686	0.138126
0.00145534	-0.000313856	2.04489e-05	-0.00222491	-0.0245708	0.161768
0.000198085	-8.83151e-07	4.81293e-06	-0.000171392	-0.00972805	0.081854
0.000263465	9.01905e-05	1.47479e-05	0.00292746	-0.00891051	0.0958639
0.000315099	0.000122796	1.20784e-05	0.00611951	-0.00895328	0.0937572
0.000517235	0.00017669	2.59839e-05	0.000612029	-0.0161571	0.107222
0.000816922	-0.000119464	1.72233e-05	-0.00149181	-0.0137898	0.130852
0.00139183	-0.000136287	-6.54599e-06	-0.00216783	-0.0200336	0.163949
0.00177447	-0.000120129	-9.12466e-06	-0.00295987	-0.0254974	0.181004
0.00191786	-7.13942e-05	8.92898e-05	-0.00158646	-0.0288085	0.189822
0.00159673	0.000238681	8.50337e-05	-0.00165972	-0.0149341	0.16429
0.000427135	-0.000319659	7.11791e-07	-0.00338258	-0.0101146	0.113865
0.00101714	-0.00033011	4.40862e-05	-0.00797537	-0.0191768	0.148518
0.00141112	-0.000167415	-3.03438e-05	-0.00237462	-0.0231999	0.165299
0.00136877	-0.000261542	1.75634e-05	9.68832e-05	-0.0166927	0.157551
0.00147731	-0.000340279	0.000104417	-0.00733423	-0.0240008	0.165573
0.0013627	0.000163526	7.03717e-05	-0.00368514	-0.0165774	0.151005
0.000123546	-8.71569e-05	2.46112e-06	-0.00407667	-0.00906032	0.103462
-0.000224234	-2.26543e-05	-2.39304e-05	-0.00111131	-0.00633082	0.107605
0.000565443	3.15448e-05	-1.05872e-05	0.00120565	-0.0100215	0.0975676
0.000961866	0.000229227	-2.85415e-05	0.00819627	-0.019591	0.131786
0.000410222	3.38061e-05	2.79823e-06	0.00104558	-0.00915918	0.0998712
0.000924163	-0.000312216	-8.9317e-06	-0.00606679	-0.0140516	0.123027
0.00142363	-0.000219349	9.96361e-05	-0.006169	-0.022449	0.155957
0.00172299	-7.80785e-05	7.72731e-05	-0.00253191	-0.0266212	0.179458
0.00156296	-0.00038913	-7.08929e-05	-0.00219632	-0.0188172	0.16428
0.000671628	-0.000272513	9.39351e-05	-0.00576763	-0.00408211	0.121863
-4.27249e-05	-2.56757e-05	4.28662e-05	-0.000510754	-0.00543536	0.114124
2.66388e-06	-0.000147308	-5.88132e-06	-0.00366919	-0.0095926	0.117123
0.000577123	-0.000172071	-7.9185e-06	-0.0049537	-0.0150305	0.140348
0.000429184	1.58111e-05	1.23199e-05	-0.000298541	-0.0147371	0.0997889
0.00110059	6.63785e-05	6.17158e-05	-1.94397e-05	-0.0208002	0.150598
0.000256009	-0.000143358	-2.26651e-05	-0.000337217	-0.0111123	0.0919795
0.000296962	-0.000164068	-7.86008e-06	-0.00791376	-0.00828669	0.116533
0.00103532	0.000115178	-4.74511e-05	0.00142476	-0.0161476	0.132008
0.00149078	2.64337e-05	2.1092e-05	0.000918727	-0.0240163	0.161446
0.00175339	-9.45222e-05	-5.23659e-05	0.00256993	-0.0242608	0.178569
0.00191686	1.61127e-06	7.80421e-05	0.00179401	-0.0265615	0.189532
0.000210576	-0.000203681	2.62038e-05	-0.00833257	-0.00980445	0.0994545
0.000981754	-0.000169438	1.74357e-05	-0.00669263	-0.0130878	0.136257
0.000292806	0.000128413	-4.65818e-05	0.00129458	-0.00861177	0.0898299
0.000453896	9.76068e-05	-3.00041e-06	0.00453176	-0.0134198	0.105522
0.000734953	0.000160466	-3.64259e-05	0.00446509	-0.0112522	0.111077
0.000788505	0.000556934	4.01925e-05	0.0101173	-0.0141025	0.129278
0.000256476	5.64003e-05	2.44288e-05	0.00303736	-0.0101078	0.10308
0.000157229	4.8477e-05	-1.54734e-05	0.00285634	-0.00246959	0.11151
4.11046e-05	-0.00011967	1.42164e-05	-0.000839254	-0.0029692	0.123116
-0.000190224	5.84315e-05	1.45537e-05	-0.0021867	-0.00550479	0.125845
0.000443748	0.000545636	6.57456e-05	0.00997297	-0.0167541	0.130096
-0.000189966	0.000207657	3.77747e-05	0.00218283	-0.0013964	0.104263
-2.51042e-05	0.000104161	-7.67036e-06	0.00404894	-0.00143508	0.129795
0.000267907	-9.44325e-05	9.86798e-06	-0.0054715	-0.00684168	0.111012
0.000706323	0.000190327	-2.24331e-05	0.00158221	-0.0132528	0.10983
0.00102993	0.000337383	1.02793e-06	0.00308757	-0.0131247	0.139339
0.000232315	-8.22662e-05	9.86174e-07	-0.000945718	-0.00637911	0.0956661
-2.23251e-05	1.27977e-05	1.22916e-05	-0.00054449	-0.00629241	0.0924413
0.00018483	-0.000137177	1.70236e-05	-0.00474922	-0.00653982	0.103447
0.000431864	-0.000329988	2.68134e-05	-0.00825457	-0.0129292	0.124764
0.000277269	5.80502e-05	2.7873e-05	0.000629284	-0.00595874	0.105477
0.000538083	0.000312807	3.83604e-05	0.00367082	-0.00904667	0.116032
8.50125e-05	0.000103945	2.03201e-05	0.00324666	-0.00911763	0.108226
0.00038357	-3.83904e-05	2.26047e-05	0.000970822	-0.00682828	0.133008
0.000445962	0.000484889	1.51567e-05	0.0108115	-0.0101701	0.129804
0.00115376	0.000390588	-8.65572e-05	0.00454708	-0.0168433	0.153016
0.00115202	-0.000130955	-1.59861e-05	-0.00942628	-0.0220567	0.149102
0.00110671	-0.000491448	0.000179348	-0.00695396	-0.0237553	0.144993
0.0012917	-0.000622437	0.000106159	-0.00770234	-0.0178565	0.152011
0.00171934	-0.000382317	5.78582e-05	-0.0140536	-0.0222017	0.175814
0.000254575	-6.48288e-05	-2.02883e-06	-0.00389849	-0.0105555	0.0968501
0.000404885	-7.23668e-05	3.69527e-05	-0.00181504	-0.0135893	0.100978
0.0008072	-0.000271329	1.37133e-05	-0.0059915	-0.016381	0.119951
0.00140522	-0.000173856	-0.000127516	-0.00156235	-0.0352961	0.159036
0.00131265	-0.000425885	-9.73404e-06	-0.00567005	-0.0327031	0.158296
0.0013673	-0.000661747	2.20826e-05	-0.015081	-0.0208088	0.154423
0.000799685	-0.000323648	5.61001e-05	-0.000409022	-0.00564612	0.12266
0.000395804	5.61942e-05	1.92395e-05	0.000421357	-0.0135476	0.0989424
0.000204212	-1.63575e-06	3.48977e-06	0.000451567	-0.00938816	0.081281
0.000707908	0.000216493	-3.67069e-05	0.00574231	-0.00966196	0.11564
0.00053238	0.000180929	-9.44462e-05	0.00598586	-0.00776895	0.0987148
0.000557701	-0.000181676	8.14616e-06	-0.00119693	-0.011928	0.123486
0.000794146	-0.000259307	1.44996e-05	-0.00703278	-0.0148854	0.148826
-5.90924e-05	0.000178701	2.47027e-05	0.0014219	-0.00698559	0.114381
0.000656747	0.000102124	6.64725e-06	0.00487438	-0.00979703	0.13588
0.000292385	0.000111285	1.10615e-05	0.00538857	-0.0078274	0.105319
0.00064052	0.000390085	-0.000124508	0.00715719	-0.0101581	0.119544
0.00126256	0.000346532	-7.30888e-05	0.00309983	-0.01728	0.147358
0.000148289	5.05412e-05	-4.99645e-06	0.00147836	-0.00843356	0.0855136
0.000723301	0.000134051	-8.29563e-05	0.00222814	-0.0151549	0.106667
0.000704622	7.53409e-06	4.30074e-05	0.000452255	-0.015507	0.111209
0.000365877	-0.00023803	3.34959e-06	-0.0091275	-0.0127858	0.118116
0.000236312	-1.43688e-05	-1.21016e-05	-0.000576828	-0.00814419	0.0819471
0.000267001	6.57533e-05	-1.29323e-05	0.000317269	-0.0102027	0.0972987
0.000704314	0.000201143	-3.84675e-05	0.00281205	-0.0152	0.112465
0.0010619	-0.000185177	-8.72809e-05	0.00349341	-0.0140937	0.132145
0.000283126	0.000158443	-4.72998e-06	-0.000138687	-0.00851279	0.090856
0.000387685	-7.72754e-05	-3.06174e-05	0.000669917	-0.0101068	0.0884289
0.00111935	-0.000102463	3.5163e-05	-0.00332174	-0.00886651	0.132191
0.000941589	-0.000505009	1.75658e-05	-0.00878491	-0.0130241	0.136178
0.000616425	-0.000261511	1.62556e-05	-0.00148945	-0.0225184	0.1247
0.000416271	-0.000271944	4.66678e-06	-0.00592307	-0.0108126	0.124637
0.00115788	-0.000338263	0.000121329	-0.00830375	-0.0284979	0.150407
0.000223164	-0.000140205	1.08555e-05	-0.00379566	-0.0112979	0.108571
0.000819758	0.000133371	-8.7645e-06	-0.00296438	-0.0123542	0.128505
0.000787052	-3.64737e-05	-2.74993e-05	3.03448e-05	-0.0156923	0.12844
0.00063967	-0.000180755	-8.01165e-05	-0.00200633	-0.0119112	0.108674
0.000709479	-0.000216655	-6.07745e-06	-0.000792887	-0.0149648	0.113317
0.000711502	-0.000419273	-4.67506e-05	-0.0077084	-0.013601	0.13841
0.000748973	7.10099e-05	4.84188e-06	-0.00747588	-0.0121706	0.134497
0.00064269	0.000495727	-4.06701e-06	0.0125142	-0.00268846	0.131491
0.00100269	0.000473218	-1.94229e-05	0.0164147	-0.00935437	0.147501
0.000213496	-8.29287e-05	-2.7301e-05	-0.00189226	-0.00950511	0.0961729
9.57259e-05	-0.000281017	-4.06782e-05	-0.00212851	-0.00803662	0.105651
0.000694177	-0.00034534	-5.12479e-05	-0.0102842	-0.0159866	0.132089
0.0010387	-0.000520716	-5.27046e-05	-0.00867946	-0.0128736	0.138515
0.000185525	-4.79902e-05	-2.31185e-05	0.00300639	-0.00863029	0.111048
0.000740093	-8.69325e-05	-1.53361e-05	-0.00466013	-0.0137112	0.142443
0.00145935	-4.76966e-05	5.57327e-05	-0.00226296	-0.0210438	0.157933
0.000494276	-0.000182567	-1.38567e-06	-0.0115791	-0.0126837	0.120474
0.000400439	-5.12213e-05	-3.82119e-05	0.00113291	-0.0104	0.0971644
0.00124974	-6.92611e-05	-5.12627e-05	0.0015068	-0.0153779	0.142931
0.00170294	7.14845e-05	3.16372e-05	0.00216843	-0.0225023	0.171446
0.000488014	-5.67973e-05	-3.7272e-05	-0.00051876	-0.0115118	0.0997277
0.000649454	-0.000351972	1.79469e-05	-0.0116385	-0.0134438	0.134345
0.00105201	4.71446e-05	7.40564e-06	-0.00591778	-0.015713	0.138397
0.000973602	0.000513108	-4.52496e-05	0.00741185	-0.0161578	0.133519
0.0015228	0.000529211	-0.000166374	0.0068903	-0.0212378	0.15985
0.000299757	-8.75646e-05	8.14178e-06	-0.00054521	-0.00924443	0.0932882
0.000502278	-0.000409441	-4.41846e-05	-0.00733671	-0.0159453	0.126236
0.00102364	-0.000516273	6.48753e-05	-0.0179117	-0.00938943	0.145535
0.000648171	-0.000293511	-3.74581e-05	-0.00168545	-0.0072333	0.116371
6.45209e-05	0.000166671	-5.30413e-05	0.0053277	-0.00638896	0.109986
0.000100337	-4.38932e-05	-6.45831e-06	-0.00306781	-0.00563475	0.103498
0.000219096	-0.000108829	-2.7637e-05	-0.00427683	-0.00818625	0.0958358
0.000440303	-0.000320839	-2.93913e-05	-0.00929326	-0.0100094	0.112753
7.07547e-05	5.36489e-05	-5.51841e-05	0.00442036	-0.00673794	0.109503
-3.31208e-05	-0.000111424	-4.77575e-05	-0.000917092	-0.00744589	0.115676
0.000503857	0.00023605	-5.61957e-06	0.0031865	-0.0100094	0.119261
0.000426991	-0.000302913	-1.39293e-05	-0.0102869	-0.0120312	0.129452
0.000485961	-0.000147574	-6.34372e-05	0.000738981	-0.0195893	0.117606
0.000615425	-6.39438e-05	7.28452e-06	-0.00855255	-0.0167604	0.123277
0.000723119	-0.00041004	5.84419e-05	-0.0147713	-0.0118679	0.134247
0.000546055	0.000112324	-2.64339e-05	0.00391845	-0.0111219	0.121431
0.00129722	0.000251188	-2.30603e-05	-0.000321943	-0.0165814	0.155983
0.00161391	0.000188437	-9.92238e-05	0.0015245	-0.0250571	0.173541
0.000546022	-9.1106e-05	1.80777e-06	-0.00972778	-0.0088602	0.120539
0.000587397	0.000306599	-3.72676e-05	0.00490742	-0.0143957	0.132808
0.000396963	-0.000199924	-8.17269e-05	-0.00772801	-0.00865884	0.125626
0.000437619	1.95673e-05	-1.77008e-05	-0.000111619	-0.00881178	0.0994294
0.000973042	-2.17796e-05	6.82515e-05	-0.00247099	-0.0166645	0.149341
0.00118485	0.000219179	5.16554e-05	-0.00224606	-0.0131692	0.142164
0.000478621	0.000187427	-2.74252e-05	0.0100558	-0.00668745	0.124179
0.000286539	-0.0001674	-1.36998e-05	-0.0038772	-0.00984028	0.13375
0.000964302	-7.37431e-05	-5.58659e-06	-0.00310592	-0.0167093	0.157028
0.00163258	-3.11452e-05	3.50417e-05	-0.00153645	-0.0248627	0.174561
0.00106589	0.000569066	6.85185e-05	0.00606376	-0.0166229	0.138538
0.00125889	0.000506428	-2.05734e-05	0.00392876	-0.0222343	0.149587
0.000818052	0.000170565	-6.95855e-05	0.00550836	-0.00254731	0.128504
-5.68595e-05	-9.63069e-05	1.97682e-05	-0.0013412	-0.00593202	0.117067
0.000180703	-0.000121638	-1.13473e-05	-0.00601057	-0.0115447	0.110332
0.000336636	0.000254977	-1.4076e-05	0.0068876	-0.0112268	0.12399
0.000662718	0.000371472	-2.40176e-05	0.00991535	-0.0109489	0.143514
-9.63496e-05	1.49913e-05	-3.84544e-05	-0.00199184	-0.00854921	0.117544
0.000138488	-6.75048e-05	-7.34948e-07	-0.00263724	-0.0046363	0.106948
0.000512433	0.000237237	1.49708e-05	0.00552735	-0.00889389	0.128988
0.000938522	0.000555121	-2.15402e-05	0.012322	-0.0159078	0.140106
0.000500859	0.00032493	2.55975e-05	0.00332231	-0.020233	0.121806
0.000292005	-8.57858e-06	-1.8241e-05	0.00103295	-0.00539496	0.0980013
0.000122435	-5.21588e-05	-1.09739e-05	-0.00299359	-0.0095973	0.105575
0.000169077	-5.15251e-05	-3.51e-05	-0.00491667	-0.0104238	0.118432
0.0011721	-2.99639e-05	1.2912e-05	-0.0031876	-0.0127206	0.152362
0.00163348	1.589e-05	-2.24572e-05	0.00516588	-0.0130361	0.169985
0.000636116	0.000295048	5.8611e-05	-0.000147934	-0.0121038	0.107194
0.000916502	4.43209e-05	5.1467e-06	0.00113809	-0.0115435	0.134424
0.000745713	-2.45623e-05	3.52786e-05	-0.000941957	-0.0196052	0.119395
-2.63682e-05	-0.000112176	-1.77604e-05	-0.00110867	-0.00509334	0.0970797
0.000161021	9.94773e-07	3.22453e-05	-0.00146771	-0.00768151	0.0825579
0.000542761	0.000209108	1.04569e-05	0.0039139	-0.00576049	0.122522
0.000391069	-4.94435e-05	-5.33828e-06	-0.00228963	-0.0131946	0.0978381
0.000165471	-1.78689e-05	7.10343e-06	9.94156e-05	-0.00998956	0.0820649
0.000293264	0.000178242	-2.68471e-06	0.00618339	-0.013877	0.122578
6.95845e-05	-1.66605e-05	8.56539e-06	-0.00278803	-0.0122497	0.109315
0.000224593	0.000301126	-1.38783e-06	0.0078388	-0.0138817	0.131834
0.000170522	-0.000229047	8.43937e-06	-0.00226118	-0.00956092	0.1348
0.000376408	-0.000148837	-2.57403e-05	-0.00733346	-0.0139127	0.116945
0.00082121	0.000108104	1.12126e-05	0.00538699	-0.0202492	0.135444
0.00117594	-0.00021697	4.29377e-05	-3.24971e-05	-0.0117704	0.143004
0.000594427	-0.000203657	1.04617e-05	-0.00819456	-0.0170697	0.11251
0.000531344	-0.00028533	-6.78753e-06	-0.0113866	-0.0108162	0.118415
0.000921709	-0.000481366	-6.91958e-06	-0.0117579	-0.0177798	0.144255
0.000256055	0.000113607	-3.37404e-06	0.00507726	-0.00577678	0.129334
0.000124641	-0.000162658	8.15654e-06	0.00131218	-0.00387481	0.103953
0.00014092	5.82359e-05	-3.08406e-05	0.00198649	-0.00490034	0.109427
9.36835e-05	-0.000219792	-3.7701e-05	-0.00272166	-0.00420076	0.112737
0.000291014	-0.000140313	3.3005e-05	-0.000401825	-0.000949381	0.113367
0.000986996	-0.000215864	0.000120667	-0.00562164	-0.0148264	0.127236
0.00137542	-0.000254972	0.000122915	-0.0107263	-0.0159461	0.15331
0.00163538	-0.000169791	-1.11063e-05	-0.000572505	-0.0142541	0.171195
0.00177345	-5.63108e-05	-2.77596e-05	-0.00137565	-0.0286932	0.183751
0.000252086	7.4598e-05	2.43892e-06	-0.00109104	-0.0129464	0.0988791
0.000204049	1.78135e-05	4.05792e-06	-0.000190616	-0.011365	0.0813113
0.000336091	9.21125e-05	2.29834e-05	-5.25828e-05	-0.0134779	0.0858427
0.000987598	0.000132988	1.10551e-05	3.45462e-05	-0.0119847	0.133706
0.00153909	0.000200755	-7.94335e-06	-0.000396458	-0.0184718	0.16477
0.000498063	-0.000111057	2.7277e-05	-0.00245117	-0.00285332	0.124399
4.85077e-05	0.000278935	3.63789e-05	0.00583446	-0.0142121	0.11895
-0.000319763	0.000226226	1.85787e-05	0.000931673	-0.00512568	0.116409
0.000369236	0.000288449	-5.13734e-05	0.0113473	-0.00546243	0.142077
0.00134503	0.000135902	-5.56519e-06	0.00113994	-0.0167465	0.150136
0.00165726	0.000105205	2.91044e-05	0.00194505	-0.0192541	0.172139
0.000159764	-0.000130746	8.23045e-06	-0.00604262	-0.00720047	0.102704
0.000110441	-7.49379e-05	6.49493e-06	-0.00879144	-0.0101657	0.118344
0.00084192	-0.000348828	-1.77867e-05	-0.0118805	-0.00896122	0.150112
0.00125321	-0.000210319	2.09205e-05	-0.00824697	-0.0148892	0.169959
0.000368959	-0.00033791	1.36269e-05	-0.00517302	-0.0035671	0.122716
0.000127481	-0.000203119	2.44914e-05	-0.0135238	-0.00441095	0.129928
0.000881011	-0.000454899	2.47447e-05	-0.0139824	-0.0131741	0.142772
0.000392533	-0.000275014	6.02982e-05	-0.013781	-0.00469469	0.124565
0.000439289	-7.19321e-06	-1.77165e-06	-0.00469099	-0.0129059	0.123657
0.000919835	-2.65228e-05	-2.39985e-05	0.000493646	-0.0187115	0.121023
0.00129139	-0.000219687	0.000111061	-0.0085205	-0.0113663	0.143009
0.00138554	-0.000375336	2.38166e-05	-0.00924717	-0.0102229	0.154164
0.00120407	-0.000527894	4.39083e-05	-0.0127233	-0.0188052	0.153272
0.000610672	-0.000351639	-2.07516e-05	-0.000695741	-0.0142813	0.122087
0.000327116	0.000154686	5.29483e-05	0.0016813	-0.010716	0.0928632
0.000408691	-3.63065e-05	8.85987e-06	-0.00330928	-0.0142007	0.126477
0.00133211	-5.03363e-06	2.94797e-05	-0.00269656	-0.0241276	0.159594
0.00161538	2.46521e-05	-5.79161e-05	-0.00299418	-0.0261231	0.172654
0.00114797	-0.000413462	9.81602e-05	-0.0179618	-0.00778549	0.144431
0.000482688	9.41497e-05	2.06531e-05	-0.00342733	-0.010987	0.106624
-3.1377e-05	0.000125905	-7.58023e-06	0.000853242	-0.00585885	0.112126
2.86575e-05	-0.000159081	-7.16214e-07	-0.00272417	-0.010052	0.133075
0.000123789	6.23302e-07	-1.71684e-05	-0.00605628	-0.010585	0.121592
0.00044068	6.36362e-05	8.67756e-06	6.49075e-05	-0.0132594	0.0996583
0.000398937	8.20426e-05	9.70978e-06	0.00048245	-0.0156098	0.100261
0.000880516	0.000313664	-0.000107689	0.00695331	-0.0209518	0.127692
0.000375666	6.86169e-05	1.97782e-05	-4.59764e-05	-0.0154033	0.087728
0.000948453	0.00013277	-1.90025e-05	0.0051547	-0.02016	0.138896
0.000877572	0.000440181	-2.03934e-05	0.0157129	-0.019299	0.1415
0.00140273	0.000221708	-5.58656e-05	0.00746664	-0.0253431	0.167392
0.00130957	0.00046982	-0.000252808	0.0154344	-0.00867331	0.143494
0.000793864	-0.000251104	-5.35369e-05	-0.0048266	-0.0123446	0.121363
0.00139142	-0.000190694	-1.21336e-06	-0.00307827	-0.0180716	0.158633
0.000656563	0.000459191	-9.1933e-07	0.00805678	-0.015373	0.134629
0.00104029	0.000551729	4.66926e-05	0.0138494	-0.0228223	0.149448
-5.97724e-06	-0.000166851	-6.62949e-05	-0.00375062	-0.0101271	0.103799
-0.000117053	1.02602e-05	1.31003e-05	0.0023176	-0.00329057	0.101221
0.000675619	0.00015405	-2.08645e-05	0.00271458	-0.00851922	0.13729
0.00106759	0.000265957	-9.38255e-05	0.00639362	-0.0167438	0.141506
0.00113515	0.000488332	-8.85522e-05	0.00672387	-0.0224367	0.138765
0.00160006	0.00028268	-4.563e-05	0.00441125	-0.0270935	0.169186
0.00151942	0.000464228	1.01175e-05	-0.00162291	-0.0282031	0.162035
0.00142831	0.000663978	-0.000162327	0.00917397	-0.0228144	0.157253
0.00175861	0.000426086	-0.000143881	0.0108479	-0.020715	0.17437
0.000881171	0.000244578	9.63422e-06	0.000315556	-0.0120722	0.132853
0.000219745	-4.77576e-05	-9.18236e-06	-0.000956652	-0.00917222	0.0965794
0.000430789	-0.000201667	-1.23689e-05	-0.00271909	-0.0148643	0.120483
-1.34368e-05	6.30689e-05	4.42131e-06	0.00190552	-0.0103252	0.11458
0.000972005	-0.00029814	0.000117711	-0.00996912	-0.00879727	0.124243
0.000681599	0.000342874	2.12438e-05	0.00830043	-0.0114023	0.113936
0.000284193	-0.00020721	-6.48766e-06	-0.00546145	-0.00678881	0.121013
0.000175078	6.08216e-05	-1.25271e-05	0.00277286	-0.00817966	0.101651
0.0002848	8.26057e-05	-1.49634e-05	0.00364412	-0.00878138	0.0966037
-3.54549e-05	-1.01577e-05	4.86214e-06	-0.00244961	-0.00300007	0.115597
0.000760012	2.20271e-06	-8.64005e-05	0.000518787	-0.0128491	0.121432
0.000560846	-8.86702e-05	-2.55244e-05	-0.00278514	-0.0087517	0.120144
0.000610645	0.00037456	-1.18308e-05	0.00727345	-0.0112758	0.132192
0.000499802	0.000292184	8.46535e-06	0.000908816	-0.0131479	0.110532
0.000401735	-5.24395e-05	-3.72275e-05	-0.000895018	-0.0111286	0.0978358
0.000413163	-2.48143e-06	6.73487e-06	-0.00507757	-0.00958453	0.102358
0.000391126	-0.000325054	9.96235e-06	-0.00990289	-0.0085398	0.133114
0.000689628	3.8908e-05	2.84072e-05	0.00624834	-0.0131363	0.13695
-8.58301e-05	0.000103602	-8.44416e-07	-0.000934707	-0.00803577	0.115815
0.00054836	0.000327177	1.72524e-05	0.00526832	-0.0171795	0.140644
0.000250255	8.56498e-05	1.88207e-07	-0.000938868	-0.011443	0.0975124
0.000780585	0.000375432	-1.90805e-05	0.00365834	-0.016681	0.114098
0.000864545	-1.22806e-05	-0.000101339	-0.00221372	-0.0185159	0.127498
0.000902757	-0.000383324	6.88471e-06	-0.0146274	-0.0164051	0.13964
0.00117279	-0.000546509	0.000210369	-0.0164714	-0.017836	0.151024
0.00158117	-0.000416456	0.000240203	-0.00835069	-0.0351305	0.171822
0.00185618	-0.000163678	0.000140007	-0.00911456	-0.026924	0.184375
1.03458e-05	9.00308e-05	4.89295e-05	-0.000575873	-0.0100804	0.0934012
1.51202e-05	9.47191e-06	2.02278e-05	-0.00154837	-0.00901011	0.107524
0.000153095	0.000184311	1.54494e-05	0.00236061	-0.00642068	0.10323
0.000534318	0.000385389	5.84757e-05	0.0079939	-0.010462	0.134535
0.000458509	0.000109611	2.832e-05	0.00830695	-0.00996061	0.129317
0.000185804	1.49441e-05	2.32807e-05	-0.00166083	-0.0111162	0.0802443
0.000192158	6.10912e-05	2.14628e-06	0.000376166	-0.0104247	0.0969708
0.000633736	-0.000165692	-1.20788e-05	-0.00267779	-0.0135311	0.114284
0.00021772	-9.23288e-05	1.12182e-05	-0.00768103	-0.00915371	0.101607
0.00109974	-0.000132213	8.46255e-06	-0.00202812	-0.0194022	0.137389
0.00124843	0.00022808	-5.56537e-05	-0.000119303	-0.0098619	0.142566
0.000880461	1.2828e-05	-9.06294e-05	0.00157714	-0.0200932	0.132496
0.000792337	-0.000313329	7.29471e-06	-0.0114959	-0.0154826	0.139442
0.000811485	-0.000216417	0.000151404	-0.00911597	-0.0110042	0.116053
0.000184444	1.63768e-05	1.84323e-05	-0.00059552	-0.0104454	0.0821968
0.000381517	3.81078e-05	1.66074e-05	-0.000271762	-0.0120549	0.0988292
0.000541472	-0.000244764	8.69421e-06	-0.00632265	-0.0195142	0.117919
0.00113714	-0.000135761	4.04615e-05	-0.00620538	-0.022496	0.155343
0.000844857	0.000396131	6.4637e-06	0.0179523	-0.0107311	0.137174
0.000588945	0.000288375	2.76237e-05	-0.000277567	-0.016575	0.115565
0.000904696	-5.05727e-05	9.59965e-06	-0.000156444	-0.0132065	0.127252
0.00143545	-1.30225e-05	5.91576e-05	-0.000499172	-0.0216904	0.157477
0.00181124	-6.60339e-05	9.16637e-05	-0.00357681	-0.0226866	0.179487
0.00195742	-4.99485e-06	4.62773e-05	-0.00357727	-0.0246556	0.191186
0.00105838	-3.32823e-05	6.76715e-05	0.000599916	-0.026235	0.137947
0.000412745	4.67386e-05	3.60474e-05	0.0001414	-0.0105421	0.097964
2.89261e-05	-5.39724e-05	-2.3645e-06	-0.00301833	-0.00622779	0.106561
0.000268921	-9.31057e-05	1.82047e-05	0.000111367	-0.0109286	0.0960675
0.000611469	-0.000234897	3.30854e-06	-0.0121877	-0.0107262	0.132616
0.00119204	-0.000208007	-1.53138e-05	-0.00267206	-0.0263394	0.161443
0.000760399	0.000430234	4.84935e-05	0.00974417	-0.0134681	0.133839
0.00111517	0.00049307	9.73017e-05	0.00491025	-0.0125505	0.150213
0.00127211	0.000632792	7.02093e-05	0.0111527	-0.019017	0.149186
0.00139724	0.000637573	-5.15513e-05	0.00941533	-0.0227754	0.161252
0.000394069	5.33942e-05	3.12898e-06	1.53829e-05	-0.0156141	0.0998107
0.000590581	0.000419813	-2.20769e-06	0.00775247	-0.0153852	0.127741
0.000891381	-5.07435e-05	-7.59811e-05	0.00478907	-0.0188484	0.125865
0.00120393	-0.000180132	0.00012231	-0.00529553	-0.0253343	0.140826
0.00157277	-9.29013e-05	7.5936e-05	-0.00265671	-0.0282596	0.167692
0.00108802	0.000426484	-6.67498e-05	0.00618829	-0.0226773	0.136017
0.00119161	-5.76095e-05	-0.000112956	0.00487846	-0.0153598	0.137357
0.00130828	-0.000196341	1.94781e-05	-0.0039205	-0.0249683	0.152049
0.00183521	-7.62627e-05	0.000121104	-0.00612371	-0.0106747	0.178649
0.00121468	0.000519679	-1.082e-05	0.00711739	-0.0153009	0.139878
0.00160626	0.000412234	-0.000108308	0.00547271	-0.0235787	0.16631
0.00178588	0.000311098	-6.69798e-05	0.00293434	-0.0260397	0.180708
0.000963407	6.33219e-05	-3.83221e-05	-0.00266258	-0.0249803	0.13934
0.000383412	-0.00035587	4.34067e-05	-0.0110357	-0.00877106	0.115293
0.000252831	0.000105031	2.06859e-05	0.00154414	-0.00609949	0.130394
0.000644458	0.000310743	1.27962e-05	0.00613794	-0.0115379	0.145577
-0.000136043	-0.000123733	-4.02531e-05	-0.00685356	-0.0051083	0.115668
0.000478	-0.0001317	-1.95506e-05	-0.00122619	-0.00831973	0.131105
0.000829272	0.000255376	-2.92195e-05	0.00284365	-0.0103837	0.139183
0.000661505	-0.000347532	-2.16278e-05	-0.0109174	-0.0146102	0.119558
0.00108693	-0.000442795	7.78017e-05	-0.013059	-0.015208	0.142042
0.00151781	-0.000467204	6.51062e-05	-0.0139964	-0.0257935	0.163601
0.000351514	8.27878e-05	2.71326e-05	0.004774	-0.0131501	0.11827
0.000925061	-9.52303e-06	-1.35879e-05	-0.00148121	-0.0151727	0.141543
0.000427576	0.000144715	5.23324e-05	-0.00124898	-0.0152476	0.119104
0.000415961	5.58134e-05	6.74314e-06	-0.00272926	-0.0131405	0.0984257
0.00105482	8.12749e-05	9.11329e-06	-0.000546378	-0.0213863	0.151897
0.000833792	0.000500413	7.21898e-05	0.00903562	-0.0172241	0.131395
0.00138801	0.000407816	-0.000160885	0.00999501	-0.0202743	0.154845
0.00138393	0.000517585	-4.97365e-05	0.0108683	-0.024637	0.159891
0.00143379	0.000587644	-3.2528e-05	0.0106126	-0.0214427	0.154223
0.000612288	-0.000105243	6.84183e-06	0.000996624	-0.0129974	0.118937
0.0014229	2.86883e-06	2.86611e-05	0.000211193	-0.0178406	0.156687
0.00124649	-0.000405298	3.80664e-05	-0.0146749	-0.0186462	0.146579
0.00145714	-0.000519194	0.00015578	-0.00807084	-0.0203339	0.159631
0.000805919	-0.000244614	4.9825e-05	0.00309976	-0.00925274	0.131378
5.88951e-05	0.000133453	3.34095e-06	-0.000445181	-0.00835464	0.114971
0.000115075	-0.000201061	8.66586e-06	-0.00617582	-0.00592326	0.134515
0.000141021	0.000225182	2.59807e-07	0.00348778	-0.0115029	0.13282
0.000779249	0.000456324	7.83717e-06	0.00625703	-0.0242727	0.144449
0.000318447	6.87667e-05	4.77803e-05	0.00231982	-0.0173959	0.10389
0.00127048	-6.49686e-05	-2.56003e-05	0.00105861	-0.0236557	0.147795
0.00103973	0.000393516	-0.000142977	0.00737508	-0.0225236	0.131274
0.000171815	2.11509e-06	-8.06915e-06	0.000429269	-0.0120842	0.0811592
0.00013431	0.000162107	-4.40299e-06	0.00347983	-0.0138276	0.101761
0.000430459	-0.000282618	7.19094e-06	-0.00802574	-0.00741595	0.11725
0.000875662	-0.000464918	8.4893e-06	-0.00630305	-0.0213582	0.13626
0.00157883	-0.000192246	-2.52905e-05	-0.0054208	-0.0232894	0.166147
0.00183777	-0.000112185	-0.000146767	0.00387891	-0.0288932	0.185218
0.00156745	0.000312062	-5.27096e-05	0.0111874	-0.0157455	0.169611
0.00129116	0.000571591	-0.000141055	0.00967943	-0.0165556	0.147895
0.0016497	0.000373343	-0.000224848	0.00735021	-0.0207387	0.17166
0.00182113	0.000181502	-7.51972e-05	0.00175616	-0.0234643	0.181857
0.00110805	-0.000602433	-4.10078e-05	-0.00348056	-0.0167787	0.133541
0.00100627	-0.000103826	3.06546e-06	-0.00279904	-0.00924851	0.128784
0.000592531	4.21824e-05	-5.80096e-05	-0.00344091	-0.0213713	0.126181
0.000175294	-3.51388e-05	-6.49326e-05	-0.00562946	-0.00881313	0.116213
0.000934596	-0.000210771	-5.58734e-05	-0.00750606	-0.0197345	0.132851
0.000245415	1.28424e-05	-5.17744e-05	-0.00147887	-0.00908594	0.0809776
0.000249564	-5.82285e-05	-4.04216e-05	-0.00452338	-0.0111034	0.0949144
0.000782126	-0.000298681	-3.88808e-06	-0.0103103	-0.0120104	0.118034
0.00103805	-0.000496759	-4.34511e-05	-0.0122218	-0.00669295	0.141087
0.000866172	-0.000281376	-1.00662e-05	-0.000721407	-0.0169643	0.11931
0.000626476	0.000107344	-2.15001e-05	0.0029263	-0.0176166	0.113687
0.000648806	0.000194802	7.50431e-06	-0.00180864	-0.00748703	0.106176
0.000201149	3.26633e-06	-1.85107e-05	-0.00224963	-0.00704005	0.0809913
0.000294931	9.04114e-05	-1.5956e-05	-0.00072171	-0.00678035	0.0957127
0.000998696	7.40016e-05	1.30034e-05	-0.00555501	-0.0158592	0.141818
0.00153893	0.000119344	-3.87421e-05	0.00360423	-0.0180117	0.164773
0.000818999	-3.75398e-05	-2.84642e-05	-0.000755826	-0.0222007	0.133286
0.000233766	-0.00013305	-5.55357e-05	-0.00519922	-0.0108382	0.115348
0.000312088	0.000101245	5.32417e-05	0.000254491	-0.00666925	0.095201
0.000943475	0.000109463	6.66695e-05	-0.000109744	-0.0162036	0.145906
0.00144936	0.000147766	-4.8408e-05	0.00385888	-0.0123076	0.162159
0.0010321	-0.000410086	8.20244e-05	-0.0107947	-0.0139498	0.129988
0.00147287	-0.000232912	0.000135414	-0.00579745	-0.0202395	0.161716
0.00184867	-0.000160129	8.58192e-05	-0.00495099	-0.0218157	0.179464
0.000941304	1.06132e-05	2.62376e-05	-0.00484766	-0.0207513	0.139153
0.000219233	3.1784e-06	1.3838e-05	0.00240958	-0.0098353	0.0797246
0.000461173	-0.000285818	-4.83505e-06	-0.00343971	-0.0113076	0.115193
0.000404242	-7.79475e-05	7.25949e-06	-0.00551128	-0.0159461	0.118457
0.000250185	-0.000140415	2.56722e-05	0.00174091	-0.0133125	0.0898665
0.000122311	0.000169522	4.52236e-05	0.00261077	-0.0114009	0.103107
0.000481671	3.37681e-05	-3.69703e-05	0.00448226	-0.0148256	0.106574
0.000369151	-9.10799e-06	6.77663e-06	0.000351699	-0.0175042	0.114229
0.00112451	0.000129995	-8.56092e-05	0.00554876	-0.0132562	0.135272
0.00149641	9.37443e-05	-5.39644e-05	0.00138666	-0.0230959	0.162369
0.00176182	6.03874e-05	-5.62066e-05	0.000909946	-0.0259712	0.17958
0.00145301	-0.000189908	-5.11754e-07	-0.0106108	-0.0257096	0.163594
0.00095396	-7.13061e-05	2.99037e-05	0.00721128	-0.018655	0.139478
0.00101418	0.000272948	-2.23097e-05	0.00539285	-0.0151484	0.152034
0.000572244	0.000167525	2.57633e-05	0.0112626	-0.0122296	0.127313
0.000291621	-0.000158501	-5.45311e-06	-0.00481384	-0.00862569	0.105042
0.000322102	-0.000256044	-3.05735e-05	-0.00511381	-0.00991459	0.118345
0.000433934	-0.000168795	-1.63498e-05	-0.00516333	-0.00615708	0.113344
0.000170545	9.01959e-06	1.02936e-05	0.000106808	-0.00771346	0.103919
0.000267804	0.00037296	-2.9748e-05	0.00607032	-0.00946317	0.123659
0.000639136	0.000503011	-5.00124e-05	0.0128088	-0.0143214	0.142954
0.000941263	0.000611637	7.32127e-05	0.0167907	-0.00974546	0.143833
0.000646566	0.000296282	-2.87578e-05	-0.0013894	-0.0214652	0.123004
0.000364612	-0.000361864	-4.94619e-05	-0.00867227	-0.0166791	0.117518
0.00038602	-0.000277136	3.42437e-06	-0.00372987	-0.00449984	0.105853
0.000725729	-0.000200368	6.21173e-05	-0.00608339	-0.0134219	0.114261
0.00094558	-0.000484361	-4.95549e-05	-0.0108719	-0.0153016	0.138188
0.00156766	-0.00035987	0.000118661	-0.00747142	-0.0257715	0.170372
0.00127596	-0.000646637	9.23654e-05	-0.0108971	-0.0194314	0.14652
0.000286255	6.75258e-05	2.40632e-06	0.0055693	-0.00966004	0.109006
0.000677485	-0.000252896	-2.40335e-05	-0.00325525	-0.0172789	0.13302
0.000989059	-0.000594149	-4.77384e-05	-0.010932	-0.0139414	0.141419
0.000767635	-0.000328316	0.000103867	-0.0072791	-0.00836232	0.125961
0.000747455	-0.000248174	-5.25314e-05	-0.00238699	-0.0161754	0.140906
0.000311384	8.87709e-05	1.95528e-05	0.00057644	-0.0110258	0.0877165
0.0010287	0.000185124	-3.4268e-05	0.00454407	-0.0205435	0.139618
0.00156148	4.87925e-05	-5.10803e-05	0.00297531	-0.0239753	0.167189
0.00136042	-0.000315149	1.05914e-05	-0.000631684	-0.0136266	0.158857
0.0011276	-0.000625845	0.000100614	-0.0133896	-0.00911706	0.143473
0.000164909	4.19083e-05	1.42902e-06	0.00122801	-0.0117835	0.109903
0.000860983	6.95602e-05	-2.87222e-05	0.00341853	-0.0160051	0.149319
0.00022908	-0.000116137	-1.83285e-07	-0.00164412	-0.00699694	0.0975765
0.000713378	-0.000375821	-1.82503e-05	-0.00634963	-0.0119689	0.125642
0.000583613	-0.000198394	8.49419e-05	-0.00882994	-0.00904056	0.118485
0.000650698	0.000322709	4.07848e-05	0.00365291	-0.0128824	0.125016
0.00109397	0.000541138	-9.03874e-05	0.00786081	-0.0155709	0.134431
0.000143384	1.72582e-05	8.97383e-06	0.000884081	-0.00752603	0.108117
0.000675742	0.000357415	5.69597e-05	0.00594909	-0.0181808	0.132358
0.00116506	0.000558455	2.04874e-05	0.00882892	-0.0166201	0.14458
0.00043753	-3.27308e-05	-7.27525e-06	0.000695213	-0.013101	0.101574
0.00124383	8.84085e-06	-4.73008e-05	0.000968177	-0.0208216	0.146177
0.00167115	-2.87794e-06	-1.25013e-05	-0.00025917	-0.00906516	0.167193
0.00124333	0.000201084	-0.000124714	0.00928718	-0.0277471	0.154212
0.000281124	-6.71574e-05	-1.97785e-05	0.00133029	-0.0132385	0.106597
-7.33218e-05	-0.000139766	-1.20123e-05	-0.00487101	-0.00788112	0.110349
0.00060998	-0.000179214	-1.6646e-05	-0.00216173	-0.0134111	0.148119
0.00057014	-7.02366e-05	1.47352e-05	-0.0021493	-0.019214	0.121472
0.000762897	-9.48733e-05	6.10486e-06	-0.00318407	-0.0164807	0.127899
0.000991733	-0.000300216	-6.90846e-05	-0.014605	-0.0185446	0.145126
0.000482248	-0.000240395	-4.29591e-05	0.00284349	-0.016689	0.12384
0.000401516	0.000321567	9.58556e-07	0.00669737	-0.0120698	0.133009
-0.000111319	-2.03661e-05	2.22516e-05	0.000259838	-0.00658749	0.114485
0.000212194	5.17719e-06	-3.19173e-06	-0.000875275	-0.0119808	0.0799727
0.000238161	5.11891e-05	4.05789e-07	-0.00246222	-0.0122464	0.093197
0.000150456	3.68042e-05	2.8911e-06	-0.000335278	-0.010366	0.0993311
0.000334427	-0.000178466	-4.57925e-08	-0.00595463	-0.0132096	0.120524
0.00117947	-0.000143318	0.000184388	-0.00904654	-0.0244092	0.155442
0.000876748	0.000371385	-7.68786e-05	0.00871185	-0.0220915	0.127876
0.000787495	-0.000217095	3.96284e-05	-0.00912069	-0.0115398	0.12336
0.000284545	1.70706e-05	6.54129e-05	0.00150955	-0.0173998	0.106976
0.000404731	-0.000308249	1.34606e-05	-0.0157301	-0.0122501	0.130697
0.000980411	-0.000450469	2.02336e-05	-0.00857873	-0.0161756	0.155369
0.00141429	-0.000353702	0.000189551	-0.00963121	-0.0316369	0.172321
0.0013075	-0.000621462	0.00016015	-0.0137152	-0.0151714	0.143498
0.000651733	0.000167209	1.86898e-05	0.00703143	-0.0174599	0.111781
0.000921714	-0.000116633	4.72431e-06	-0.0102666	-0.0191202	0.131607
0.00101618	-0.00043315	5.018e-05	-0.012581	-0.0211199	0.140119
0.000248739	0.000128956	-3.63803e-05	0.00222656	-0.0104138	0.0923747
0.000636935	-4.68144e-06	-7.4631e-05	-0.00223469	-0.0136765	0.120178
0.000502302	-0.000337954	3.41201e-05	-0.0129296	-0.0207155	0.138181
-1.89081e-05	-0.000122456	-2.14589e-05	-0.0051266	-0.00638319	0.107994
0.000955494	-2.82918e-05	5.58511e-05	0.00174109	-0.0184121	0.133982
0.00109607	0.000157238	9.48222e-06	0.00177077	-0.0203394	0.135185
0.000927709	3.0045e-05	3.55671e-06	0.000350122	-0.00675954	0.121168
0.00122322	-0.000161685	6.19799e-05	-0.00329216	-0.0183682	0.140072
0.000163148	-0.000193332	-2.43292e-06	-0.00629307	-0.00774632	0.0974902
0.00049438	-0.000428407	-3.91094e-05	-0.0164891	-0.014333	0.131359
0.000417191	-0.000287064	5.94372e-05	-0.0155674	-0.00839992	0.1279
0.000144996	-0.00023384	7.07115e-06	-0.0108955	-0.00525148	0.12933
-0.000102633	7.37055e-05	4.70796e-07	0.000838181	-0.00815608	0.115576
0.000170636	-0.000230912	-1.11214e-05	-0.00406848	-0.0093796	0.113745
0.000894334	-0.000192626	9.40067e-06	-0.00470462	-0.0165163	0.155075
0.000337591	-0.000201847	2.37619e-05	-0.0128302	-0.00547662	0.126131
0.000107894	-0.000117424	1.7467e-05	-0.000857683	-0.00932892	0.125201
0.00030483	-0.000108235	2.17002e-05	0.00117264	-0.0111715	0.129625
0.000838313	-0.000375508	2.52126e-05	-0.0102165	-0.0228392	0.113893
0.00127636	-0.00030648	7.91585e-05	-0.00845503	-0.0201337	0.148421
0.00120223	0.000108215	-5.991e-05	0.00586657	-0.0236465	0.146068
0.00111812	0.000519358	-7.73323e-05	0.0133526	-0.00692238	0.141136
-1.24098e-05	-0.000146532	2.52057e-05	-0.00513562	-0.00474028	0.108975
0.000484862	5.39936e-05	2.09123e-05	0.000715009	-0.0101443	0.0998302
0.00121011	-7.2402e-05	1.31987e-05	-0.00353797	-0.020042	0.14639
0.00162618	-6.03376e-05	7.30415e-05	-0.0025229	-0.0268092	0.170218
0.0012572	-0.000508614	6.25034e-05	-0.00714582	-0.0157219	0.140444
4.61522e-05	6.39484e-06	1.88194e-05	-0.000438582	-0.0114712	0.0886971
0.000218256	-0.000174575	7.43391e-05	-0.00287911	-0.00895304	0.0946849
0.000288872	-0.000101816	1.01333e-05	-0.00458645	-0.0120369	0.0936727
0.000208898	-0.000114023	4.35047e-05	0.00184011	-0.0122279	0.109068
0.000151898	-4.06256e-05	1.22978e-05	-0.000278984	-0.0103315	0.102019
0.0007755	-0.000201298	-1.53067e-05	-0.000717559	-0.0126894	0.110386
0.000165975	0.000220033	5.57763e-05	0.00101066	-0.0101276	0.0981062
0.000543082	0.000445246	4.5626e-05	0.0089242	-0.0113709	0.123582
0.00118202	0.000398214	-3.58946e-05	0.0103628	-0.0207125	0.150541
0.00117335	0.000584332	-9.56317e-05	0.00805877	-0.0171469	0.141521
0.00148179	0.000423863	-6.77841e-05	0.00780069	-0.0227137	0.162975
0.000832943	0.000134677	-8.59302e-05	0.0109391	-0.0100582	0.127729
0.000590159	-0.000324618	3.09582e-05	-0.0155495	-0.00874378	0.127649
0.00054785	-0.000206708	3.13306e-06	0.00241876	-0.0161647	0.127628
0.00077383	0.00026847	-3.00289e-05	0.00331097	-0.0126576	0.132363
0.00148085	0.000178063	-3.84092e-05	0.00234991	-0.0232648	0.159919
0.00184992	0.00010224	4.86958e-05	-7.3811e-05	-0.0267689	0.185143
0.00117158	-0.000439103	3.06996e-06	-0.00626035	-0.0173184	0.139387
0.000653108	0.00039798	-1.1122e-05	0.00815376	-0.013073	0.122067
0.001187	0.000487962	2.10348e-05	0.00624058	-0.0207364	0.139466
0.001638	0.000188802	-7.18408e-05	0.00379998	-0.0254983	0.169142
0.00085039	-0.00044574	3.26488e-05	-0.0094929	-0.0154338	0.135408
0.00141738	-0.000406929	8.24314e-05	-0.00746868	-0.0212367	0.155459
0.000318882	7.17355e-05	2.22434e-05	0.000530981	-0.0095061	0.0912338
0.00108155	0.000113839	-7.55616e-05	0.00724068	-0.0156081	0.132314
0.00103213	-0.000212889	4.52255e-05	0.00340218	-0.0224699	0.139394
0.00100881	-0.000518193	8.99313e-05	-0.00809917	-0.00983844	0.140336
0.000432786	-0.000273439	4.11113e-05	-0.0132973	-0.0123403	0.121071
0.000427008	-3.954e-05	-1.31195e-06	0.000741958	-0.0117805	0.0995723
0.000461114	7.86909e-06	3.62599e-05	0.000782176	-0.0125525	0.0946337
0.00111719	4.82522e-05	-1.51032e-05	0.0020268	-0.017014	0.141878
0.00114005	0.000221728	4.09887e-05	0.0104814	-0.0171042	0.146789
0.00120948	0.000521702	-4.71376e-05	0.0110177	-0.0140603	0.140716
0.00136087	0.000606112	1.07918e-05	0.00785766	-0.00548713	0.146814
0.000882552	0.00025961	-9.74335e-05	0.00876318	-0.00675483	0.122133
3.57249e-05	5.32717e-05	7.18817e-05	0.000615997	-0.0111829	0.106193
0.000119872	-0.000236208	4.86642e-05	-0.00545362	-0.00808698	0.117644
0.000601385	-0.000490789	5.25351e-06	-0.0105792	-0.00961098	0.138614
0.00080263	0.000239122	5.09556e-05	0.00459733	-0.0147649	0.119186
0.00067779	0.000150662	-1.14785e-05	0.00148929	-0.0231045	0.113919
0.000199953	3.40642e-06	2.59088e-05	0.000141444	-0.0117601	0.0799776
0.000726679	0.000163716	4.26589e-05	0.0033324	-0.0142649	0.112457
0.000246415	6.54739e-06	3.69193e-05	-8.18096e-05	-0.0132023	0.0804736
0.000177025	1.79344e-05	3.39241e-05	-0.00061547	-0.0122047	0.0792343
0.000148491	-4.44124e-06	3.43287e-05	0.00300103	-0.0130054	0.115278
-0.000134381	7.94274e-05	3.90558e-05	0.00224601	-0.00753403	0.120055
0.000554898	0.000303729	-1.74577e-06	0.00725066	-0.0162482	0.144858
0.000823628	0.000614405	1.06069e-05	0.0130807	-0.022355	0.137963
0.00101702	9.44864e-05	5.36522e-05	-0.00829693	-0.0154237	0.135196
0.000274759	-2.56989e-05	5.30652e-05	-0.00111837	-0.0102644	0.0950538
0.000757684	0.000200051	-1.16335e-05	0.00339718	-0.016032	0.110964
0.000889262	-0.000280456	2.75504e-06	-0.00650911	-0.0171126	0.118792
0.00149717	-0.000260528	2.22251e-05	-0.00994992	-0.0239203	0.158098
0.00118411	-0.000551677	6.35443e-05	-0.0161536	-0.0243643	0.145752
0.00113793	-0.000703467	3.04364e-05	-0.0136894	-0.0189976	0.148135
0.00144139	-0.000537389	-7.22816e-05	-0.00906279	-0.041309	0.166147
0.000292082	-9.47391e-05	-9.19644e-06	-0.00149785	-0.0132256	0.0940003
0.000656275	-0.000331776	-2.85167e-05	-0.00622089	-0.0139607	0.133027
0.000694401	-0.000285258	0.000100068	-0.00912928	-0.00664786	0.109394
0.000331818	7.37077e-05	1.82035e-05	-0.00198913	-0.0117322	0.110402
0.000348853	-3.28721e-05	4.40839e-05	0.00432226	-0.0042326	0.121139
0.000285567	-0.000188138	-3.31181e-05	-0.00951015	-0.0123278	0.10557
0.000282334	0.000101744	-1.66264e-05	0.00161476	-0.00371754	0.108567
0.000140622	-4.52836e-05	1.03376e-05	-0.00132841	-0.00691609	0.114436
0.00065031	4.04692e-05	8.38557e-05	-0.00573857	-0.0184076	0.138958
0.000689352	0.00019184	-5.21896e-05	0.005797	-0.00701124	0.11112
0.000711337	6.83354e-05	-3.17302e-05	0.00150233	-0.0128695	0.128817
0.000388747	0.000220268	8.26778e-06	0.00384486	-0.00912449	0.105166
0.000341562	-0.000235259	1.11875e-06	-0.00762252	-0.0101338	0.121481
0.00112128	-0.000275069	-2.02953e-06	-0.00650045	-0.0263056	0.148514
0.00100047	0.000362105	-3.95447e-05	0.00252333	-0.0190298	0.124985
0.00077195	0.000167764	4.85676e-05	-0.00156089	-0.0229161	0.120003
0.000378496	3.58708e-05	7.53839e-06	0.000770196	-0.0102027	0.0992792
0.00112481	7.80401e-05	1.49019e-05	1.07471e-05	-0.0188051	0.145356
0.000390195	-0.000235008	1.45791e-05	0.000556423	-0.0151035	0.112001
0.000128657	8.74129e-05	1.46486e-05	0.00295676	-0.0113477	0.0975075
0.000447706	0.000386474	-1.22772e-06	0.0113656	-0.0150283	0.131189
0.000218855	0.000178683	2.08192e-05	0.00217814	-0.0099939	0.0963301
0.00106969	0.000142325	-3.4739e-05	0.0026157	-0.023981	0.136131
0.00158834	9.11428e-05	-3.62479e-05	-0.00293981	-0.024205	0.166362
0.000448276	-0.000206499	-3.09352e-05	-0.0026995	-0.023286	0.115931
0.000713304	0.000189262	1.3148e-05	0.00322872	-0.0136836	0.133655
0.00147815	2.86023e-05	-3.71402e-05	0.000318238	-0.0218364	0.159757
0.00142723	-0.000320215	-4.99026e-05	0.00019084	-0.0124445	0.154272
0.00117138	-0.000533631	1.35639e-05	-0.0112058	-0.0165214	0.147321
0.00124379	-0.000639895	4.51437e-05	-0.00915635	-0.00626179	0.144982
3.2955e-05	0.000164464	-1.38232e-05	0.00374194	-0.00263797	0.107493
0.000166501	-8.8989e-06	5.42937e-06	-0.000610992	-0.00617349	0.102921
0.000364143	1.9898e-05	2.78015e-05	-0.00372031	-0.0107547	0.102433
0.000755288	0.000326522	-2.41731e-05	0.0066665	-0.00954836	0.121467
0.000226993	-0.000247531	-3.44743e-05	-0.00521408	-0.00605616	0.120296
7.41008e-05	8.39667e-06	1.58555e-05	0.000703685	-0.00714382	0.0917723
3.30562e-05	-0.000207939	-1.33953e-05	-0.00563304	-0.00816314	0.11058
4.91249e-05	0.000251871	-3.87463e-05	0.0052342	-0.00341656	0.1056
0.000988236	0.000191744	-7.67879e-05	0.00869112	-0.0148916	0.147685
0.00114433	0.00045346	-0.000151308	0.00691354	-0.019172	0.139913
0.00165958	0.00037858	-8.18558e-05	0.00465375	-0.0186362	0.171763
0.00184797	0.000305807	-0.000102252	0.00860055	-0.0333804	0.185921
0.00156445	-0.000142369	-0.000101709	0.00291911	-0.00893627	0.160106
0.00126555	-0.000565424	4.56224e-06	-0.00758833	-0.0144839	0.145279
0.00148022	-0.000610197	0.000137636	-0.0110216	-0.00560809	0.158068
0.000231509	8.22655e-05	1.71334e-05	0.00301035	-0.00771638	0.0951023
0.000621926	0.000306644	5.03051e-05	0.0101986	-0.0147754	0.139943
0.000387227	-0.000128515	1.59047e-05	-0.00678899	-0.0136634	0.111998
0.000652901	3.2297e-05	0.000102205	-0.00317532	-0.013714	0.126721
0.000640836	0.000130999	8.14726e-05	0.00172476	-0.0117173	0.135319
0.000414997	-5.11078e-05	-6.13155e-06	-9.37267e-05	-0.0104425	0.101814
0.000671037	-0.000372288	-1.77713e-05	-0.00734136	-0.00826088	0.118598
0.000623843	-0.00023495	0.00012847	-0.00646545	-0.00545682	0.10351
0.000117053	-8.08096e-05	4.13958e-06	0.000227791	-0.00489317	0.107419
-5.81564e-05	0.000105529	2.32894e-05	0.00145486	-0.000263069	0.115475
-6.42907e-05	5.303e-06	-2.49322e-05	-0.000455234	-0.00470246	0.127569
0.000500659	-7.13848e-05	-2.15507e-05	0.00103771	-0.01005	0.100349
0.000415403	9.77623e-05	3.41351e-05	0.000623772	-0.00775968	0.0892453
0.000574537	3.57417e-05	-4.00058e-06	0.00153478	-0.004546	0.102298
0.00056905	0.000272109	3.13729e-06	0.00756125	-0.00456772	0.113557
0.000521614	0.000178104	-6.16718e-05	0.0114269	-0.00718195	0.108654
0.000147476	-7.762e-05	2.20619e-06	0.0035899	-0.0058119	0.117107
0.000855317	-0.00010024	4.91463e-06	-0.00405817	-0.0129652	0.147623
0.0015841	-0.000164167	-9.60198e-07	-0.00427159	-0.0194845	0.163398
0.00187546	-0.000133289	7.24778e-06	-0.000178214	-0.0096939	0.181915
0.00201263	-1.25995e-05	4.8182e-05	-4.11262e-05	-0.027808	0.191609
0.00131948	0.000572298	-1.85445e-05	0.00987559	-0.0202269	0.154743
0.00158717	0.000399039	-4.60583e-05	0.00881547	-0.0282956	0.172511
0.00178946	0.000265554	-5.77126e-05	0.00920102	-0.0186605	0.178692
0.00163594	0.000398417	-0.000212628	0.0135168	-0.016604	0.167222
0.000670025	0.000227023	-4.99235e-05	0.0148027	-0.0239542	0.120931
-2.90866e-05	-0.000201611	-2.43335e-05	-0.00128753	-0.00858144	0.099583
0.00096268	2.53935e-05	1.13867e-05	0.00216793	-0.0170551	0.126726
0.00115714	0.000231584	-3.98011e-05	0.0118026	-0.0235528	0.142437
0.00135511	0.000320442	-0.000124493	0.00922553	-0.0254186	0.153375
0.00118729	0.00050073	-5.37975e-05	0.0104248	-0.0277092	0.150874
0.00130365	0.000470259	-3.99762e-05	0.010786	-0.0262178	0.153152
0.00134695	0.000689219	-7.46193e-05	0.00951202	-0.0203581	0.145161
0.00158282	0.00060718	-3.11694e-05	0.00731587	-0.0296996	0.169902
0.000468317	-5.11003e-05	7.55324e-07	0.00393941	-0.00901359	0.114066
-2.23656e-05	7.3924e-05	-5.83325e-06	0.00054742	-0.00609832	0.114903
0.000668887	0.000497821	3.44367e-05	0.0105935	-0.00887698	0.128636
0.00104256	0.000604861	0.000123545	0.0106596	-0.0150619	0.145598
0.00147601	0.000485052	-0.000137602	0.0111077	-0.0215817	0.163952
0.00181874	0.000399337	-1.24569e-05	0.01035	-0.0150587	0.179458
0.00134872	-4.83476e-05	-9.78797e-05	0.0066272	-0.0199842	0.159818
7.137e-05	8.20156e-05	4.62389e-07	0.00407965	-0.00421995	0.111873
0.000540596	0.000306986	4.93947e-06	0.00930886	-0.00786837	0.14105
0.00104481	0.000395398	0.000165206	0.010772	-0.0101871	0.155439
0.0010715	0.000476811	-3.93316e-05	0.0216706	-0.0269305	0.158337
0.0014057	0.00074377	-8.47098e-05	0.0127741	-0.0136797	0.152133
0.00152688	0.000643706	-0.000109803	0.0136114	-0.0206879	0.163098
0.00186705	0.000444155	-2.71777e-05	0.0087128	-0.0231866	0.183368
0.0019704	0.000359196	-0.000152527	0.00430985	-0.0241807	0.192784
0.00210953	0.000380214	-0.000151569	0.0062514	-0.0239264	0.196793
0.00121787	0.000105625	-0.000154391	0.00591255	-0.00933494	0.139949
0.000666035	-0.00022735	-2.4567e-05	-0.00698424	-0.0118027	0.112816
0.000350216	0.000128267	-2.30936e-05	0.00233314	-0.00985216	0.106573
0.000550634	0.000438523	4.45059e-06	0.00847896	-0.0156977	0.131461
0.000181053	-0.000137159	-8.49969e-07	-0.00757913	-0.00964294	0.12388
0.000732589	-0.000167671	-4.67774e-05	-0.00857322	-0.0160768	0.148537
0.00151716	-0.000230256	2.98545e-05	-0.00946417	-0.0232774	0.161468
0.00179933	-0.000141014	-3.49882e-05	-0.00370833	-0.0205589	0.179189
0.00155743	-0.000291674	5.07274e-05	-0.00491221	-0.00982648	0.164193
0.00138026	-0.000578439	0.000100015	-0.0125713	-0.0263726	0.152965
0.0016295	-0.000402484	2.42757e-05	-0.00301728	-0.0240572	0.172254
0.00125744	-0.000672169	4.23041e-05	-0.0111384	-0.016831	0.145685
0.00156388	-0.000542142	0.000106269	-0.0121337	-0.0202982	0.16508
0.00139442	6.73547e-06	0.000103654	-0.00402077	-0.00640805	0.148615
0.000725137	0.000116287	-6.3356e-05	0.00680483	-0.00585565	0.107815
0.000522712	6.49196e-06	2.70102e-05	0.00106888	-0.0100889	0.0955663
0.000834083	-0.000286373	0.000104353	-0.00302498	-0.0129193	0.117673
0.000757703	0.000296455	-6.66474e-05	0.00460026	-0.0117958	0.1174
0.00128912	0.000238251	4.4086e-05	0.00211108	-0.0153845	0.152437
0.00163278	0.000128849	-6.1245e-05	0.0039472	-0.0213752	0.170429
0.000973597	-0.00047473	5.6428e-05	-0.00913705	-0.0101821	0.135217
0.000704381	-0.000227676	0.000115981	-0.00968045	-0.00527781	0.121431
0.000977602	0.000144664	-1.04469e-05	0.00574149	-0.0141148	0.136059
0.000753312	0.000438706	7.20899e-05	0.0169268	-0.0163335	0.139155
0.00109802	0.000604616	-5.70588e-05	0.0125337	-0.0188566	0.146626
0.000213118	7.83744e-05	-5.70377e-06	0.00308904	-0.0104103	0.0958851
-6.52495e-06	-2.95797e-05	-1.53053e-05	-0.000907369	-0.00634226	0.0906819
0.000818272	6.25972e-05	-1.51878e-06	0.00174807	-0.0164398	0.126499
0.000636705	-3.93766e-05	-4.20415e-06	0.000601746	-0.0224209	0.120629
0.000365953	-0.000382073	2.48343e-05	-0.00932788	-0.0128199	0.120022
-6.1027e-05	-7.12036e-05	-1.64736e-05	-0.000792426	-0.0060989	0.116144
6.33459e-05	-6.59548e-05	1.77955e-05	0.00329843	-0.00136895	0.126142
0.000160113	-0.000142627	3.17798e-06	-0.00620868	-0.00669443	0.104734
0.000282223	4.1924e-05	-2.75865e-06	0.000991682	-0.0080077	0.0971807
0.000243465	-3.93808e-05	1.99574e-05	0.00396204	-0.00242584	0.114249
0.000523943	-7.07102e-05	-2.6212e-05	-0.0029233	-0.00835194	0.119752
0.000267971	-0.0002829	-4.16054e-05	-0.00348274	-0.0130516	0.113794
0.000381879	-0.000277822	-2.00708e-05	-0.0116382	-0.0150075	0.129025
0.000410831	-0.000241603	2.3412e-05	-0.00143012	-0.0138661	0.111305
0.000269518	-0.000158095	-5.1234e-05	-0.0033491	-0.013795	0.0942325
0.000340142	-9.05907e-05	2.19229e-05	-0.00268237	-0.00773237	0.0885094
0.00100453	-0.000144591	3.51059e-05	-0.00291051	-0.0173784	0.135841
0.000702105	0.000425527	7.92604e-06	0.00847422	-0.00796134	0.127101
0.00134617	0.000285858	-0.00011821	0.00934488	-0.00812735	0.147854
0.000940197	-0.000270427	-2.5604e-05	-0.00410718	-0.0133607	0.124382
0.000778677	-8.24006e-05	3.33484e-05	-8.62305e-05	-0.0218119	0.118763
0.000303468	-7.5317e-05	-1.01529e-05	-0.00412602	-0.00977085	0.0952987
0.000241382	4.74569e-06	-3.39395e-06	-0.000613363	-0.00867175	0.0807676
0.000570079	-0.000100291	-1.52099e-05	-0.00562757	-0.014174	0.115248
0.000913333	-0.000361699	6.422e-05	-0.00814233	-0.0117914	0.13844
0.000999764	-0.000604412	4.45805e-05	-0.0127711	-0.0133495	0.140225
0.000173464	-4.68691e-05	-3.53237e-06	-0.00540913	-0.00820368	0.114532
0.000137678	-4.62132e-05	-1.34131e-05	-0.00527027	-0.00755543	0.121691
0.00059933	0.000202888	3.43603e-06	0.00792689	-0.0124063	0.131004
0.00104755	0.000377103	-3.0685e-05	0.00545354	-0.013996	0.15558
0.000706087	-0.000326149	-9.42296e-05	-0.00628754	-0.011975	0.133353
0.00127985	-0.000347678	0.000149935	-0.0141072	-0.0189313	0.152754
0.00136807	-0.000390563	0.000114528	-0.010873	-0.0117415	0.154688
0.00126159	-0.000630868	9.49272e-06	-0.0145288	-0.0218875	0.146946
4.7447e-05	0.000196611	-3.68363e-05	0.0064907	-0.00768103	0.102889
0.000264101	1.68553e-06	-3.95383e-05	-0.000638433	-0.00768813	0.0805185
0.000176924	0.000116416	-5.81729e-05	0.000504163	-0.00661096	0.0989584
0.000376846	-7.91633e-05	1.34814e-05	-0.00267515	-0.00585692	0.0873082
0.000620816	0.000141397	-3.95947e-05	0.0066337	-0.0149468	0.124157
0.000882514	0.000461481	-0.000113274	0.00896057	-0.00666039	0.138431
0.00145889	0.000420921	-0.000195947	0.0107157	-0.0230638	0.1611
0.00135279	0.000447179	-6.94315e-05	0.0107904	-0.0198966	0.157692
0.000773215	0.000265318	-0.000156133	0.00968451	-0.0164145	0.127726
7.68201e-05	7.64712e-05	-2.47356e-05	0.00402275	-0.00882614	0.118766
-0.000216813	0.00021918	-2.35497e-05	0.00179751	-0.00599107	0.105738
0.000703989	0.000173703	-4.42507e-05	0.00153528	-0.0165662	0.111963
0.00135361	9.79916e-05	8.47034e-07	0.000425532	-0.0242892	0.152907
0.00171686	3.10607e-05	4.13915e-05	-0.00181227	-0.0249482	0.173795
0.00175567	7.68067e-06	3.95813e-05	-0.00363874	-0.0259332	0.183137
0.00104383	0.00058729	-5.41214e-05	0.011854	-0.00908994	0.140603
0.000409606	-2.14473e-05	-1.46304e-05	-0.00469969	-0.0137983	0.0974759
0.00107497	-0.000181201	8.99745e-08	-0.00381326	-0.0218252	0.147487
0.00122681	-0.000339374	8.16997e-06	-0.00246236	-0.0226374	0.150022
0.00120307	-0.000501602	0.000202986	-0.0191695	-0.00972731	0.139768
0.000500759	9.6678e-05	-1.59908e-05	0.000574588	-0.00837154	0.114421
0.00117519	3.86863e-06	-3.40202e-05	-0.00211804	-0.0177819	0.149914
0.000892796	-0.000466838	3.93217e-05	-0.0073869	-0.00778705	0.135666
0.000435594	0.000186444	-2.33898e-05	0.00602209	-0.00903282	0.126735
0.000908607	0.000432203	-0.000120331	0.00929992	-0.0114808	0.138711
0.00109726	0.000563739	-4.52349e-05	0.0111266	-0.0215469	0.143876
0.00130685	0.000600111	-0.000115285	0.00852338	-0.0222804	0.149483
0.00162654	0.000451506	-0.000153654	0.00659716	-0.027204	0.172155
0.000633594	0.000290641	-0.000153162	0.0094179	-0.00833782	0.11739
0.000249791	0.00014987	-1.20298e-05	0.00270465	-0.0141824	0.125557
0.00048941	8.29307e-05	1.56383e-05	0.00376264	-0.0113522	0.10942
0.000204234	-9.16418e-05	-6.78593e-06	-0.0041884	-0.0121888	0.0983635
0.000459485	8.05271e-05	-3.0217e-05	0.0013057	-0.0165223	0.119425
0.000185376	6.93031e-05	1.11337e-07	0.00697324	-0.00885907	0.120857
0.000177184	0.00010999	-8.95007e-06	0.00199663	-0.0141043	0.0971141
0.000906629	0.000225205	9.29722e-05	0.00927836	-0.0239263	0.147285
0.000385568	-7.62927e-05	4.4585e-05	-0.00252348	-0.00837365	0.0872614
0.00101242	-0.000154891	-5.98982e-06	-0.00310892	-0.0140211	0.138772
0.000466439	0.000281307	7.72502e-05	0.00118908	-0.0108815	0.1032
0.000517099	0.000261682	7.81447e-07	0.0064046	-0.00558432	0.124809
0.000249529	-1.49367e-05	1.10437e-05	-0.000427603	-0.00562865	0.0793461
0.000339935	-0.000317406	-2.96532e-05	-0.00526878	-0.00602863	0.113248
0.000449613	-0.000254063	-4.23893e-05	-0.00822822	-0.0101637	0.118489
0.000717269	-0.000190513	-9.52355e-06	-0.0066285	-0.00729277	0.140371
0.000851786	0.000388944	2.57678e-06	0.00887544	-0.0102602	0.123701
4.17575e-05	-0.000113139	2.81891e-05	-0.00334968	-0.00233629	0.108643
0.000178503	0.000192923	-1.88595e-05	0.0073312	-0.00354826	0.112944
0.000253487	0.000477521	2.80605e-05	0.0111202	-0.00737667	0.132315
-0.000223929	-8.50927e-05	4.75764e-05	0.00128358	-0.00787545	0.106411
0.000419237	-0.00037167	-1.56207e-06	-0.00775442	-0.0130741	0.128332
0.000741661	5.08484e-05	1.83739e-05	-0.00472947	-0.0143278	0.135569
0.000467689	-0.000176551	1.80779e-06	-0.00128981	-0.0157804	0.12243
0.000677124	-4.85198e-05	2.98569e-05	-0.00323732	-0.0121744	0.122851
9.61297e-05	-0.000126751	-1.9901e-05	-0.000853842	-0.00640198	0.103404
1.86178e-05	-0.000331468	-6.72571e-05	-0.00270898	-0.00987211	0.109216
0.000323185	-4.6191e-05	2.55211e-06	0.000398649	-0.00989647	0.10162
0.000203341	-0.000137628	2.55256e-05	0.000184369	-0.00494256	0.11156
0.000338858	-0.00044889	3.99774e-06	-0.0101504	-0.00706681	0.132067
0.000374823	0.000137417	-3.69538e-05	0.00842078	-0.00683687	0.112244
0.000306556	-0.000125848	3.96572e-05	-0.00239143	-0.00441013	0.0920943
0.000867751	-0.000208729	6.79038e-05	-0.00432618	-0.0147497	0.141456
0.00151174	-1.69266e-05	-6.85602e-05	0.000984596	-0.0181259	0.15967
0.000891337	1.99261e-05	2.5453e-05	0.00286692	-0.0200029	0.130673
0.000229184	-8.53916e-05	2.55045e-05	-0.000538476	-0.00803049	0.0971424
0.000185985	6.87625e-05	3.13961e-05	0.00170642	-0.0144486	0.11501
0.000659287	0.000491071	6.37629e-05	0.009093	-0.0140414	0.131148
0.000803426	0.000216541	-2.71637e-05	0.0100581	-0.00837796	0.114943
0.00087137	2.08755e-05	7.40583e-05	0.000810501	-0.0146009	0.123871
0.000733321	3.10193e-05	-2.55032e-05	0.00135989	-0.0151609	0.119062
0.000144465	3.33705e-05	9.66535e-06	0.000445157	-0.00906643	0.117994
0.000550639	0.000163542	7.05503e-05	0.00581503	-0.0178037	0.13718
0.00129424	6.40441e-05	8.94375e-05	0.00229455	-0.0264799	0.162252
0.00114103	0.000651123	1.20599e-05	0.00928187	-0.0204626	0.138893
0.000294775	0.000130227	1.87609e-05	-0.00214079	-0.00882982	0.106332
0.000694402	-7.81756e-05	2.56521e-05	-0.00035228	-0.015383	0.11943
0.000825452	-0.000399926	-3.12117e-06	-0.00971047	-0.0215366	0.132183
0.00122644	-0.000348524	0.000119861	-0.0153585	-0.0182444	0.142924
0.000594719	0.000213257	2.8351e-05	0.00578763	-0.00932226	0.118244
0.000917843	-5.95379e-05	4.08946e-05	-0.00801076	-0.0159755	0.136356
0.000953309	-0.000374717	5.7969e-05	-0.0107288	-0.0181948	0.14817
0.00136155	-0.000556606	6.52256e-05	-0.00630692	-0.0121227	0.148821
0.000830775	-0.000161311	9.80367e-05	0.000646445	-0.0211484	0.129746
0.000471262	0.000403203	-8.70545e-05	0.00668364	-0.00408203	0.1144
0.000544645	0.00014878	-3.36667e-07	0.00480767	-0.00877306	0.112814
0.000102563	5.44522e-05	1.38444e-05	0.00513242	-0.0091037	0.121014
-1.938e-05	1.12446e-05	8.59383e-06	0.00357545	-0.00853917	0.127669
5.44373e-05	0.000119454	6.22603e-05	0.00190182	-0.0091231	0.0909544
0.00038022	-0.000108551	5.65685e-05	-0.00353881	-0.00639881	0.0882434
0.00055077	0.000180193	1.36193e-05	0.00448569	-0.00640805	0.121708
0.0014096	0.000147334	3.84679e-05	0.00122457	-0.0174688	0.154351
0.000569111	0.000216289	-2.80998e-05	0.00994847	-0.00865981	0.117224
0.000664291	-4.99345e-05	4.59926e-05	-0.00372116	-0.0180888	0.128137
0.00143891	1.77258e-05	4.15734e-06	0.00403331	-0.0149043	0.152585
0.001771	6.61967e-05	3.64812e-05	0.00302083	-0.0232588	0.180623
6.96915e-05	-0.000185241	-1.08734e-05	-0.00151786	-0.0115208	0.10383
0.00076877	-0.000337159	8.95948e-05	-0.00375869	-0.0177789	0.116587
0.000568217	-0.000116646	1.17656e-05	-0.00338853	-0.0210517	0.129523
-4.61424e-05	0.000163143	1.2137e-05	0.00898036	-0.00878932	0.111882
4.11138e-05	-9.51539e-07	2.75465e-05	0.00269387	-0.00783	0.0910682
0.000724352	0.000163641	2.49519e-05	0.00454111	-0.00835441	0.132552
0.000706124	-0.000404432	2.94531e-05	-0.00791505	-0.0106405	0.124448
0.00112649	-0.000452078	0.000112138	-0.00840086	-0.0134395	0.148577
0.00163594	-0.000413855	0.000148973	-0.00632977	-0.0198835	0.168507
0.00181852	-0.000341432	0.000135543	-0.00367589	-0.0226495	0.182033
0.00137454	-0.000719534	8.83456e-05	-0.0118611	-0.0128539	0.148765
0.000439986	0.000171234	3.34977e-05	0.00305609	-0.00668533	0.114874
0.000785261	0.000273297	5.61873e-05	0.00607061	-0.0103908	0.149942
0.00117445	1.37839e-05	0.000126531	-0.00595704	-0.018634	0.134167
0.000855033	-0.000103164	2.80727e-05	0.00597	-0.0152067	0.126222
0.000657742	0.000344408	-2.75627e-05	0.00965402	-0.0109974	0.135177
0.00103806	0.00055478	-3.34906e-05	0.0162246	-0.0118544	0.137563
0.00113544	0.000520502	-4.76767e-05	0.0177981	-0.0129308	0.149305
-1.62203e-05	1.12222e-05	2.13743e-05	0.00414928	-0.00678805	0.0973623
0.000200853	0.000213277	3.19503e-05	0.00477936	-0.00639187	0.114246
0.000362014	0.000343532	-3.32092e-05	0.01385	0.00182143	0.13275
0.000641239	0.000172699	2.2309e-05	0.00238032	-0.0103179	0.121763
0.000551447	-0.000267473	6.3933e-06	-0.00419034	-0.00687532	0.104849
0.000485084	0.000154431	-6.0623e-06	0.00663295	-0.0053596	0.12051
0.00119206	0.000207885	-2.89839e-05	0.00595145	-0.0150984	0.155392
0.000167459	4.22049e-05	2.83827e-05	0.00277773	-0.00570545	0.0859776
0.000174159	0.0001068	1.35719e-07	0.00601006	-0.0107849	0.0975226
0.000594444	0.000195419	-1.53537e-05	0.00585748	-0.0186575	0.112915
0.000463128	0.000162482	5.54577e-06	0.00763447	-0.0114266	0.102852
0.000565807	-0.000217001	-3.91066e-06	-0.00435271	-0.01658	0.123881
0.000482794	-0.000234248	2.25594e-05	-0.00903314	-0.00900818	0.105301
0.000759085	0.000138952	-2.04494e-06	0.00409229	-0.0181476	0.129819
0.000702294	-4.26291e-05	3.72454e-05	-0.000267818	-0.0107679	0.120725
0.000691393	-0.00015636	-1.1606e-06	-0.00666329	-0.00937629	0.133212
0.000212625	-5.21969e-05	-1.68809e-05	-0.00177537	-0.0105394	0.0943221
0.000292496	-0.000113385	-2.81368e-05	-0.00422729	-0.0133985	0.0930173
0.000201051	5.65803e-05	2.27352e-07	0.000331789	-0.0110972	0.0982869
0.000602942	-0.000215014	-6.09564e-07	-0.00845473	-0.0113248	0.121769
0.000394722	-0.000239076	4.90887e-05	-0.0073498	-0.0115385	0.112869
0.000403321	2.84038e-05	-9.07121e-06	0.00127266	-0.017191	0.104545
0.000622308	-0.000300422	1.79125e-05	-0.00712627	-0.0167553	0.128022
0.000537415	-2.46205e-05	-1.46669e-05	-0.00872913	-0.0121975	0.130246
-6.53713e-05	0.00026601	0.000143893	0.00630331	-0.0107777	0.111504
8.94892e-05	0.000237916	-1.72136e-05	0.00476006	-0.00506421	0.11863
0.000851518	-0.000193742	7.71078e-05	-0.00525517	-0.010046	0.137583
0.0014908	-0.000255252	1.41863e-05	-0.00433326	-0.0205471	0.160829
0.00170057	-8.39784e-05	-5.34252e-05	0.00065174	-0.0220561	0.176891
0.000667336	-0.000136543	5.63245e-05	-0.00996511	-0.0119515	0.124058
0.000629713	-0.000193335	-1.33665e-06	0.000755018	-0.0133654	0.131094
0.000600212	-0.000444531	7.39333e-06	-0.0075698	-0.0163755	0.140865
0.000902914	-0.000530666	2.70697e-06	-0.0238439	-0.0110287	0.14811
0.00156388	-0.000556227	0.000127767	-0.00757794	-0.0190961	0.168463
0.00183114	-0.000336907	-1.76688e-06	-0.00276081	-0.0242345	0.182206
0.00124836	8.25797e-05	-7.08057e-05	0.00601935	-0.0313082	0.156616
0.000944069	9.46885e-05	-7.87453e-05	0.00882619	-0.0109137	0.124832
0.000791991	-0.000396685	-4.92582e-05	-0.0056227	-0.0152883	0.122524
0.00143109	-0.000291581	0.000165993	-0.00966077	-0.00914852	0.152432
0.00139167	-0.00038842	0.000195999	-0.00898353	-0.0218928	0.152813
0.000630627	-0.00018852	-1.87948e-05	-0.000768866	-0.0211863	0.120327
0.000167256	0.000318649	9.87895e-06	0.00714029	-0.00885167	0.116087
0.000107627	0.000193265	2.48475e-05	0.00894025	-0.006689	0.121231
-0.000118914	8.70798e-05	-2.47018e-05	-0.00184441	-0.00737493	0.11361
0.00012657	0.000384807	-7.10745e-06	0.00706863	-0.0120224	0.13085
0.000579427	0.000215281	-4.64981e-05	0.00508965	-0.0140226	0.1171
0.000411645	5.02612e-05	-3.58206e-07	0.00183571	-0.0125844	0.100136
0.00126209	0.000117255	5.23973e-05	0.00445914	-0.0126086	0.149139
0.000500377	-0.000280662	-6.19323e-05	-0.0017644	-0.0120499	0.103567
0.000941869	8.4078e-05	1.62547e-05	0.000864568	-0.0116954	0.12424
0.000436052	0.000130965	7.22879e-06	-0.00443193	-0.0129437	0.118694
0.000114144	-4.84638e-05	-3.94331e-07	-0.00373394	-0.00506835	0.122584
0.000219959	2.98594e-07	5.70705e-06	0.000310253	-0.00706804	0.0793645
7.97299e-05	0.000193219	4.77496e-05	0.00293179	-0.00628826	0.102463
0.000321333	6.84489e-05	-2.89886e-05	0.0035393	-0.00642413	0.10527
0.000867124	0.000149298	-3.48594e-05	0.00196263	-0.0165585	0.135103
0.00078641	0.000472092	3.54281e-05	0.010638	-0.01816	0.136571
0.00119187	0.000528376	-4.77378e-06	0.0108188	-0.0189934	0.150652
0.00141529	0.000675584	-4.42199e-05	0.0128724	-0.0229137	0.155579
0.000243028	-6.32114e-05	-5.5136e-06	-0.00127718	-0.00926448	0.0940508
0.000640352	0.000136853	2.57812e-05	0.00741517	-0.014559	0.116738
0.000877328	0.00028431	-2.98073e-05	0.0089067	-0.0158946	0.142167
0.000227351	0.000177785	-1.17923e-05	0.00613389	-0.00475491	0.107837
0.000403702	-0.000149895	-3.10138e-06	-0.00296301	-0.00749441	0.131856
0.000457408	8.76018e-06	1.36776e-05	0.00459103	-0.0156436	0.133709
0.000335505	-3.5007e-05	-1.33227e-05	0.00291838	-0.00863628	0.10325
0.000587043	-0.000147037	-3.66395e-05	-0.00109873	-0.0109871	0.134485
0.000822643	-0.000297073	0.000103747	-0.0121144	-0.00785646	0.1481
0.000491138	0.000263281	6.10547e-05	0.00585762	-0.0101323	0.117259
0.000230923	-0.000233279	-1.44194e-05	-0.00750683	-0.0077809	0.102989
1.9056e-05	-0.000147649	-2.66892e-05	-0.00117135	-0.00779425	0.112067
0.000148786	-0.000163329	1.26151e-05	-0.00374827	-0.00789283	0.103149
0.000491981	0.000309831	3.8395e-05	0.00708282	-0.00831882	0.117405
0.00122067	0.000413032	-7.85876e-05	0.0081263	-0.0153061	0.153131
0.000994132	0.000147911	3.43338e-05	0.00079288	-0.0115023	0.126734
0.00086246	0.000126696	8.07202e-06	0.00349593	-0.00907222	0.127726
0.00135733	4.52126e-05	3.73143e-05	0.000209149	-0.0179547	0.159193
0.00140249	0.000272107	8.02837e-05	-0.000604938	-0.0159109	0.150036
0.00136294	0.000358529	-0.00012294	0.00638629	-0.0220741	0.153328
0.00113731	-9.18919e-05	-0.000105485	0.0046272	-0.0119945	0.144074
0.000761461	-4.30619e-05	-3.04407e-05	-0.00786843	-0.0104018	0.13566
0.00125521	0.000199488	-6.05466e-06	0.0012591	-0.0172023	0.154289
0.00172873	0.000125702	-1.08093e-05	0.00779972	-0.0163752	0.174735
0.00101362	2.48208e-05	2.97155e-05	0.00684231	-0.0226965	0.132121
0.000119976	-0.000184093	2.5556e-05	-0.00569174	-0.00972313	0.104477
0.000556604	0.000290831	4.22951e-05	0.00921555	-0.0136447	0.120564
0.00035258	0.000212792	3.47765e-05	0.00146519	-0.0161089	0.123013
0.000176835	-2.44471e-05	5.95942e-07	0.00630049	-0.0109199	0.123345
0.000445544	0.000315326	1.21057e-05	0.00905443	-0.0134743	0.13848
0.00108829	0.000607322	-6.77207e-05	0.0184663	-0.0166033	0.140281
0.000736189	0.000356487	7.24485e-05	0.0033832	-0.0122307	0.113773
0.000328303	0.000264962	2.86471e-05	0.00925966	-0.0109679	0.123879
0.000379272	0.000202958	1.53587e-05	0.00625789	-0.0182232	0.113862
0.000290782	0.000203366	6.60817e-06	0.00927123	-0.0159549	0.12146
0.000898362	0.000477605	-4.34005e-06	0.0162394	-0.021181	0.139781
0.000279934	4.71258e-05	4.8763e-05	0.00532095	-0.010612	0.0969833
0.000334131	0.000108236	7.20343e-05	0.00688094	-0.0136472	0.106425
0.000287578	1.86088e-05	0.000129194	0.00216067	-0.0137866	0.104912
0.000247317	-0.00015945	5.53249e-05	-0.00234775	-0.0134633	0.125543
0.000803202	-0.000440344	0.000147202	-0.00374104	-0.0164616	0.136562
0.000230288	-0.000125088	4.82666e-06	0.000204345	-0.0172436	0.0914911
0.000584764	-0.000189285	0.000129806	-0.00221027	-0.0194989	0.125659
0.0011645	-0.000161501	9.37978e-05	-0.00464467	-0.0275268	0.149177
0.00118134	-0.0004557	9.8661e-05	-0.0102459	-0.0168493	0.14162
0.00165105	-0.000273325	0.00019836	-0.0143477	-0.0150746	0.166846
0.00179439	-0.000182151	-4.03671e-05	-0.00366576	-0.0294732	0.183011
0.00130337	-0.000539519	7.05329e-05	-0.0142684	-0.0209459	0.15467
0.000566932	0.00025613	-3.64446e-05	0.0106899	-0.00818976	0.130607
0.000323905	-0.000153635	-5.1376e-05	-0.00517905	-0.0114596	0.13086
0.00120999	4.55303e-05	-3.8934e-05	0.00494346	-0.0275836	0.157167
0.000848491	0.000560984	-5.10452e-05	0.00926911	-0.0197756	0.137267
0.00101296	0.000637885	-7.69271e-06	0.0176022	-0.016286	0.148214
0.00154068	0.000427136	-0.00024503	0.0106736	-0.018643	0.168449
0.00191328	0.000265858	2.2216e-05	0.00107313	-0.0222012	0.185879
0.00105915	-0.000419754	-5.68076e-05	-0.016965	-0.0135383	0.13699
0.00157734	-0.000344179	5.98955e-05	-0.0121638	-0.0177069	0.165746
0.00115545	-0.00059969	-4.34391e-05	-0.0228317	-0.0232731	0.147986
0.00130568	-0.00069018	9.59894e-05	-0.0175486	-0.0200315	0.149099
0.00140065	-0.000608977	0.000170202	-0.0161329	-0.0235175	0.157756
0.0014864	-0.000627797	0.000108243	-0.0215318	-0.00758215	0.157676
0.00147828	-0.000692665	0.000113548	-0.0154782	-0.0221074	0.159141
8.6387e-05	1.44879e-05	-2.07201e-05	-0.0033533	-0.00442195	0.0860721
0.000654319	-1.07097e-05	-5.50333e-06	-0.00322334	-0.00985681	0.129167
0.00101738	-6.93925e-05	-1.32033e-06	-0.00828927	-0.00976878	0.135548
0.00105524	-0.000530804	5.58336e-05	-0.010351	-0.0163606	0.128862
0.00112089	-0.000578135	1.41296e-05	-0.0103898	-0.0184724	0.145891
0.00127579	-0.000672079	0.000154003	-0.0100628	-0.0220955	0.152528
0.000952323	-0.000173406	1.11377e-05	0.00722599	-0.0220899	0.140212
0.000824387	0.000436105	-4.26837e-05	0.00873442	-0.0200503	0.137843
0.000502817	-0.00025176	-5.63201e-06	-0.00257329	-0.0139012	0.126049
0.000239457	0.000260086	3.63527e-05	0.00899682	-0.00970014	0.125784
0.000574026	0.000261663	-1.73298e-05	0.0100105	-0.0156089	0.143335
0.000812797	0.000358057	-6.64963e-05	0.0126583	-0.0137203	0.148001
0.00153111	0.000372745	-0.000248309	0.01134	-0.0179465	0.16125
0.00144888	0.000423661	-9.96112e-05	0.0101135	-0.0229478	0.164174
0.00133874	0.000588272	-0.000194025	0.0110001	-0.0160787	0.154831
0.00152043	0.000616543	-0.000158264	0.010582	-0.0189734	0.159998
0.000750281	0.000409308	-3.97455e-05	-0.00228967	-0.0122514	0.122463
0.000110973	0.000167322	1.15131e-05	5.69085e-05	-0.0102149	0.103973
0.000368572	2.26013e-07	-8.23761e-06	-0.00382059	-0.0153745	0.131634
0.000348512	0.000412096	7.94405e-05	0.00765243	-0.0127396	0.13421
0.000506832	0.000335965	-1.42656e-05	0.00881282	-0.00830101	0.122746
0.000181483	0.000303684	-5.94405e-05	0.00763384	-0.0146352	0.128917
0.000824515	0.000566209	3.24515e-05	0.0187425	-0.0253338	0.138752
0.000630727	0.000334599	-8.85307e-05	0.00245089	-0.014295	0.114851
0.000780108	-0.000101152	-1.60329e-05	-0.0052285	-0.0156598	0.130631
0.00148389	6.30793e-05	-5.28048e-05	-0.00134058	-0.0179675	0.160076
0.00048086	-0.000238517	2.66775e-05	-0.0141052	-0.0097117	0.112373
0.000228027	8.41292e-05	5.36064e-05	-0.00170059	-0.0100592	0.0961752
0.00101528	-1.54888e-05	2.98912e-05	-0.00264885	-0.0200543	0.143806
0.00153753	-2.65394e-06	9.94008e-05	-0.0117825	-0.0278618	0.16823
0.000648305	-0.000177343	7.93595e-05	-0.0017131	-0.00717798	0.124336
0.000474543	0.000118793	1.30392e-05	0.00529458	-0.0156864	0.106131
0.000467969	-0.000177311	9.15964e-06	-0.00263061	-0.0146354	0.121981
0.000686565	-0.000399353	-3.84762e-05	-0.00880252	-0.0109399	0.142054
-4.48422e-05	9.80806e-05	4.74105e-05	0.00536853	-0.0114855	0.113276
0.000323291	-0.00030666	2.48113e-06	-0.00439361	-0.0126843	0.126255
0.000516713	-0.000498882	-6.1951e-05	-0.0110078	-0.010793	0.143585
0.000875855	-0.000560146	1.39696e-05	-0.0114873	-0.0135956	0.152679
5.94738e-05	0.00020479	2.67693e-05	0.004249	-0.00623174	0.108284
0.000340133	-0.000102556	3.4432e-05	0.00391133	-0.00948967	0.0898312
0.000517861	-9.26921e-05	8.67258e-05	-0.000536034	-0.00907642	0.104426
0.000224628	-0.000225908	5.08777e-05	-0.0007259	-0.00650783	0.0985431
0.000623264	0.000145368	5.18974e-05	0.00695239	-0.0124397	0.112574
0.00125421	5.09044e-05	2.10829e-05	0.00135057	-0.0170887	0.15194
0.00122232	-0.000156929	8.32868e-05	-0.00762865	-0.0249704	0.15163
0.000516821	-0.00022035	-1.64557e-05	-0.000570958	-0.0226301	0.124609
0.00030875	-0.000397905	4.23953e-05	-0.00955538	-0.0103153	0.117812
0.000710597	-0.000483738	2.30926e-05	-0.00981585	-0.0175886	0.144995
0.000865154	-1.50967e-05	2.33205e-06	0.000876151	-0.0252242	0.149844
0.000899177	0.000477535	-5.47292e-05	0.0104765	-0.0187898	0.136195
0.000929695	6.5032e-05	-0.00014569	-0.00237517	-0.0183952	0.133845
0.000521607	0.000272036	2.52572e-05	0.00563813	-0.0141566	0.121316
0.00125975	0.000261556	2.72735e-05	0.00460635	-0.0198946	0.163215
0.00101007	0.000578367	1.46159e-05	0.0115746	-0.0161753	0.145733
0.00149835	0.00034248	2.58144e-05	0.0133031	-0.0229576	0.166771
0.00154587	0.000459303	4.16742e-05	0.00509643	-0.0227025	0.162217
0.00127412	0.000617608	-1.69323e-05	0.0120982	-0.0184866	0.148842
0.00139646	0.000625442	-6.02124e-05	0.0123343	-0.0231784	0.155012
0.00160227	0.000719091	-8.3344e-05	0.00113479	-0.0130634	0.158902
0.0017422	0.000461747	-0.000201931	0.011346	-0.0273869	0.177782
0.00193358	0.000303135	-0.000140521	0.00618089	-0.0320501	0.192024
0.00156554	-0.000166285	-1.61101e-05	-0.0036885	-0.0105476	0.167639
0.00141131	-0.000505897	5.12785e-05	-0.00766073	-0.0214437	0.15828
0.00134695	-0.000618282	-7.66867e-06	-0.0102677	-0.0227594	0.148945
0.00153022	-0.000560958	3.82891e-05	-0.0116806	-0.019382	0.160261
0.00148745	-0.000725251	9.77527e-05	-0.0133458	-0.0196568	0.162884
0.00164154	-0.000673842	3.75971e-06	-0.0151004	-0.0267697	0.168174
0.000362358	0.000108959	2.59374e-05	-0.000965612	-0.00778091	0.0860933
0.000663318	-0.000142794	-9.06517e-06	-0.00494205	-0.0153966	0.121312
0.00104605	7.89405e-05	2.44868e-05	-0.0019221	-0.00644183	0.129629
0.00129815	0.000249634	-4.90814e-05	0.00291437	-0.0150614	0.143853
0.00134811	0.000389378	-3.7396e-05	0.00764257	-0.00833363	0.147976
0.000731656	0.000204261	-4.25104e-06	0.0113597	-0.0159806	0.115398
0.000895692	3.88428e-05	-1.09694e-05	0.000405083	-0.0153588	0.124344
0.00151523	3.41172e-05	-3.33234e-05	0.00190828	-0.0223978	0.159525
0.00137368	0.000237271	2.83258e-05	0.0141826	-0.0216557	0.159038
-2.5044e-05	-6.5371e-05	1.72641e-05	-0.000618076	-0.00501095	0.106835
0.000473101	-0.000268129	5.95118e-06	-0.00623303	-0.0121984	0.141725
0.000800932	-0.000414475	-4.91849e-05	-0.0133711	-0.0155802	0.151366
0.0011135	-0.000528335	6.79309e-05	-0.013316	-0.0135411	0.151804
0.00144352	-0.000685055	0.000202917	-0.00877539	-0.0149675	0.155725
0.000898981	-0.000260407	0.000188009	-0.0094301	-0.0101241	0.122255
0.000583439	-0.000188323	5.61587e-05	-0.00587153	-0.0145867	0.115576
0.00132341	-7.07329e-05	9.26832e-05	-0.00316073	-0.0206359	0.1507
0.000242965	-0.000113285	4.43477e-05	-0.00383891	-0.00757741	0.0906917
0.000343599	1.03144e-05	4.15152e-05	0.00203965	-0.00744012	0.124822
0.00124647	0.000116118	-5.95101e-05	0.0093459	-0.0183406	0.150154
0.000982007	-0.000338609	6.07823e-05	-0.00797707	-0.0175397	0.130737
5.8688e-05	0.000202104	4.89548e-06	0.00201857	-0.0141597	0.111716
0.000180455	-0.000199922	6.27269e-06	-0.00461871	-0.0106036	0.11265
0.00015799	3.01172e-05	-4.52137e-06	-0.00051017	-0.0112105	0.103557
0.000315208	0.000260955	-1.54098e-05	0.00618216	-0.0124668	0.134137
0.000563526	-0.000124072	-8.50961e-06	-0.0034406	-0.0151847	0.14509
0.00116866	-0.00041995	4.73213e-05	-0.00537527	-0.0170894	0.146629
0.000274641	0.000172943	2.79126e-05	0.0016481	-0.0120088	0.109454
0.000773992	-0.000412289	2.89368e-05	-0.00523466	-0.0137073	0.117096
0.000822809	-0.000535222	1.01445e-05	-0.0115588	-0.0138325	0.139774
0.00106838	-0.000617466	-3.20719e-05	-0.0130393	-0.0178438	0.14699
0.00131444	-0.000731262	4.42687e-05	-0.0109639	-0.0136291	0.149169
0.00140292	-0.000739181	7.29424e-05	-0.0112666	-0.0169725	0.155849
0.000169414	6.11163e-06	6.92692e-06	0.00392709	-0.00803123	0.100695
0.000351077	0.000221477	-1.91345e-05	0.00140792	-0.00638495	0.115442
0.000286097	-0.000164329	1.33657e-05	-0.00390152	-0.0103154	0.122413
0.000271903	0.000230176	-1.10817e-05	0.0124229	-0.00721195	0.127633
0.0011149	0.000378914	1.47947e-05	0.00737307	-0.0164149	0.154532
0.00155975	0.000233352	-6.37674e-05	0.00392977	-0.0229281	0.170829
0.00141764	0.000323971	-0.00016698	0.0165514	-0.0236152	0.163018
0.00126938	0.00050565	-8.72512e-05	0.0112571	-0.0219708	0.151528
9.7076e-05	-2.27495e-05	3.79736e-05	0.00135981	-0.0093801	0.101905
0.000281183	-0.000127819	-2.37627e-05	-0.00123758	-0.0108255	0.0908518
0.000358343	-8.68105e-05	-1.3905e-05	-0.000494523	-0.0113198	0.10377
0.000239008	-0.000128145	-2.12836e-05	-0.00151145	-0.00901609	0.0999599
0.000478528	-0.000246304	8.72172e-05	-0.00619802	-0.0108692	0.114573
0.000662509	0.000149965	3.63447e-06	0.00204375	-0.0102996	0.113291
0.00104125	0.000357704	-4.8931e-05	0.00371639	-0.0187355	0.139602
0.000700008	6.92121e-05	-1.30229e-05	0.00877456	-0.00926107	0.13017
0.000594744	-7.75827e-05	-2.53377e-05	-0.00145469	-0.0155824	0.102959
0.00074263	-0.000143743	4.50583e-05	-0.005063	-0.0143553	0.110533
0.000936152	-0.000480288	-0.000114399	-0.00419636	-0.015181	0.129796
0.000390169	0.000182393	-4.72808e-06	0.00760999	-0.00879493	0.117043
0.000736093	0.000445718	0.000126419	0.00321044	-0.0182751	0.136398
0.000803694	0.000197271	-0.000117362	0.00947309	-0.0102328	0.11814
0.000363979	3.02938e-05	5.51126e-06	-0.000689651	-0.0126006	0.100211
0.000585588	5.11929e-05	-1.06412e-05	0.00237694	-0.0103278	0.113001
0.000486903	-0.00022977	-4.36863e-05	-0.00374007	-0.0140771	0.111836
0.0012842	-0.000267082	2.83838e-05	-0.00604934	-0.0231786	0.145479
0.00164368	-0.000113745	-2.28351e-05	-0.00388887	-0.0254014	0.172356
0.0010616	0.000505178	2.8216e-06	0.00900167	-0.0225465	0.142384
0.00132157	0.000592829	-0.000247279	0.0195375	-0.0120686	0.146275
0.00141152	0.000585936	-0.000116447	0.0137629	-0.0346325	0.154736
0.000426597	-0.000193752	7.59453e-05	-0.0073282	-0.0113783	0.102113
0.00103058	-0.000173084	-2.3365e-05	-0.00515749	-0.0192037	0.141514
0.0010983	0.000190881	-8.25993e-05	-0.000136252	-0.0163621	0.147919
0.00116917	0.000506152	-0.000189133	0.0122252	-0.0134233	0.146517
0.0016261	0.000477276	-0.000150766	0.0097475	-0.010245	0.166297
0.00141831	0.000764146	-6.28295e-05	0.00933107	-0.0168852	0.15274
0.00165449	0.000541905	-7.02338e-05	0.00583855	-0.023985	0.17012
0.00175093	0.000322419	-8.26906e-05	0.00512534	-0.0272472	0.179496
4.15007e-05	4.17299e-05	6.95916e-06	0.000696005	-0.00649957	0.105115
0.000514664	0.00025332	1.09779e-05	0.00398462	-0.0144841	0.135704
0.000539056	2.11164e-05	-3.39557e-06	0.00716855	-0.00797946	0.13381
0.000489639	0.00014653	-8.66627e-06	-5.93586e-05	-0.0176064	0.127295
0.00108506	-6.90081e-05	1.938e-06	0.00301662	-0.00841542	0.131857
0.000774776	-7.47274e-05	4.72107e-05	-0.00572198	-0.00956057	0.110507
0.000153837	-6.15217e-05	1.56763e-05	-0.00103869	-0.00770542	0.0856814
0.000125164	-1.12677e-05	6.248e-06	0.00145976	-0.00869835	0.113091
0.000483609	3.79935e-05	2.06793e-06	0.00150864	-0.0100895	0.0990337
0.000153718	6.75173e-05	1.60262e-05	-0.000858961	-0.00986522	0.0865504
0.000757706	0.000143577	4.1868e-06	0.00360554	-0.0124911	0.138905
0.00151124	0.000154781	-8.24032e-05	0.00118672	-0.0176998	0.164984
0.00106094	-0.00048257	-1.58482e-05	-0.0128008	-0.0178636	0.132669
0.000437616	0.000208018	-6.29888e-06	0.00566524	-0.0101554	0.12401
0.00122667	6.66601e-05	-1.47546e-05	0.000158588	-0.0156318	0.152281
0.000846865	-0.000453031	-2.94456e-05	-0.013291	-0.0153882	0.134757
0.000984691	-0.000548593	5.78191e-06	-0.0143544	-0.0162483	0.143069
0.00131672	-0.000596739	2.96727e-06	-0.0146023	-0.0212877	0.154219
0.00153046	-0.000726346	0.000103448	-0.0170311	-0.0246349	0.16301
0.000838992	-0.000348091	-3.77403e-05	-0.00958837	-0.0273513	0.130043
0.000232428	-0.000144975	2.79943e-05	-0.000796254	-0.00852457	0.0944905
0.00073891	-0.000258762	2.33437e-06	-0.0113145	-0.017905	0.128663
0.000106815	-6.97264e-05	-2.45794e-05	-0.000763118	-0.00809445	0.0850271
0.000127275	0.000163776	-6.01611e-06	0.00606346	-0.00835113	0.103845
0.000257052	0.000363589	4.83619e-05	0.00315911	-0.00908707	0.111821
-1.77017e-05	0.000200626	-9.72578e-06	0.00183862	-0.00740356	0.115614
0.000102655	9.79757e-05	-1.04023e-05	0.00115946	-0.00882446	0.105123
0.000366287	-0.00022829	2.35412e-05	-0.00625656	-0.0116582	0.124212
-2.66764e-05	-8.9925e-06	-4.92343e-05	-0.000910628	-0.00800932	0.0987538
0.000169177	-0.000136006	7.15376e-06	-0.00562353	-0.00948809	0.121927
0.000969636	-0.000278246	7.40325e-06	-0.00329865	-0.0137978	0.124628
0.00158202	-0.000166853	-2.0441e-05	-0.00199336	-0.0249661	0.16513
0.00126159	-0.000492824	0.000128895	-0.0112577	-0.0233304	0.147956
0.00114825	0.00011248	2.46316e-05	-0.00436374	-0.0136338	0.15127
0.00134195	0.000379668	-3.41451e-05	0.00791542	-0.0229548	0.155521
0.00114347	-9.35053e-05	-6.90602e-05	0.00464071	-0.0139136	0.151493
0.00040073	-0.000118341	-8.55191e-06	-0.00879073	-0.00842982	0.118238
0.000171599	-0.000240369	-1.96804e-05	-0.000814294	-0.0102489	0.102292
0.00062967	-0.000456715	4.26666e-06	-0.0215879	-0.00909291	0.130638
0.000228058	9.56038e-05	1.05965e-05	0.00356195	-0.00780127	0.123566
0.000337146	0.000125259	-4.66815e-06	0.00041568	-0.0134988	0.113333
0.000843157	-0.000121801	-1.9859e-06	-0.00247077	-0.0136268	0.132274
0.000804689	-0.000532545	-5.65417e-06	-0.0104286	-0.0164073	0.133584
0.000309093	-0.000100006	8.45396e-06	-0.000136431	-0.0111604	0.0954397
-7.13366e-05	0.000163583	1.03545e-05	0.000694651	-0.00798916	0.115991
0.000294552	-6.09992e-06	-5.84464e-06	-0.00162141	-0.0140776	0.134614
0.00103285	-0.00029564	1.05192e-05	-0.00213568	-0.0162798	0.137016
0.000946987	-0.000438819	2.54085e-05	-0.0100022	-0.0183862	0.144769
0.00126587	-0.000665576	8.79197e-05	-0.0106829	-0.0213899	0.148685
0.00101205	-0.000100861	5.46272e-05	-0.0109042	-0.0115736	0.14108
0.000802188	0.000231544	-2.97166e-06	0.00526457	-0.0193482	0.13877
0.000916993	-0.00023951	6.81637e-06	0.00060342	-0.0150983	0.145617
0.00100861	-0.000450925	2.95339e-05	-0.0125484	-0.0223836	0.144326
0.00158237	-0.00031674	2.21287e-05	-0.00453238	-0.0233816	0.169496
0.00182969	-0.000180001	1.99508e-05	0.00181361	-0.0269824	0.182101
0.00146099	0.000213176	2.23004e-05	-0.00310293	-0.016621	0.163923
0.000568417	-0.00022558	9.01478e-07	-0.00666683	-0.0148263	0.117754
0.0013071	-0.000154225	5.05233e-05	-0.00509564	-0.0230931	0.162332
0.00144039	-0.000378964	-6.06705e-05	-0.00246332	-0.0186183	0.159369
0.00121282	-0.000538943	4.8391e-05	-0.0102629	-0.0201389	0.144193
0.00128647	-0.0005768	0.000151922	-0.0127941	-0.0235465	0.153261
0.00163549	-0.000338265	0.000121677	-0.00832243	-0.0251776	0.172923
0.00137512	0.000132223	4.09659e-05	-0.00317464	-0.0126332	0.152398
0.00119833	0.00044451	-5.06984e-05	0.00849116	-0.0202433	0.150159
0.0011823	0.000634558	-7.11435e-05	0.0107629	-0.0169504	0.152164
0.00137332	0.000645701	-8.41818e-05	0.0126545	-0.0215536	0.161029
0.000134821	7.47782e-05	2.31219e-05	0.000615429	-0.00943351	0.0860997
0.000109769	-1.98764e-05	1.07202e-05	0.00330599	-0.00637004	0.110912
0.000355803	-0.000366501	4.80049e-07	-0.00653945	-0.01131	0.137054
0.000500442	-4.27263e-05	-3.89376e-08	0.000652858	-0.0104092	0.100676
0.000525941	-5.65467e-05	-1.41909e-05	-0.00608001	-0.00935163	0.118837
0.000198431	-0.000183251	-2.67965e-05	-0.00731092	-0.00777695	0.112602
-5.7504e-05	-0.000112637	-5.71436e-05	-0.00418312	-0.00440503	0.119144
0.000745982	6.28433e-05	-5.61981e-06	0.00308891	-0.0125256	0.135409
0.00109483	-0.000390734	7.05875e-06	-0.0077169	-0.018145	0.131986
0.00130148	-0.000358152	1.7395e-05	-0.00845352	-0.0120462	0.147951
0.00109908	-0.000477028	7.05509e-05	-0.0223347	-0.0174746	0.150539
0.00143561	-0.000620704	4.931e-05	-0.00789499	-0.0173851	0.153598
0.00108126	-6.49827e-05	5.19494e-05	0.00740404	-0.0241956	0.148662
0.000838915	0.000422188	1.88495e-05	0.00964391	-0.0145468	0.140618
0.000299189	-6.29309e-05	-4.20939e-06	-0.00359354	-0.0106801	0.0965858
0.000433796	-0.000177188	1.15423e-05	-0.00923976	-0.00833172	0.100351
0.000815818	-1.30107e-05	-2.37248e-05	-0.00240263	-0.0173659	0.12431
0.00138358	-2.10281e-05	-4.0534e-05	0.000191231	-0.0227983	0.156418
0.00129869	0.000317976	3.20448e-05	0.000260167	-0.0129274	0.153027
0.00107247	0.000440556	-4.32878e-05	0.0204157	-0.00979198	0.142671
0.000925182	0.000124202	-1.81065e-05	-0.00623422	-0.0227947	0.135621
0.000441898	-5.41093e-05	9.21375e-06	-0.00733327	-0.0089564	0.123452
0.00056089	0.000267112	7.25865e-06	0.0124624	-0.0089119	0.133761
0.000629371	0.000260299	5.09544e-05	-0.00202804	-0.0143832	0.122846
0.000649058	-0.000164399	9.29006e-07	-0.00269689	-0.0110465	0.137752
0.000257983	0.000131884	-5.00725e-05	0.00232041	-0.00502315	0.114862
0.00108117	0.000150871	6.87592e-05	0.00357991	-0.019645	0.152444
0.00129062	-0.00027862	-5.15966e-05	-0.000138718	-0.0155096	0.145813
0.000994958	-0.000565933	8.33389e-05	-0.010135	-0.0168163	0.139881
6.64267e-05	-1.10718e-05	1.10154e-05	-0.00101007	-0.0100728	0.0878747
0.000498796	-8.98141e-06	2.57374e-05	-0.000400646	-0.0156873	0.0965156
0.00042279	-5.85631e-05	5.75183e-05	-0.00650323	-0.00940718	0.10907
0.00022095	4.30024e-05	2.09529e-05	0.00543741	-0.00840018	0.124031
0.000237232	0.000358896	1.87849e-05	0.00363219	-0.011597	0.124595
0.00123222	0.000296072	-8.95184e-05	0.00337163	-0.021812	0.142199
0.00125255	0.000505738	-0.000198799	0.0178157	-0.0090679	0.145309
0.00160101	0.000297678	2.76741e-05	0.00208369	-0.023032	0.165963
0.00183091	0.000166457	8.84646e-06	0.00704705	-0.0243959	0.18131
0.000996268	-0.000451064	2.29105e-05	-0.012037	-0.0221918	0.135159
0.00148197	-0.000423926	0.000115388	-0.00487176	-0.0210545	0.164015
0.00140802	-0.000627667	5.20162e-05	-0.00888944	-0.0172651	0.150273
0.00130042	-0.000601729	0.000142113	-0.0122163	-0.0226811	0.157689
0.00053156	0.000161133	1.28414e-05	0.00280907	-0.0144302	0.117264
0.000434033	-0.000256662	1.48775e-06	-0.0122773	-0.00926835	0.125743
0.000693596	-0.000389573	3.27531e-05	-0.00984172	-0.0212435	0.145108
0.00118074	-0.000680354	4.69696e-05	-0.0110878	-0.0179735	0.14495
0.000678113	-0.000303532	7.79725e-05	-0.0113818	-0.0069324	0.114418
0.000849802	0.000123278	1.96429e-06	0.00639148	-0.00899194	0.12932
0.00070092	6.63033e-06	7.9784e-06	-0.00134816	-0.0203642	0.124662
0.00070793	0.000156452	2.20612e-05	0.00390791	-0.0117176	0.111547
0.000728015	3.50444e-05	1.2123e-06	0.00237215	-0.0101312	0.11279
0.000314064	0.000114649	-2.78919e-06	0.00594623	-0.00858449	0.090174
0.000849631	-7.38288e-05	2.14825e-05	-4.57768e-06	-0.0176903	0.129451
0.00149964	-0.000144336	-2.48771e-05	0.000353165	-0.0224687	0.161789
0.000330401	-0.000105285	6.73554e-08	-0.000202782	-0.00938808	0.0943636
0.000157255	6.65116e-05	1.5489e-05	0.000384371	-0.0116422	0.111298
0.000638244	0.000338063	-5.47937e-05	0.00468267	-0.0140029	0.117015
0.000126766	-0.000181543	1.07676e-05	-0.000163623	-0.00901492	0.103638
0.00102	-0.000162169	7.55779e-05	-0.00207199	-0.0185134	0.132088
0.00137832	-0.000134518	-1.84383e-05	-0.00314651	-0.021427	0.158297
3.32812e-05	0.000124061	4.07225e-05	0.000759146	-0.00646863	0.0943719
0.000287936	0.000132251	-5.97275e-06	-0.000455016	-0.0109544	0.091177
0.000514882	0.000479415	3.93422e-05	0.0075762	-0.0136083	0.125958
0.000315657	5.77595e-05	7.18684e-06	-0.000585219	-0.013108	0.121716
0.000521752	0.000427993	7.82345e-07	0.0188452	-0.00880436	0.131904
0.000487866	0.000115459	-6.11817e-08	0.00998982	-0.00874348	0.131378
-1.74531e-05	-0.000240062	1.02556e-05	-0.00118826	-0.00901179	0.113893
0.000924733	-0.000126984	-3.07627e-05	-0.00253136	-0.0183579	0.133072
0.000724899	0.000364547	-2.58668e-05	0.00812181	-0.01535	0.133094
0.00125091	0.000279969	-1.64151e-05	0.00746857	-0.0186394	0.163585
0.00101103	-0.000395279	5.24778e-05	-0.0087176	-0.0167629	0.129561
0.00109571	-0.000526886	-6.51735e-08	-0.0119332	-0.0182672	0.149219
0.000134987	-0.000258866	-2.26865e-05	-0.00193194	-0.00904255	0.102
0.000193084	-0.000330737	1.37722e-05	-0.009768	-0.00647324	0.111304
0.000681746	0.000181379	-5.01122e-06	0.000958697	-0.0133806	0.114689
0.000693715	-4.18738e-05	3.51083e-05	0.00477665	-0.0154757	0.131592
0.000735031	-0.000353702	6.97087e-06	-0.0152145	-0.00737323	0.136764
0.00123514	-0.000267999	3.13577e-05	-0.00468233	-0.0185055	0.163877
0.00170977	-0.000181234	8.72678e-05	-0.00170546	-0.025017	0.174081
0.00144585	0.000207102	-1.82559e-05	0.0107266	-0.0248636	0.164462
0.000237913	7.72039e-05	4.27166e-06	0.00301527	-0.00843853	0.0968421
0.000459729	0.000307041	-1.32351e-05	0.00930253	-0.013402	0.135381
0.000540715	0.000220816	5.24358e-05	-0.00349449	-0.0132207	0.116032
0.000722538	-0.000245209	-1.73727e-05	-0.00842228	-0.0107086	0.131144
0.000749189	0.0003296	-7.6317e-05	0.00626987	-0.0127327	0.118934
0.00114837	0.000439422	-2.45092e-05	0.011666	-0.0183133	0.140059
0.000562129	0.000156681	-6.8543e-06	0.0102425	-0.00792314	0.119515
0.000290313	-0.000265601	4.84812e-06	-0.005472	-0.0114169	0.12547
0.000737717	-0.000214325	2.40579e-05	-0.00743304	-0.0162579	0.148939
0.00140205	-0.000124096	5.34417e-05	-0.00274714	-0.0238986	0.165088
0.00144418	-0.000371195	6.41923e-05	-0.0047769	-0.0103202	0.156935
0.000604933	-0.000231272	7.88716e-05	-0.0132055	-0.015856	0.118965
0.000540169	0.000255743	-6.31512e-05	0.0076464	-0.00995103	0.110779
0.000133582	-0.000100999	-1.07526e-05	-0.00511469	-0.00909604	0.107452
0.000311616	-0.000140138	-1.34977e-05	-0.000183984	-0.00913789	0.108268
4.34357e-06	0.000130737	7.57086e-06	0.00108283	-0.0109598	0.108979
-8.51348e-05	-5.72444e-05	1.56891e-05	-0.000174676	-0.00699855	0.118714
0.000246478	-8.1154e-06	-1.73276e-05	0.000213089	-0.00551559	0.0970584
0.00104242	0.000157496	7.8284e-06	0.00286563	-0.0168405	0.138944
0.00105312	-0.000182354	-6.05878e-06	-0.00478882	-0.025152	0.14667
0.000591407	-0.000247049	3.52087e-06	-4.3822e-05	-0.00717085	0.125292
0.000417085	-0.000246355	-8.46163e-06	-0.00774229	-0.00788494	0.130383
0.00014532	6.08768e-05	-6.20027e-06	3.35457e-05	-0.0107543	0.104945
0.000878948	-0.000363883	-1.16157e-05	-0.00542595	-0.00774567	0.128721
0.0013117	-0.000310152	0.000146623	-0.0112668	-0.0260051	0.149179
0.00178283	-0.000165296	-1.87202e-05	-0.00261359	-0.0254583	0.179356
0.00192197	-6.22176e-05	-4.17252e-05	-5.54749e-05	-0.027511	0.191465
0.000366276	0.000329423	2.43974e-05	0.000265013	-0.0152251	0.123531
-0.000164031	0.00010059	-7.64341e-06	0.000810808	-0.00775557	0.120541
-0.000228804	1.14799e-05	3.20073e-05	0.00179568	-0.0074537	0.126752
0.000607768	5.66651e-05	1.58983e-05	-0.00147833	-0.00957324	0.137271
0.00105448	-0.000193345	-3.62868e-05	-0.00741319	-0.025218	0.14033
0.000192307	0.000103278	-4.20934e-06	0.00121096	-0.0109268	0.0964468
0.000242238	-8.87299e-05	-1.57119e-05	-0.00438389	-0.00896128	0.113419
0.00119778	-2.0048e-05	7.84909e-06	0.000465303	-0.0171766	0.141414
0.00106224	-0.000316673	5.38145e-05	-0.00856994	-0.013873	0.14528
0.000331913	0.000167985	2.77855e-05	0.00296629	-0.0156681	0.10107
0.000499424	-0.000225358	4.38275e-05	-0.00633043	-0.0128716	0.109551
0.000912516	-0.000380633	-0.000108371	-0.00423849	-0.0102723	0.132448
0.000877746	-0.000156267	1.28928e-05	0.00498068	-0.0207502	0.131645
0.000795079	0.000381591	-7.19053e-05	0.00959539	-0.0149005	0.130852
0.000493582	-6.06007e-05	6.59485e-06	-0.000371375	-0.00974174	0.120424
0.000894243	-0.000137305	2.45286e-05	-0.00606496	-0.0190969	0.143222
0.000813722	-0.000412708	-2.60263e-05	-0.0085315	-0.0143331	0.145216
0.000778233	-0.000282998	-4.34165e-05	0.00059559	-0.0213322	0.118508
0.000491233	-0.000288037	1.59667e-05	-0.00570698	-0.0133236	0.112662
0.00121898	-0.000228693	4.94797e-05	-0.0112191	-0.00961692	0.149165
0.000834998	0.000246141	-6.191e-06	0.0105435	-0.00893109	0.134395
0.00111208	-1.53492e-05	3.05794e-05	-0.00787564	-0.0218438	0.138406
0.000679968	-0.000197829	-1.26685e-05	-0.00271842	-0.0205483	0.112158
0.000919273	7.75706e-05	1.31788e-05	0.000924379	-0.0134395	0.13074
0.000384375	9.56385e-05	-3.89558e-05	0.00299653	-0.0100085	0.0902437
0.000165513	1.3634e-05	5.77715e-06	-0.000450434	-0.00856193	0.079866
0.000437018	4.60208e-05	7.45959e-06	0.00109986	-0.0101935	0.101416
0.000559553	0.00043291	2.06116e-05	0.011104	-0.0131576	0.12859
0.000250928	0.000185367	-2.82953e-05	0.00317353	-0.00776663	0.111741
