0.000381032	0.000219786	3.46249e-05	-0.0208113	0.0507835	-0.0208802
-0.000419142	-0.000196403	-1.24246e-05	0.0171902	-0.057678	0.0196228
0.000380686	0.000220062	3.45865e-05	-0.0208452	0.0507456	-0.0208649
-0.000418453	-0.000196855	-1.23273e-05	0.0172619	-0.0576132	0.019657
0.000143803	0.000130547	-4.33204e-05	-0.00463871	0.00766794	-0.0205725
-0.000331185	-0.000164219	1.64574e-05	0.011345	-0.0416845	0.0197095
0.000195997	0.00016567	0.000159715	-0.0111011	0.0173537	-0.020699
-0.000129124	-0.000119639	-0.000242521	0.0027692	-0.00529593	0.0207584
-0.000112926	5.8032e-05	0.000162396	0.00863507	-0.0388756	-0.0209681
-0.000153081	-0.000125872	-0.000224021	0.00391507	-0.00947634	0.0206817
0.00015146	0.000116602	0.000259783	-0.00206299	0.00904388	-0.0207392
5.50571e-05	-1.34764e-05	-0.000156525	-0.0165368	0.028533	0.0202815
0.000171968	0.000165858	0.000169846	-0.011401	0.0128153	-0.0199873
-0.000413007	0.000130178	-0.000176374	-0.0425372	-0.0562773	0.0203499
0.000102128	-0.000294249	0.000136945	0.0722651	0.000358507	-0.0199228
-0.000204551	-0.000238094	-7.88361e-05	0.0243326	-0.0190075	0.0210406
-0.000109393	0.000189761	8.66934e-06	-0.0157985	-0.0382556	-0.0202525
-6.49549e-06	-6.4261e-06	0.00015782	-0.0177272	0.0175374	0.0201113
-8.1134e-05	0.00020979	-0.000309673	-0.0189236	-0.0331385	-0.0201844
0.000197862	-0.000589701	0.000391148	0.0880443	0.0542054	0.0206511
-3.41935e-05	0.000741978	-0.000313645	-0.115685	-0.0245571	-0.0205659
-0.000295887	-0.000145312	8.33204e-05	0.00780037	-0.0353722	0.0196242
0.000131445	-0.000361481	0.000200823	0.0847796	0.00560565	-0.0203401
-0.000248946	-3.49772e-05	-0.000189091	0.00223626	-0.026994	0.0212537
-0.000442986	0.000190844	-0.000256059	-0.0750544	-0.0520462	0.0302429
0.000493958	0.000223818	0.000333402	0.020904	0.0269541	-0.0678587
-0.000155583	-0.000169931	-5.27755e-05	-0.00208473	0.0266978	0.0581709
1.57199e-06	-1.68698e-05	-2.68704e-05	0.0200444	-0.0566962	-0.060019
-0.000518114	0.000144018	-0.000155324	-0.047558	-0.0369066	0.0611477
0.000441777	-0.000400561	0.000184847	0.0934158	0.0230738	-0.060895
-0.000307355	0.000256907	-8.47225e-05	-0.0672194	0.00114338	0.0616131
0.000546239	-0.000182598	0.000203056	0.0541318	0.0424977	-0.0613471
-0.000523814	0.00038736	-0.000173465	-0.0910905	-0.0379814	0.0618828
0.00016152	3.92248e-05	-0.000145877	0.0134767	-0.0272997	-0.0596757
-0.000495583	-0.000491632	0.000241884	0.0694328	-0.0339086	0.0606573
0.000497737	0.000441529	-0.000163643	-0.0598837	0.0343003	-0.0604059
-0.000528354	-0.000435507	0.0001986	0.0593646	-0.0398538	0.060715
0.000362522	0.000236817	-0.000201269	-0.0227745	0.00968048	-0.0605891
-0.000348283	9.8051e-05	0.000119874	-0.0371468	-0.00687361	0.0599637
0.00038301	-0.000347361	3.33061e-06	0.0450366	0.0125829	-0.0608748
-0.000264883	0.000448637	0.000100885	-0.0254404	0.00869422	0.0600033
-1.9429e-06	-5.3707e-05	-0.000195655	-0.0467086	-0.0569754	-0.0589633
-0.00029113	-7.28929e-05	0.00013905	0.069646	0.00392876	0.0599531
0.00029605	-0.000728866	0.00016232	0.0763288	-0.00364366	-0.0596257
-0.000681068	0.000896737	-0.000423362	-0.107676	-0.0670774	0.060331
0.000428709	-0.000378663	0.000284636	0.0131573	0.021317	-0.0605738
-0.000402293	0.000238046	-0.000141996	0.011891	-0.016462	0.0606361
0.000139637	-0.000355104	1.87799e-05	0.00965407	-0.0311622	-0.0602105
-0.000260468	0.000644776	-7.22038e-05	-0.0623697	0.00953458	0.060086
0.00043332	-0.000796774	0.000181583	0.0904522	0.0216328	-0.0609678
-0.000284461	0.00068998	-8.09203e-05	-0.0707036	0.00515429	0.060432
0.000312656	-0.00069318	0.000126195	0.0714909	-0.000104521	-0.0606249
-0.00049533	0.000689328	-0.000170687	-0.0942328	-0.0334909	0.0593282
0.00016479	0.000102861	-0.00013918	0.0147612	-0.0272756	-0.0599132
-0.000632245	-0.000612346	0.000178837	0.047608	-0.0581748	0.0607231
0.000401567	1.09354e-05	-5.51396e-05	0.0311047	0.0157498	-0.0607535
-0.000504028	0.000294795	-0.000217305	-0.0708778	-0.0354847	0.0602815
0.000814809	-0.000229739	0.000396217	0.0624609	0.0929254	-0.0606525
-0.000378438	0.000253492	-9.69398e-05	-0.0649176	-0.0124953	0.0600834
0.000435928	7.7516e-05	-3.91298e-05	0.00529358	0.0226272	-0.0607267
-0.000568809	-4.71397e-05	3.79844e-05	-0.0096697	-0.0679079	0.0368969
8.60025e-05	-0.000340814	0.000193503	0.0805343	-0.00140941	-0.0162551
-0.000562156	0.000291049	-0.00033874	-0.0718381	-0.0832404	0.0197935
0.000133752	-8.20978e-05	-8.4055e-05	0.033612	0.00471631	-0.0187312
-5.92107e-05	-9.50647e-05	0.000280867	-0.00124687	0.00916317	0.0195348
9.69718e-05	-7.57328e-05	-9.063e-05	0.0327713	-0.00191163	-0.0193945
-3.44528e-05	7.16874e-05	8.89536e-05	-0.0315781	0.0127032	0.0191381
0.000125515	0.000152015	-5.51676e-05	-0.00852633	0.00367796	-0.0201112
-0.000250843	0.000142885	-0.000172027	-0.0445202	-0.0269706	0.0191476
2.469e-05	-9.8337e-05	0.000263589	0.0363645	-0.0138364	-0.0189833
-0.00025859	-4.46773e-05	-0.000260677	-0.0103897	-0.0287115	0.0195321
0.000389716	-0.000402795	0.000400041	0.0919138	0.0527319	-0.0187101
-0.000462148	0.000446747	-0.00038941	-0.0997313	-0.0660608	0.0187718
0.000270507	-0.000147971	0.000237272	0.0451644	0.0309043	-0.0183691
-0.000328191	-0.000233719	7.65966e-05	0.0241009	-0.040796	0.0203533
0.000286939	0.000477052	-0.000198797	-0.067961	0.0329733	-0.0208739
-0.00033936	-0.000416099	0.000182065	0.057127	-0.0424715	0.0207641
-0.000209513	0.000599392	-0.000368085	-0.0904936	-0.0579256	-0.0204932
-4.79563e-05	-0.000730061	0.000325877	0.114215	0.0109219	0.021121
0.000232775	0.000152826	-6.87305e-05	-0.00868108	0.0230905	-0.0205558
-6.91407e-05	0.000103173	7.24539e-05	-0.0373541	0.00637406	0.0189744
-0.000155912	0.000394738	-0.00018059	-0.0528223	-0.0477097	-0.0206519
-9.68224e-05	-0.000488569	0.000132167	0.0701712	0.00135488	0.0203816
0.000227764	5.80855e-05	-5.2719e-06	0.00860212	0.0223011	-0.0203882
-0.000175226	0.000360981	-0.000163693	-0.084242	-0.0131252	0.0186171
-2.20824e-05	-0.000121697	0.000248903	0.0406363	-0.0224141	-0.0188299
-0.000204648	-0.000188353	-0.000134169	0.015291	-0.0184319	0.0202421
0.000183849	-0.000198025	0.00014078	0.0547712	0.0146324	-0.0184747
-0.000515334	0.000534743	-0.00025096	-0.0803752	-0.0749119	0.0193775
0.00022445	-0.000762927	0.000179313	0.083513	0.0215489	-0.0194647
-0.000250695	0.000814648	-0.000156975	-0.0916049	-0.0264942	0.0191392
0.000444216	-0.000700542	0.000253588	0.0710207	0.0616631	-0.0195757
-0.000308714	0.000787427	-0.000174942	-0.087011	-0.0369601	0.0191025
0.000210321	-0.00079045	0.000175999	0.0873024	0.0188364	-0.0193383
-0.000379537	0.000760992	-0.00019812	-0.0822601	-0.0498178	0.019222
7.32773e-05	-0.000672476	0.000116046	0.065856	-0.00623806	-0.0192441
-0.00037571	0.000135295	4.89853e-05	0.0316557	-0.0490106	0.0202085
4.68759e-05	-1.59556e-05	-0.000283051	-0.0530338	-0.0108439	-0.0202833
-7.46298e-05	9.97384e-05	0.000266586	0.0379852	0.00578319	0.0206889
0.000293353	3.89109e-05	-0.000170214	-0.0629463	0.0342831	-0.0205808
-0.000121505	-0.000104232	0.000181705	0.0753994	-0.0030752	0.0209531
6.00161e-05	8.44252e-05	-9.28111e-05	-0.0715396	-0.00773076	-0.0205733
-0.000328672	0.000353593	1.11143e-05	-0.00778704	-0.0406354	0.0196371
0.000168497	-0.000419891	-2.29628e-05	0.0202967	0.0110176	-0.0198146
-0.000125676	-4.51019e-05	0.000119943	0.0647075	-0.00362209	0.0204633
-0.000309534	0.000117508	-0.000246491	-0.0775653	-0.0753068	-0.0202636
-4.0402e-05	-0.000162546	0.000160659	0.086154	0.0115501	0.0209008
5.08273e-05	-9.32341e-05	9.21426e-05	-0.0392664	-0.00937248	-0.020382
-0.000138946	0.000514374	-0.000266954	-0.03738	-0.0066638	0.0196604
0.000261096	-0.000497058	0.000311776	0.0342746	0.0288049	-0.0203563
-0.000155794	0.000556997	-0.000250297	-0.0451959	-0.00949659	0.0193745
-0.000189194	-0.000494686	5.93835e-05	0.033343	-0.0534973	-0.0193235
-0.000253174	0.000242364	-9.05647e-05	0.0121114	-0.027096	0.0203669
4.05274e-05	-0.000317509	7.4263e-05	0.00114302	-0.0112946	-0.0200201
0.000184427	0.000428253	3.76381e-05	-0.0216713	0.0526421	0.0199158
0.000276619	-0.00056169	0.000179806	0.0457029	0.0312725	-0.0195629
-0.000291249	0.000837537	-0.000267722	-0.095656	-0.0342291	0.0186279
0.000125921	-0.000634978	0.000202147	0.0585379	0.00374603	-0.01927
-0.000536615	0.000272101	-3.46384e-06	0.00717682	-0.0782404	0.0198732
9.88334e-05	-0.000460837	-0.000124779	0.0275979	-0.00174346	-0.0194433
-0.000493145	0.000788974	-0.000301193	-0.0869547	-0.0709915	0.0190997
0.000393796	-0.000837889	0.00042148	0.0957484	0.0525458	-0.0194815
-0.000265556	0.000597503	-0.00019287	-0.0523355	-0.0296234	0.019704
0.000601022	-0.000419966	0.000279122	0.0390252	0.0900864	-0.0206428
-0.000248437	0.000579287	-0.000206765	-0.0868159	-0.0516055	-0.00766965
-0.00013798	-0.00057323	0.000179259	0.0852808	0.0214421	0.0506292
7.82836e-05	0.000569904	-0.000188048	-0.0847677	-0.0437523	-0.0630397
-0.000312926	-0.00045872	0.000122911	0.0645437	-0.00230654	0.0594709
-0.000121773	4.7274e-05	-2.13729e-05	0.0101082	-0.0778963	-0.0604287
-0.00028674	-0.000248348	-0.00011946	0.0252449	0.00350803	0.0618718
-2.48656e-06	0.000294097	-5.95978e-05	-0.0332745	-0.0561488	-0.0607111
-8.03892e-05	-0.000403959	0.000235744	0.0530676	0.0410595	0.0609119
0.00053461	0.000432862	-0.000181273	-0.0572732	0.0411439	-0.0616168
-0.000244694	-6.66587e-06	0.000158446	-0.019637	0.0119721	0.060804
0.000186658	0.000253775	-0.000196769	-0.0258411	-0.0220467	-0.0605227
-0.000580548	-0.000301621	8.65404e-05	0.0355368	-0.0495264	0.0601463
0.000368417	5.03665e-05	2.1966e-05	0.00983959	0.0108846	-0.0606089
-0.000627717	-0.000162176	-3.81333e-05	0.0104836	-0.0580694	0.060203
0.00057403	0.000227431	2.19467e-05	-0.0221552	0.0482662	-0.0609326
-0.00053488	-0.00026543	2.5107e-05	0.0291175	-0.0412746	0.0601936
0.000245935	0.000509565	-0.000118532	-0.0735063	-0.0113282	-0.0608537
-0.000157986	-0.000598579	0.000194804	0.0896367	0.0267529	0.0603894
0.000259869	0.000462956	-0.000107962	-0.0649611	-0.00891762	-0.0611731
-0.00041643	-0.000372491	7.85537e-05	0.048586	-0.0202068	0.059979
-0.000269726	0.000335546	-0.000290274	-0.0419852	-0.105143	-0.0602572
2.85474e-05	-0.000516609	0.000255129	0.0747606	0.0609029	0.0603124
0.000149737	0.000595265	-0.000161993	-0.0891172	-0.0288661	-0.0606788
5.28591e-05	-0.000488467	0.000261487	0.0695732	0.0653527	0.0603179
0.000186004	0.000603317	-0.000242808	-0.0907538	-0.0222566	-0.0604435
-6.68167e-06	-0.000505093	0.000310451	0.0737367	0.0544062	0.0597144
-0.000244065	0.00013521	-5.51193e-05	-0.0070952	-0.100178	-0.0593346
-0.000507021	3.88764e-05	-0.000314824	-0.0253094	-0.0364608	0.0602154
0.000175304	-2.56642e-05	0.000198631	0.0226348	-0.024137	-0.0600666
-0.000278146	-6.59691e-05	-8.41938e-05	0.0328142	0.00536766	0.061159
0.00018994	-0.000214859	1.99541e-05	-0.0186014	-0.0218154	-0.0601309
7.7145e-05	0.000167732	0.000283311	0.0251434	0.0699324	0.0602767
4.92706e-05	0.000150523	-0.000374961	-0.0826017	-0.0463911	-0.0594266
-0.000453184	0.000296055	9.42927e-05	0.00189018	-0.0263687	0.0603492
0.000569721	-0.000680939	0.000266143	0.0678521	0.0467448	-0.0619417
-0.00073973	0.000644119	-0.000415718	-0.0618145	-0.0777713	0.0615033
0.000272255	-0.00078497	0.000259521	0.087159	-0.00730421	-0.0622395
-0.000458647	0.000627728	-0.000192075	-0.0592596	-0.02659	0.0615199
0.000538439	-9.99957e-05	-4.53824e-05	-0.0363084	0.0420269	-0.0609717
-0.000276906	3.34414e-05	0.000306183	0.0491351	0.00537911	0.0605553
1.61634e-05	-0.000148467	-0.000324563	-0.0280881	-0.0522933	-0.0601832
-0.000343133	0.000215347	0.00014918	0.0166015	-0.00640139	0.0602801
0.000222449	-0.000300863	-2.92107e-05	-0.0011869	0.00791301	-0.0358197
0.000356924	5.88444e-05	0.000183896	0.045835	0.0325527	-0.0342201
-0.000427696	8.28075e-05	-0.000115924	-0.0717765	-0.0147713	0.0676423
0.000210899	0.000393042	-0.000138241	-0.0147653	-0.0166879	-0.0581059
-0.000662965	-0.000541183	0.000170019	0.0425734	-0.0638715	0.0589299
0.000150669	0.000225472	-0.000158676	0.0153468	-0.029355	-0.0591648
-6.63998e-05	-0.000552212	0.000195355	0.0438058	0.0439524	0.0594348
-1.59155e-05	0.000843829	-0.000181432	-0.096844	-0.0351358	-0.0342139
0.000216853	-0.00079528	0.000149325	0.0884283	0.0071084	-0.0352877
-0.000480766	0.000812654	-0.000148537	-0.0916411	-0.0242596	0.0673824
0.000630813	-0.000697111	0.000242962	0.0707764	0.0591393	-0.0602021
-0.000696541	0.000714987	-0.000230176	-0.0738468	-0.0694626	0.061258
0.000295135	-0.000501777	-8.53228e-05	0.035223	-0.0023334	-0.0609296
-0.000489579	0.000234398	0.000214678	0.014337	-0.0330965	0.0596036
0.000287996	-0.000487095	-0.000101236	0.0322193	-0.00389711	-0.0608518
-0.000381047	0.000596108	3.15117e-05	-0.0521421	-0.0128271	0.060298
0.000543878	-0.000457574	3.38393e-05	0.0271942	0.0423381	-0.0612272
-0.00024829	0.000446175	0.000105145	-0.0250505	0.0112072	0.0603672
-2.21896e-05	-5.42663e-05	-0.000205006	-0.0462779	-0.0594834	-0.0597285
-0.000280134	-7.81515e-05	0.000142118	0.0703483	0.00416244	0.0602737
-0.000174017	-0.00024221	-0.000191933	-0.0123393	-0.0636347	-0.0344441
0.00024796	0.000153906	0.000131203	0.0284339	0.0124749	-0.033324
-0.000371675	-0.000392617	0.000132055	0.0147895	-0.00524393	0.0661664
4.2085e-05	0.000411064	-0.000292922	-0.0177343	-0.0235374	-0.0330249
0.000161005	-0.000238256	0.000221455	-0.0128325	-0.00236733	-0.0333954
-0.000292798	0.000501055	-0.00020303	-0.0359305	0.00943325	0.0679093
0.000398301	-0.000654449	0.000260483	0.0629391	0.0404533	-0.0345911
7.40075e-05	0.000681034	-0.000111842	-0.0671941	-0.0172719	-0.033337
-0.000324754	-0.000528325	0.000127921	0.0393039	0.00347785	0.0663132
-0.00038646	0.000562697	-0.000283915	-0.045957	-0.101348	-0.0317106
0.000144775	-0.000688912	0.000117435	0.0689443	-0.00498144	-0.0343377
-0.000436458	0.000522852	-0.000106474	-0.0388634	-0.0165399	0.0674493
0.000797359	-0.000542991	0.000289	0.0427322	0.0894691	-0.0599723
-0.000554993	0.00079208	-0.000185808	-0.0878516	-0.0436305	0.0612394
0.000400018	-0.000781143	0.000164497	0.0859569	0.0160257	-0.0616548
-0.000782393	0.00068389	-0.000259358	-0.0681037	-0.0855253	0.0607561
0.00038595	-0.000790728	0.000160761	0.0876463	0.0134393	-0.0618239
-0.000620653	0.000565904	-8.78671e-05	-0.0466376	-0.0562822	0.0603513
0.000285403	-0.000359548	-0.000167177	0.00965092	0.00180138	-0.0542574
-0.000242874	0.000344128	0.000265886	-0.00640141	0.00758988	0.0551742
0.000475644	-0.000242339	-0.000156524	-0.01148	0.0292481	-0.061835
-0.000188289	0.000381789	0.000189615	-0.0129143	0.0218967	0.0593958
-7.2794e-05	6.63537e-05	-0.00031389	-0.0693085	-0.0685644	-0.0580779
-0.000115291	-0.000298414	0.000300709	0.112377	0.0341193	0.0586838
0.000398404	-0.000268971	0.000168245	-0.00945576	0.0157954	-0.059399
-0.000347621	0.000413573	-0.000296027	-0.0180228	-0.0301546	0.0351015
-0.000327441	-0.000286885	8.84153e-05	-0.00297655	-0.0279308	0.0331227
0.000358098	0.000326598	-4.62942e-05	-0.00517936	0.00237021	-0.0653615
-0.000637085	-0.000262767	-7.05063e-05	-0.00718969	-0.0839321	0.0326971
-0.000116227	-0.00010301	0.000191736	0.0761541	0.00918147	0.0324547
0.000410153	5.86043e-05	-0.000239964	-0.0448532	0.0128071	-0.0653621
-9.42545e-05	-5.63164e-05	0.000162537	-0.0202212	0.0140374	0.0328166
0.000107872	0.000375122	-4.13979e-05	-0.00604689	0.00401449	-0.0165214
-0.000161208	-0.00050265	0.000109777	0.0609241	-0.010617	0.0185226
2.33208e-05	0.000395133	-0.000231348	-0.104081	-0.0132908	-0.0166064
-9.53387e-06	5.3488e-05	0.000226079	0.0541831	0.0163575	0.0189057
-9.52573e-05	-5.49291e-05	-1.60784e-05	-0.0223401	-0.0357451	-0.0185849
-0.000162546	2.37194e-05	-0.000184182	0.0124741	-0.0103489	0.0194274
1.33409e-06	-0.000104603	0.000209375	-0.00159454	-0.0192766	-0.0200194
-0.000109353	-7.18611e-05	-9.49339e-05	0.0324284	-0.00120023	0.0187554
-0.000298345	0.000368736	-0.0002963	-0.0868029	-0.0712179	-0.0176309
0.000202078	-0.000415676	0.000423431	0.0954373	0.0529897	0.0177785
0.00018306	-7.13062e-05	-8.44293e-05	-0.00660823	0.0149107	-0.0188628
-0.000422319	0.0005204	-0.000254232	-0.0745979	-0.0564536	0.0205632
0.000247338	-0.000410364	0.000248725	0.0542386	0.0248891	-0.0216381
-0.000365389	-3.29669e-05	7.35298e-05	0.026319	-0.0480027	0.0174715
0.000430067	0.000127619	-0.000140129	-0.0433509	0.060025	-0.0175734
-0.000284999	0.000297457	6.50907e-05	-0.033606	-0.032975	0.0199006
-1.96769e-05	-0.000256172	-7.76995e-05	0.0265771	-0.021769	-0.0203325
-0.000133069	-0.000245714	0.000119124	0.0650895	-0.00642973	0.017961
-0.000199434	0.000228607	-0.000195097	-0.0615872	-0.0537492	-0.0171574
-0.000270579	0.000190707	2.9581e-05	-0.0141154	-0.030298	0.0197318
0.0003746	-0.000480895	0.00025435	0.0672404	0.0480814	-0.021532
-0.000122767	0.000303561	-0.000257677	-0.0352871	-0.00231959	0.0207044
-7.36493e-05	0.0001852	7.19945e-05	-0.00700199	-0.0327545	-0.0192423
6.78828e-05	-0.000449656	2.7342e-05	0.0195864	0.0309546	0.0186658
-1.41041e-05	0.00059667	2.57461e-05	-0.0553783	-0.021373	-0.0177516
-0.00022052	-0.000440935	-8.38e-05	0.0246136	-0.020986	0.0187533
-4.9333e-05	0.000230736	-0.000146794	0.0127104	-0.0268812	-0.019647
-0.000336553	-0.000325368	0.000194987	0.00464588	-0.0436128	0.0185419
0.000277946	0.000335301	-0.000147268	-0.00652986	0.0325758	-0.018339
3.83568e-05	-0.000223323	0.000197085	-0.0135952	0.0247175	0.0190274
0.00018642	1.77592e-05	0.00019316	0.0513592	0.0137668	-0.0212483
-0.000563383	4.15275e-05	-0.000417335	-0.0619965	-0.0803118	0.0214061
-0.000270397	0.000279297	1.07786e-05	0.00354735	-0.0681034	-0.0197621
4.96825e-05	-0.000593015	3.65043e-05	0.0532718	0.0273393	0.0169631
0.000194325	0.000447967	0.000109413	-0.0273289	0.0156191	-0.0176632
0.000270881	-0.000189889	-2.61282e-05	-0.0198341	0.0686807	0.0201812
-4.07855e-05	0.000292438	0.000109008	0.000589069	-0.0270752	-0.0183165
-0.000234162	-3.98152e-05	-0.000184205	-0.0229524	-0.0223881	0.0194924
-0.000143661	-0.000500571	0.000198162	0.0565559	-0.0469422	-0.021602
-0.000279796	0.000558811	-0.0002778	-0.0363073	-0.0303631	0.0202499
0.000102773	-0.00039925	0.0002547	0.0384172	-0.00240471	-0.019867
0.000118922	0.000141787	-0.000152249	-0.0545201	0.0421508	0.0224767
0.000122935	-0.000230646	0.000294187	0.101817	0.00113879	-0.0222472
-0.000374417	0.000451548	-0.000344443	-0.110536	-0.0456525	0.0239503
0.000192748	-0.000209414	0.000199	0.0505685	0.0145733	-0.020535
-0.000561004	-8.22624e-05	-7.81117e-06	-0.00147023	-0.0833505	0.0177113
5.87207e-05	6.07766e-05	-0.000250562	0.00457535	-0.00583545	-0.018141
-5.46608e-05	-1.72145e-05	0.000252311	-0.0128213	0.00672269	0.0187328
0.000284918	0.000105855	-0.000153815	-0.00346927	0.0343895	-0.0173907
-9.30845e-06	-2.68914e-05	0.000180628	-0.0106632	0.0154954	0.0181014
0.000278778	-4.63018e-05	2.18557e-05	0.0242382	0.0315308	-0.0193883
-0.000558624	0.0001271	-0.000259844	-0.0385578	-0.0802018	0.0198544
-4.62619e-05	-2.24113e-06	0.000224067	0.0159381	-0.0291103	-0.0193048
-0.000235498	-0.000177267	-0.000140499	0.0163338	-0.0231386	0.0179523
-5.45079e-05	9.17155e-05	0.000115556	-0.000624593	-0.0294923	-0.0190334
-0.000232091	-0.000154158	-0.000165853	0.0116305	-0.0221494	0.0186823
-2.5004e-05	0.000394498	-0.000188079	-0.0557187	-0.0215225	-0.0156206
0.000504761	-0.0005103	0.000420368	0.0769571	0.106139	0.0142538
0.000144419	0.000163037	0.000153934	-0.0137368	0.00611431	-0.0176678
-0.000294374	-8.9001e-06	-0.000299927	-0.0144231	-0.0319932	0.019307
0.000126301	0.000183333	0.000140356	-0.017733	0.00313914	-0.0170503
-0.000169202	-0.000105502	-6.26574e-05	0.00318059	-0.0117152	0.0185146
-0.000502682	0.000435019	-0.000332028	-0.0641388	-0.106483	-0.0127197
-3.25519e-05	-0.000739357	0.000354748	0.119531	0.00832235	0.00995449
4.67624e-06	0.000135559	-4.68562e-05	-0.00119107	0.029172	0.0268992
0.000111057	5.09594e-07	-2.94406e-05	-0.0294263	-0.0419023	-0.059751
-0.000478696	0.000386166	-0.000127798	-0.0437191	-0.0319944	0.0592152
0.00041434	-0.000621832	0.000148083	0.0860212	0.0174127	-0.0634995
-0.000441635	0.000672881	-0.000128949	-0.0941595	-0.0234877	0.059128
0.000543924	-0.000292376	-1.97231e-05	0.0255708	0.0434694	-0.0576529
-0.000191842	0.000161709	0.000231003	-0.000391685	0.018272	0.0545396
0.000423466	-0.000161746	-0.00010766	-2.61222e-05	0.0225906	-0.0545213
-0.00066234	6.28322e-05	7.09622e-05	0.0190559	-0.0659501	0.0527395
-0.000150998	-0.000166134	-2.05284e-05	-0.00124014	-0.0823334	-0.0514317
-0.00031907	0.000101355	-0.000218728	0.0121056	-0.000978732	0.0526458
0.000337434	-7.36141e-05	0.000226531	-0.0173552	0.00442937	-0.0520371
-0.000149968	0.000136865	-0.000142039	0.00551844	0.0290086	0.0531137
0.000430474	-7.87532e-05	0.000169593	-0.0164741	0.0219129	-0.0525271
-0.00010303	7.99357e-06	5.05107e-05	0.0296909	0.0354467	0.0509105
-0.000392011	0.000286678	-0.00037954	-0.0836434	-0.122155	-0.0466902
-0.000290435	-0.00043914	0.000342072	0.111777	-0.00156266	0.0465265
-5.03607e-05	0.000286132	-0.000278778	-0.0837185	-0.0608008	-0.0469113
-8.23467e-05	-0.000347618	0.000211854	0.094587	0.03747	0.0478532
0.000294437	0.000223195	-0.000109008	-0.0717436	0.000621051	-0.0485851
5.11267e-05	0.00012839	3.97604e-05	0.00798631	0.0633573	0.0522761
0.000242374	-0.000136813	0.000139889	-0.00742884	-0.0115787	-0.051613
-0.000455641	0.000274705	-0.000176637	-0.0170427	-0.0265502	0.0529456
0.000244989	-0.000264887	0.000141263	0.0142648	-0.0111418	-0.051553
-0.000383054	7.07892e-05	-9.34255e-05	0.01462	-0.0370937	0.0292005
-0.000238377	-5.00517e-05	8.12921e-05	-0.000881903	-0.0135417	0.0282645
5.46528e-05	-3.71114e-05	-0.000162332	0.00822421	-0.0488628	-0.0558098
8.34823e-05	-0.000350786	0.000209034	0.0536769	0.0431763	0.0249823
8.04277e-05	0.00051537	-9.87677e-05	-0.0790656	0.000169698	-0.0101339
-0.000337455	2.76938e-05	1.21076e-05	-0.0181666	-0.0425182	0.0174433
0.000115859	-8.2755e-05	-4.4252e-05	0.0288581	0.00335137	-0.0181378
-0.00014187	-0.000450407	0.000115463	0.0684003	-0.00926227	0.0126078
-0.000151307	0.00045718	-0.000179088	-0.0698641	-0.0442989	-0.0118904
3.56861e-05	0.00034649	0.000131564	-0.0290835	0.0237277	0.0165813
0.000207392	-0.00055549	-1.8125e-05	0.0270253	0.0196476	-0.00151623
-0.000140917	-1.91754e-05	0.000116218	0.0676075	-0.00924973	-0.000995353
-0.000236528	0.000172311	-0.000207613	-0.0684955	-0.0582176	-0.0138703
-5.49641e-06	0.000238016	0.000118207	-0.0266332	0.0158708	0.0309805
-4.82553e-05	-0.000324055	2.54669e-05	0.0689814	-0.0276615	0.0151413
-3.64969e-05	-3.30337e-05	-0.000151957	-0.0164141	0.0143825	-0.0207325
-0.000127049	-0.000134581	0.000158214	-0.0107812	-0.0438293	-0.0268039
-9.53618e-05	0.00030558	-0.000101096	0.003956	0.00255695	0.0395294
-2.57294e-05	-0.000131396	2.31799e-05	-0.00640995	-0.0231472	-0.0355564
-0.000194957	-7.58029e-06	-8.04044e-05	0.0106806	-0.0159398	0.0503246
-4.18765e-05	-4.22718e-05	3.02879e-05	-0.00648444	-0.0264928	-0.048549
5.92218e-05	0.000152705	4.26509e-06	-0.00202071	0.0294143	0.00967192
-0.000257763	-0.000173569	-3.68607e-05	0.00598183	-0.0648909	-0.0120506
0.000231376	0.000186595	5.85764e-05	-0.00872635	0.0599804	0.0125433
-0.000259811	-0.000155527	-3.7899e-05	0.00500053	-0.0653116	-0.0188187
-8.03519e-05	0.000475788	-6.68076e-05	-0.0628884	0.00613488	0.0230142
0.000244082	-0.000697043	0.000169633	0.101244	0.0215954	-0.0231677
-0.000353155	0.000410797	-0.000154176	-0.0551616	-0.0423713	0.0344907
0.000228521	-0.000352115	0.000136489	0.0367676	0.0198797	-0.0110511
-0.000395182	0.000435005	-0.00016037	-0.0436431	-0.0500399	-0.0159182
0.000246299	-0.000363108	0.000144309	0.039924	0.0232912	-0.0153857
-0.00027803	0.000325347	-0.000123221	-0.0407042	-0.0294476	0.0362181
-4.86217e-05	-1.81413e-05	2.46203e-05	-0.0172822	-0.027167	-0.0258052
-0.000186709	-6.37282e-05	-6.18651e-05	0.0358347	-0.0155984	0.0116224
0.000346279	-0.000441445	0.000183426	0.0565433	0.0403158	-0.0239979
-0.00011693	0.000540883	-8.28028e-05	-0.0747729	7.65249e-05	0.0236993
0.000240162	-0.000190848	-5.63629e-05	0.0107935	0.0262264	-0.0174515
-0.000372332	0.000146883	0.00018568	-0.00267682	-0.0527366	0.0159557
-8.26592e-05	-0.000204617	-0.000174259	0.0108398	-0.030391	-0.0091968
-0.000164253	0.000153112	6.65712e-05	-0.00181348	-0.0125242	0.00998006
0.000102681	0.000181267	-7.49201e-05	-0.010026	0.00215133	-0.014613
-0.000566175	-0.000251629	-5.71685e-05	-0.0125415	-0.083466	0.0186592
0.000421518	-0.000392507	0.000263411	0.108472	0.0513285	0.00943638
-0.000219724	0.000567012	-0.000301069	-0.118597	-0.0125771	-0.00764715
-2.56481e-05	-2.2889e-05	8.37908e-05	-0.000766966	-0.0243411	0.0297113
0.000326559	-0.000285255	0.000330329	0.0954428	0.0682488	-0.032351
-0.000272886	0.000275686	-0.000400834	-0.099404	-0.0553916	0.0131317
0.00024205	-0.000559395	0.000293479	0.0793417	0.0528928	-0.0149692
-0.000205533	0.000857033	-0.00019326	-0.0967449	-0.0486236	-0.00848712
-0.000287313	-0.000646668	7.50891e-05	0.0801257	-0.0381464	0.0385512
-0.000374811	0.000140578	-0.000235324	-0.039232	-0.0792532	-0.04429
3.77731e-06	0.000163907	0.000148838	0.0314615	0.0139153	0.00464105
0.000216172	-0.000712393	0.000295125	0.07723	0.0575787	0.0207563
0.000160219	0.000967414	-0.00038169	-0.132808	-0.0193433	-0.0464088
-0.000362422	-0.000263425	9.74184e-05	0.000181366	-0.038187	0.0265786
-9.73127e-05	2.88732e-05	1.21762e-05	0.0357239	0.0109982	0.0236214
0.000285927	-0.000256635	5.589e-05	0.0603589	-0.011923	-0.0605496
-0.000563797	7.24428e-05	-0.000122271	-0.0602073	-0.0440232	0.0555453
0.000393662	0.000408841	6.19749e-05	-0.0366646	0.015437	-0.0479453
-0.000157262	-0.000405192	4.48658e-05	0.0337746	0.0240985	0.0462346
4.51509e-05	-0.000176718	-9.0151e-06	0.0687654	-0.0483509	-0.0440843
-0.000609002	0.000286285	-0.000130954	-0.0638181	-0.0497868	0.0427032
0.000407047	-0.000150173	6.4599e-05	-0.0299962	0.0185832	-0.012715
-0.000223249	0.000139404	0.000227082	0.077814	0.00601229	-0.0411876
-0.000203384	-0.000158211	-0.000467089	-0.0613698	-0.0794154	0.0261575
-0.00019161	6.74735e-05	0.000233629	0.0424821	0.0142236	0.0239913
0.000863989	-0.000203705	0.000303196	0.0564575	0.0938445	-0.0668864
-0.000461336	0.00026056	-0.000335255	-0.109071	-0.040304	0.0693981
-0.000133569	0.000117488	0.000194013	0.052847	0.000322452	-0.0134702
-0.000309744	-4.80414e-05	-0.000326496	-0.0668052	-0.107363	-0.0377687
-0.000148979	-6.60893e-05	0.000150696	0.0759117	-0.00317576	0.0202598
-0.000111116	-0.000348733	0.000174431	0.0148106	0.00604565	0.0264916
0.000396261	0.000377363	-0.000268913	-0.0274524	0.0175398	-0.0535446
-0.000114713	-4.86348e-05	0.000266632	-0.016427	0.0041909	0.0304966
-1.55653e-05	-0.000136909	-0.000129966	0.000639358	0.0311324	0.0303029
-0.000193905	0.000323337	-8.39855e-05	-0.0190832	-0.093849	-0.0324296
-0.000267402	-0.000527075	0.000221756	0.0836551	-0.00400112	0.0208969
2.60614e-05	0.000549832	-0.000398012	-0.0969442	-0.0377301	-0.0403296
0.000119398	1.67118e-05	0.000334154	0.0390923	0.0670386	0.0426996
0.000348243	-0.000841932	0.000126141	0.0851103	0.00112615	-0.0254525
-0.000703737	0.00078433	-0.000395734	-0.109836	-0.0796619	0.0163659
2.32906e-05	-0.000133213	0.000247429	0.0559129	0.0257405	0.0277334
-1.73423e-05	2.62934e-05	-0.000245905	-0.0767481	-0.0530726	-0.0246909
-0.000154893	-4.80119e-05	-3.52263e-05	0.0473225	0.000860777	-0.0084221
0.000184938	-0.000209316	0.000268627	0.000582474	0.0107109	0.0318992
-0.000216816	0.00017238	-0.000199431	0.00875723	-0.0146138	-0.0333396
0.000341332	-0.000143198	0.000290297	0.00620683	0.0341805	-0.0317329
-0.00048633	0.000367865	-0.000309525	-0.035677	-0.0582106	0.00302606
-9.67083e-05	-0.000207707	0.000148364	0.00941899	-0.0414104	-0.00566948
-9.92465e-05	-0.000477617	-7.4073e-05	0.0524049	0.000609186	0.0420547
4.3458e-05	0.000721963	1.70596e-05	-0.0657802	-0.00808561	-0.0281123
0.000135964	-0.000529225	5.15196e-05	0.047935	0.0396723	0.00283488
2.29492e-05	0.000608061	2.37511e-05	-0.0582034	-0.0123417	-0.00894096
-8.31914e-05	-0.00059665	-1.19628e-05	0.0568863	0.00129155	0.00675571
-0.000177506	0.000511616	-3.43655e-05	-0.0414529	-0.0481584	-0.0103164
-0.000169812	-0.000694007	0.000146003	0.0744818	-0.0197432	0.00314362
-0.000308955	0.000799248	-0.000318226	-0.0930814	-0.0617191	-5.71441e-05
-6.05397e-05	-0.000401194	-6.29413e-05	0.0444983	0.00782806	0.00990807
0.000202058	-0.000136799	0.000260549	-0.0113789	0.0106551	-0.0172265
8.83882e-05	0.000322759	-0.000111859	0.00831624	0.0376364	0.0169028
0.000225801	-0.000113946	0.000156145	-0.0156149	0.0185821	-0.0150678
-0.000191433	5.76687e-05	-9.10963e-05	0.00153476	-0.012856	0.044593
-0.000246074	0.000118608	-7.53154e-06	0.00602707	-0.0639996	-0.0352426
-4.35046e-05	-0.000213097	-2.23403e-06	0.00567387	0.0113373	0.00914491
-0.000207368	-4.31932e-05	-2.93165e-05	0.00683056	-0.0554198	0.0111136
0.000100884	-0.000130305	0.000203121	-0.000962552	0.0303203	0.0469543
-9.50171e-05	0.000307767	-0.00021183	-0.0039168	-0.0277942	-0.0630914
1.10989e-05	-0.000178371	-5.21e-05	0.0041027	0.0209637	0.00706597
0.000330047	-0.000311382	0.000298009	0.0124653	0.0301146	-0.001879
-0.000633318	0.000818967	-0.000361572	-0.085445	-0.0785817	0.0519218
0.000235921	-0.0006952	0.000277767	0.0990703	0.00724618	-0.0731927
3.27123e-06	6.59135e-05	-4.89962e-05	0.00459672	0.0204894	0.0103889
-0.000214593	6.31511e-05	-6.45865e-05	-0.0413815	-0.0521336	0.0235658
-0.000327763	-0.000161939	-0.00010123	0.0144642	-0.0388441	-0.00946767
-0.000121957	0.000505974	-1.50571e-05	-0.0310073	-0.0382232	-0.0179772
0.00043158	-0.000770138	0.000335134	0.0901728	0.0790787	-0.00604332
-4.119e-05	0.000784195	-0.000319669	-0.113486	-0.00779078	0.00801087
3.75297e-05	-0.000373317	0.000214379	0.0572726	0.0140861	0.00398212
-6.08413e-06	0.000224726	-0.000104692	-0.0256106	-0.0144473	-0.0120405
-0.000737588	0.000260233	-0.000285963	-0.0609335	-0.102698	0.0323644
0.000274475	-0.000800517	0.000327023	0.112413	0.0138198	-0.0436633
8.42288e-05	0.000347475	-2.16539e-05	0.00450365	0.0341267	0.0178825
1.6372e-05	0.000181107	-0.000177048	-0.0922191	-0.00388989	0.00189073
4.5522e-05	-2.73311e-06	0.000250017	0.062313	0.0147395	0.00402524
-0.000189263	-0.000463042	3.81886e-05	0.0229691	-0.0555744	-0.0223001
-0.00026676	0.000940654	-0.000287219	-0.109694	-0.0146195	0.0405829
0.000229934	-0.000788637	0.000277333	0.105551	0.00802919	-0.0420306
-7.26937e-05	0.000213978	-0.000175084	-0.0190241	0.0120162	0.023755
0.000230554	-0.000151869	0.000248445	0.00315681	0.0154527	-0.0199515
-0.000618053	0.000632943	-0.000368503	-0.0915044	-0.0765155	0.039471
0.000236021	-0.000461285	0.000284998	0.107032	0.00869142	-0.0429124
-0.000746469	0.000157052	-0.000304645	-0.0638072	-0.102302	0.0355755
0.00043207	-0.000524712	0.000180274	0.0926241	0.0483248	-0.00414954
-0.000107166	1.02063e-05	0.000125951	-0.0133218	-0.00498532	0.00688059
0.000228793	0.000614788	-0.00021501	-0.0688557	0.0358964	-0.0175729
-9.78346e-05	-0.000341875	0.000162533	0.0232331	-0.00704769	0.03362
0.000125558	-2.1583e-05	-6.01204e-05	0.00599724	0.00670953	0.00620942
-0.000531981	0.000439176	-0.000195626	-0.0404505	-0.068464	-0.0486439
0.000357553	-0.000560555	0.000299467	0.0251263	0.0330274	0.0406223
-0.00025163	0.000207799	-0.000110617	0.0228965	-0.0236366	0.0177357
-0.000127243	-8.3968e-05	-0.00019724	-0.00711506	-0.0350737	-0.0627541
-0.000183741	0.000138276	0.000247377	-0.00495572	-0.0235769	0.0167679
0.000326501	-0.000245945	-5.93524e-05	0.0202098	0.0398303	-0.020846
-0.000329164	0.000568358	-0.000161546	-0.0887544	-0.0244854	0.0727461
0.000510017	-0.000418181	0.000359561	0.0993739	0.0482007	-0.0491846
-0.000407157	-0.000197689	-0.000244155	-0.0162569	-0.0418572	0.00339399
-5.93154e-05	0.000251254	5.28018e-05	-0.0180156	-0.031507	-0.0183052
-0.000210708	-5.32265e-05	0.000127577	-0.000956235	-0.024239	0.0162321
-8.39383e-05	5.67829e-05	-0.000212288	0.00507107	-0.0265944	-0.0183894
-0.000302759	0.000179919	-0.00014753	-0.0462809	-0.02481	0.0318442
0.000659266	-0.000245349	0.000394397	0.0586304	0.0779523	-0.0379016
-5.76845e-05	-2.28075e-05	-0.000141218	-0.0099831	0.0167504	0.0218476
-0.000304934	8.34316e-05	-1.75882e-05	-0.00155017	-0.0745744	-0.0164884
3.60253e-05	-1.26372e-05	0.000199066	-0.0113133	0.0185138	0.0182623
-8.76062e-05	5.15524e-05	-0.000213812	0.00479528	-0.0272823	-0.016503
-0.000417	-0.000154618	4.61013e-06	0.014225	-0.0573539	0.0129882
-8.0743e-06	0.000136647	4.56519e-05	-0.0104221	-0.0227089	-0.0156573
-0.000213639	-0.000179756	-0.000128182	0.0157899	-0.0138817	0.0218414
0.000467862	0.000171586	-2.92044e-05	-0.0153811	0.067556	-0.0175614
6.08783e-05	0.000181744	0.000232206	-0.00395044	0.0210577	0.0289318
-0.000397196	0.000163416	-0.000320897	-0.0764302	-0.06991	0.0154735
0.000465411	-0.000782	0.000382183	0.113565	0.0765918	-0.020094
-0.000238979	0.000312933	2.37249e-06	0.00517241	-0.0648614	-0.0351031
-9.7657e-05	-0.000123181	-0.000178398	-0.0120263	0.0126891	0.0489789
0.000119897	9.0282e-05	0.000179402	-0.0156364	-0.00409078	0.0187869
0.000104547	0.000432371	-0.000172912	-0.0324123	-0.00292976	-0.100071
-0.000812392	-0.000193968	5.06153e-05	0.00644873	-0.0816298	0.0709771
0.000237422	-0.000666578	8.32348e-05	0.0728101	-0.00219558	-0.029954
-0.000281615	0.000735131	-0.000333402	-0.085534	-0.0572813	0.0231532
-0.000197049	-0.000495883	0.000230168	0.076344	0.00892651	0.0215242
5.73554e-05	0.000402731	-0.000153498	-0.0579039	-0.00877345	-0.0332204
0.000585145	-0.000402502	0.000314763	0.0584157	0.0990333	-0.011663
-0.000166217	0.00038017	-0.000266524	-0.0733936	-0.0266872	0.0694849
-0.000331152	0.000164458	0.000108361	-0.0184643	-0.0484408	-0.0630914
0.000355365	-0.000401038	1.99514e-05	0.0694507	0.0398258	0.017478
-0.000477276	-1.83602e-05	3.57325e-06	-0.00227651	-0.0699642	-0.00893265
-0.000258025	0.000468037	-0.000199773	-0.0683647	-0.0484337	-0.00236852
-2.07675e-05	-0.000482341	0.000151491	0.0736441	-0.00130145	-0.00812904
9.28009e-06	0.000275825	-8.6472e-05	-0.0355446	-0.0089244	-0.00761942
0.000357054	-0.000130776	6.05976e-05	0.00940868	0.0796048	0.015988
0.000169646	-0.000107348	0.000136373	-0.0134155	0.00666797	-0.0164075
0.00022916	6.64994e-05	0.000113892	0.0436267	0.00142746	-0.0410245
-0.000889562	0.00013976	-0.000259865	-0.040377	-0.0775304	0.0773882
-8.56062e-05	-0.000250408	-5.72183e-06	0.000759716	-0.0739654	-0.05416
-0.000124906	0.000286149	5.84857e-05	0.0233347	0.0325731	0.050747
0.000451614	-7.44562e-05	8.30326e-05	-0.0301715	0.0207544	-0.0487363
-0.00038968	-8.35599e-05	-0.00011113	0.0371124	-0.00765026	0.0659584
0.000227337	0.000133319	-1.44699e-05	-0.055091	-0.0127336	-0.043176
-5.98084e-05	-0.000446386	0.000331102	0.115721	0.0200136	0.00294744
-0.000326969	0.000824825	-0.000526542	-0.134602	-0.0785006	-0.00324348
-0.00013909	-0.00089224	0.00038671	0.12423	0.00198666	0.0433809
-0.000158803	0.000514894	-0.000364537	-0.0944143	-0.0580441	-0.0115673
-6.37463e-06	-0.000197741	0.000114226	0.038105	0.0477359	0.00649336
0.000491535	0.000203394	8.49204e-05	-0.0283711	0.0263325	-0.05756
-0.000252242	-3.61036e-05	9.96406e-05	0.0364559	0.00709554	0.0809404
-8.3251e-05	-0.000388173	-0.000143161	-0.00991555	-0.0652288	-0.0384895
-5.48723e-05	0.00054541	0.000134959	-0.0103457	0.0398939	-0.0130071
-0.00025353	-0.000284195	-0.000354199	-0.0357144	-0.0753782	0.0195256
0.000380221	2.3481e-05	0.000535575	0.074814	0.0824122	-0.00604023
-0.000213135	-0.000107075	-0.000341688	-0.0481511	-0.068231	-0.0454724
-0.000760028	0.00053327	-0.000145063	-0.0494706	-0.0703379	0.0763227
0.00049813	-0.000384924	0.000218984	0.087137	0.0142639	-0.0933907
-0.000397804	-0.000117856	-3.29904e-05	-0.027386	-0.0125164	0.0705182
0.000876927	-7.92563e-05	0.000149695	0.0318798	0.0931531	-0.0717131
-0.000602256	0.000623011	-6.10588e-05	-0.06778	-0.0432966	0.0826869
0.000398344	-0.000799609	2.4934e-05	0.0663468	0.00891058	-0.075577
-0.000525348	0.000629319	-3.77282e-05	-0.0672048	-0.0317335	0.0761101
0.000230949	-0.000118089	-1.98487e-05	0.0394727	-0.0153225	-0.0752872
-0.000664519	-0.000352361	9.75819e-05	0.0154398	-0.075367	0.0516103
0.000245754	5.4454e-05	-0.000224673	0.00839417	0.0028422	-0.0597842
-0.00052255	8.28656e-05	8.20462e-05	-0.0180423	-0.0434621	0.0642008
0.000713015	-0.000123277	0.000225815	0.0346346	0.0835595	-0.0508181
-0.000127794	1.78289e-05	-0.000379157	-0.028202	-0.0376852	-0.0133171
-0.000343419	0.000303594	0.000253468	-0.0224321	-0.00299797	0.0627635
0.000652956	-0.000411013	0.000111025	0.0437903	0.0444313	-0.0688113
-0.000831345	8.44067e-05	-0.000225508	0.0101944	-0.0737113	0.0701713
0.000246286	0.000287031	-2.93526e-05	-0.0740034	-0.00993251	-0.0581755
-0.000164754	-0.000128434	0.000129054	0.0461403	0.0218812	0.0644945
-5.01752e-05	-6.45496e-05	-0.000139122	-0.014455	-0.0624314	-0.0647784
-9.60498e-05	0.000248491	0.000122108	-0.0133343	0.0386666	0.0556242
0.000312934	-0.000458665	5.73881e-05	0.0527758	-0.0146308	-0.0759348
-0.000567401	0.000104556	-7.8725e-05	-0.0361486	-0.0329537	0.0695048
5.77238e-05	6.25732e-07	-2.87459e-05	0.0332876	-0.0281347	-0.0410977
-0.000244021	0.000576408	-0.000245928	-0.076538	-0.0546483	-0.00695223
-6.59671e-05	-0.000883016	0.000374309	0.108944	0.0201216	0.0264763
-2.47351e-05	0.000519734	-0.000236419	-0.0678878	-0.0166912	-0.00997784
0.000590999	-4.90489e-05	-3.92273e-05	-0.0119965	0.0758986	-0.0260526
-0.000391402	-3.74773e-05	0.000253027	-0.00884933	-0.0148547	0.060345
0.000329477	0.000140631	-0.000123922	0.00412551	0.00571465	-0.0526103
-0.000277074	-0.000459031	0.000216852	0.0798269	-0.00823548	0.0318213
-0.000316543	0.000587713	-0.000281434	-0.0918085	-0.0706047	-0.00448188
7.55288e-05	-0.000406549	1.88241e-05	0.0491515	-0.0239874	-0.0471907
-0.000455222	-0.000121073	0.000179498	0.00596889	-0.0278056	0.0587562
0.000168084	8.32769e-05	-0.000167642	0.0190957	0.00382912	-0.0338057
2.97734e-05	8.76131e-05	0.000112987	-0.0264289	0.0187383	0.0206113
-0.000216246	0.000428565	-0.000196498	-0.0603934	-0.0438412	-0.00448588
0.000244059	-0.00044001	0.000227798	0.0640376	0.0454458	0.00187931
-0.000290778	-7.07417e-05	-0.000202107	-0.0180904	-0.061156	-0.0130267
6.8984e-06	0.000382025	0.000133094	-0.0248928	0.0173324	0.0194495
0.000208292	-0.000350446	-2.82868e-05	0.0459952	0.0159072	-0.0246896
-0.000247222	0.000255282	5.79092e-05	-0.0156092	-0.0277008	-0.00271125
0.000199082	-7.08381e-05	-4.9872e-05	-0.0115535	0.0213891	-0.00593711
-0.000419525	-0.000246296	1.05776e-05	0.0165721	-0.0599406	0.0267506
0.000393685	0.00043771	1.254e-05	-0.0185361	0.0552297	-0.0175976
-0.00036825	-5.86347e-05	-0.000128451	-0.0335806	-0.0907933	-0.0680788
-0.000248545	-0.00045512	0.000267022	0.10702	0.00310594	0.102015
-5.67789e-05	0.000382716	-0.000265623	-0.077194	-0.0278856	-0.0499577
0.000417709	0.000216216	-7.4709e-05	-0.0306029	0.0511126	-0.00318341
-0.00021295	-0.000404444	0.000380098	0.0621915	0.00682673	0.0529546
0.000123905	0.000341793	-0.000322522	-0.0513481	-0.0171241	-0.0404247
-0.000470988	-0.000152947	0.000262728	0.0642691	-0.0432005	0.0426675
0.000260416	-0.000214695	-0.000199915	-0.0320368	0.000550687	-0.0488932
-0.000419423	0.000281297	0.000196606	0.011028	-0.0267093	0.0523855
0.000251039	-0.000135315	-0.000215507	-0.0151032	-0.00230701	-0.052487
-0.000496533	0.000304584	-9.84655e-05	-0.0343992	-0.0264039	0.0691518
0.000615684	-0.000256162	0.000284631	0.0672875	0.0383282	-0.0796663
-0.000678113	9.79226e-06	-0.00015144	-0.0589185	-0.0540587	0.0750747
0.00041803	-0.000122685	5.00164e-05	0.0704842	0.00932333	-0.0752199
-0.000460486	0.000242981	-4.09433e-05	-0.0711597	-0.0167262	0.0770924
0.000436905	-0.000323204	5.98268e-05	0.0676769	0.0122581	-0.0761583
-0.00042376	0.000585405	-2.51405e-05	-0.0728295	-0.0103939	0.0775549
0.000274643	-0.000622923	-2.65602e-07	0.0436896	-0.012311	-0.071992
-0.000231113	0.000268928	0.000175794	0.0113421	0.00719525	0.0556764
0.000171254	9.60042e-05	-0.000313577	-0.0559203	-0.00695021	-0.0419163
-0.000434299	-0.000274406	0.000286479	0.0706693	-0.0413215	0.0368243
0.000115487	0.000365285	-0.000269952	-0.090373	-0.014489	-0.0349798
-0.000208143	-0.000343283	0.000212223	0.0846935	0.000986584	0.0398563
0.000111834	0.000290507	-4.57689e-05	-0.0284424	-0.0318782	-0.0571138
-0.000383526	-0.000339927	-0.000127959	0.0243263	-0.00837367	0.0640822
0.000339318	6.06108e-05	0.000115889	-0.000747237	-0.00252573	-0.0685419
-0.00013733	0.000108413	-4.27528e-05	-0.0367782	0.03917	0.077995
0.000347711	-6.56588e-06	0.000128405	0.016318	-0.00357059	-0.0733778
-0.000751021	0.000514628	-0.000232201	-0.0616217	-0.0589303	0.0859597
0.000497191	-0.000793572	0.000184167	0.0919151	0.0120843	-0.0687934
-0.000510659	0.000299972	-5.93524e-05	-0.0316865	-0.0274937	0.0549429
0.000179627	-0.000230444	-6.81138e-05	0.0201451	-0.0251653	-0.076115
-0.000431396	6.86577e-05	0.00017602	0.0099066	-0.029458	0.054973
0.000375986	0.000110699	-0.000275723	-0.0139814	0.0321748	0.00805625
-0.000253396	-0.000118456	0.000234186	-0.0253357	-6.56489e-05	0.0233442
0.000774054	-0.000174331	0.000161765	0.0705399	0.0639005	-0.0472083
-0.000618006	0.000388334	-0.000193104	-0.103288	-0.0316567	0.0298683
7.8123e-05	0.000158345	-5.83944e-05	0.00654529	-0.0394002	-0.00407807
-0.000300903	-0.000541496	0.000253838	0.0728179	-0.023249	-0.0610472
-0.000133698	0.00039105	-0.000377583	-0.0661355	-0.0505961	0.0524055
3.31091e-05	-0.000304891	0.000375694	0.105191	0.0288985	-0.0321507
-0.000369316	-7.61265e-05	-0.000357885	-0.0720265	-0.0679511	0.0701165
1.45192e-05	0.00054839	-0.000212028	-0.0408685	-0.0209089	-0.10834
-1.32237e-05	-0.000554952	0.000460746	0.0640003	0.0379369	0.113636
0.000262085	0.000201854	-0.000214066	-0.0421425	0.0235373	-0.0898463
0.000101467	-3.39205e-05	5.39156e-05	0.0199695	-0.0141444	0.0424671
5.17646e-05	-0.000253055	0.000374123	0.0601915	0.0445015	-0.0408174
-5.36302e-05	0.000265864	-0.00043404	-0.101381	-0.0303327	0.0599646
-0.000507386	0.000352098	0.000165109	0.00251983	-0.0430382	-0.0228667
0.000643109	-0.000495428	0.000150701	0.0604349	0.046316	-0.0328971
-0.000969035	0.000500933	-0.000245858	-0.05916	-0.101147	0.0172565
0.000324838	-0.000832026	0.000162154	0.0937565	0.0105291	0.00987798
-0.000276216	0.000854797	-0.000337714	-0.0983916	-0.061954	-0.065228
-0.00012776	-0.000817211	0.000349264	0.116078	0.0191708	0.0901928
-3.9653e-05	0.000625349	-0.000255359	-0.0784209	-0.0245524	-0.0561991
0.000150118	6.90954e-07	-8.64558e-07	-0.0256762	0.047712	0.042184
0.00010485	-0.000274913	0.000202519	0.0216962	-0.0126235	-0.026188
-0.000185283	0.000273591	-0.0001668	0.011699	-0.00861516	0.0257905
1.00938e-05	-0.000286533	6.92449e-05	-0.000382918	-0.0215015	-0.0266695
0.000100018	-0.000100359	0.000244636	0.049735	0.0261084	0.00834531
-0.000517081	0.000356392	-0.00046493	-0.0750598	-0.091155	-0.00835592
0.000352537	-8.44655e-05	0.000320055	0.0353874	0.0698833	0.00478572
-2.26258e-05	-6.64988e-05	4.8572e-05	-0.00925775	-0.024616	-0.00782064
-0.000214793	6.98418e-05	-0.000209446	0.00353149	-0.0119335	0.0303865
7.82402e-05	0.000199413	7.30067e-05	-0.0443608	-0.0051113	-0.0473755
-0.000202868	-0.000102836	-3.00772e-05	0.0324761	-0.0182115	0.0287435
0.000132668	-0.000455603	8.14262e-05	0.0592227	-0.00646335	-0.0134025
-0.000589712	0.000479732	-0.00020086	-0.0694713	-0.0699277	0.0347217
0.000361932	-0.000323786	0.000147529	0.0396944	0.0339403	-0.0258793
0.000129895	8.16247e-05	0.000223838	0.00371046	0.0371261	0.0114807
-4.20621e-05	0.000208617	-0.00031005	-0.0560638	-0.0139574	0.000170179
-0.000162329	-1.64214e-05	1.76657e-05	0.0228199	-0.0531349	-0.0338572
0.000193913	-0.00012949	0.000385333	0.0491209	0.0755487	0.054432
-0.000515687	0.000246807	-0.000577421	-0.104768	-0.116071	-0.035939
3.57486e-07	-0.000340364	0.000349681	0.113787	0.00731735	0.0148293
-0.000311	0.0002212	-0.000115625	-0.0745049	-0.00807216	0.048656
0.00035641	-1.0853e-05	-0.000154687	0.0196161	-0.00074514	-0.0634735
-6.39247e-05	0.000121565	0.000300762	0.00497389	0.0124104	0.0199417
-0.000261303	-0.000309987	-0.000157646	0.012732	-0.0126084	0.0458843
0.000538402	0.000143691	0.000171748	-0.00843158	0.0273125	-0.0806178
-0.000319881	5.82111e-05	-0.000192041	-0.0331364	-0.0158822	0.0536696
-0.000250819	-4.6111e-05	9.64896e-05	0.0289682	-0.0653149	-0.0355739
-0.000160057	7.44428e-05	-8.4895e-05	0.0119603	-0.00922428	0.0294209
-2.42576e-05	-0.000196336	8.16417e-05	-0.00159645	-0.024476	-0.0309778
-2.01777e-07	7.21182e-05	-5.578e-05	-0.00272539	0.018941	0.0328084
2.9241e-05	0.000200821	1.22649e-05	-0.00750426	-0.0119897	-0.0254086
0.000112351	-0.000263265	3.87667e-05	-0.000803328	0.0357178	0.0480358
-0.000158059	1.15056e-05	-3.53328e-05	-0.0284953	-0.0401858	-0.0355942
2.43216e-05	-9.90262e-05	0.00019828	0.077866	0.00195094	0.000541929
-0.000197257	6.02918e-05	-0.000253157	-0.0503261	-0.0324108	0.0302169
-0.000115497	0.000232859	-7.73148e-05	-0.0213818	0.00123924	0.0101738
-0.000113849	3.10421e-05	0.00013681	0.0272553	-0.0470234	-0.0508782
-0.000240234	-0.000474322	-9.6268e-05	0.019408	-0.0234521	0.0264121
0.00011071	0.000171228	3.75895e-05	0.00936083	0.00160475	0.0249825
0.000369841	-4.43376e-05	0.000281544	-0.000363745	0.061864	-0.0729727
-0.000116694	0.000304134	-0.000314466	-0.0663773	-0.00864834	0.101047
0.000280055	4.48605e-05	9.74128e-05	0.00294694	0.00621864	-0.127786
-0.000670124	-8.55503e-05	-5.40742e-06	0.00547022	-0.0454561	0.141676
0.000296814	-1.33787e-05	-2.83137e-05	0.0111069	-0.0125103	-0.137883
-0.000353673	-0.000741171	0.000230775	0.075941	-0.0177612	0.115315
-0.000165154	0.000826556	-0.000296787	-0.0558018	-0.0481932	-0.100366
-5.18522e-05	-0.000407169	-7.39728e-05	-0.00182887	-0.0309865	0.0474322
3.17981e-05	5.39994e-05	0.000350453	0.0439667	0.0396588	-0.0421407
-0.000111686	0.000411003	-0.000439148	-0.0653069	-0.03864	0.0673395
0.0002149	-0.000343096	0.000385401	0.0192707	0.0655605	-0.0384124
0.000289991	-5.3219e-05	1.16438e-05	0.0222098	-0.00393848	0.0127594
-0.000304329	0.00024427	-9.50912e-05	-0.0421087	0.00673575	-0.00339608
0.000146206	0.00010088	-4.54262e-05	-0.0160307	-0.0212303	0.0210014
-6.75704e-05	-0.000269077	0.000313757	0.0509817	0.0171778	-0.0499529
-0.00038577	0.000265204	-0.000449365	-0.0463839	-0.0922106	0.0406119
-0.000137999	-0.000391075	0.000319157	0.0705894	0.00269723	-0.0523331
-0.00022688	-3.92792e-05	-0.000316326	-0.0457373	-0.0464789	0.0809102
-0.000152631	0.000580847	-2.28807e-05	-0.00674684	-0.0624997	-0.130113
-0.000273566	-0.00067633	5.60334e-05	0.0578913	0.0100819	0.123016
0.000120272	-0.000111082	5.02552e-05	0.000501739	-0.0163314	-0.0505879
0.00010083	0.000480169	-8.6277e-05	-0.0290864	0.0415252	0.0303899
0.000276278	-5.39302e-05	0.000114402	-0.0162021	0.0222509	-0.021682
-5.56594e-05	0.000118758	-5.07888e-05	-0.010801	0.014471	0.0272778
0.000276018	-1.44048e-06	0.000132961	-0.0146749	0.0218106	-0.0217905
-0.000568364	0.000369988	-0.000226816	-0.0511035	-0.0601514	0.0333347
0.000741747	-0.000624351	0.000402789	0.096159	0.0752655	-0.0460145
-0.000722717	0.000651572	-0.000508445	-0.0920983	-0.116009	-0.00949507
7.21971e-05	-0.000951061	0.000484785	0.139216	0.0330273	0.0400125
-0.000382041	0.000627714	-0.000340335	-0.0875674	-0.0679382	-0.0163844
0.000283027	-0.000168874	0.000131475	0.0648099	-0.000786595	-0.0521673
-0.00051517	-0.000111053	-5.24874e-05	-0.0558979	-0.01318	0.0849615
0.000653535	0.000155816	0.000149034	0.0380091	0.0418761	-0.0711782
-0.000686334	-0.000169553	-0.000119394	-0.0267214	-0.0472639	0.108195
0.000302188	-0.000174238	-4.36475e-05	0.0213774	-0.0102206	-0.0915542
-0.000161049	0.000268119	0.000259064	0.00243328	0.0193116	0.0437857
6.06319e-06	0.000118702	-0.000375312	-0.0381331	-0.0368178	-0.037447
-0.000317	-0.000454471	0.000288135	0.0676168	-0.0152456	0.0834008
0.000269185	0.000513555	-0.000226972	-0.0700798	0.00221397	-0.122412
-0.000565034	-0.000217581	-5.97802e-05	0.0163977	-0.034248	0.144233
0.000347928	0.000402366	0.000110097	-0.00562527	-0.00741072	-0.146178
-0.000385842	-0.000680306	-4.99135e-05	0.0230699	-0.00483082	0.131898
0.000317361	0.000385746	-5.03082e-07	-0.0127995	-0.00541495	-0.0967036
0.000269933	-0.000271159	0.000442059	0.0647442	0.0744071	0.0353785
-0.000250415	0.000357826	-0.000514041	-0.110071	-0.0618456	-0.0202164
8.04686e-05	-0.000332772	0.000385224	0.0749257	0.0436993	0.0362721
1.61788e-06	0.000513911	-0.000289666	-0.0915743	-0.0327707	-0.0358881
-0.000130815	-0.000357615	0.000282185	0.068238	0.014214	0.0393849
0.000115172	7.68952e-05	-9.02445e-05	-0.0159791	-0.0336943	-0.0619193
-0.000759098	-0.000203937	-0.000132865	-0.00705615	-0.0634283	0.0657112
0.000193628	0.000273847	-1.10756e-05	0.030495	-0.029901	-0.0712416
-0.000691243	-0.000399562	-0.000106083	0.000233538	-0.0547007	0.0637061
0.000209213	0.000228176	-7.40505e-07	0.0334282	-0.0275019	-0.0712306
-0.000240862	-0.000575417	0.000189405	0.029222	0.00445636	0.0475577
0.000130291	0.000835785	-0.000319714	-0.0749931	-0.0120252	-0.0299292
0.000347311	-0.000716283	0.000413031	0.0502764	0.0885601	0.0498939
0.000118251	0.00100055	-0.000338499	-0.10339	-0.00859946	-0.0272229
3.88445e-05	-0.000871698	0.000391181	0.0805042	0.0345327	0.0344413
0.000222166	0.000683033	-0.000253131	-0.0492969	-0.00351535	-0.0350662
-0.000155383	-0.000525391	0.000287998	0.0210884	0.0164842	0.0447811
0.000295044	0.00064133	-0.000226112	-0.0426621	0.0060267	-0.0389033
-0.000225359	-0.000486619	0.00019309	0.0245074	-0.0141116	0.0107515
-0.000229135	0.000151518	-1.13586e-06	0.0177048	-0.0157112	0.0476315
-0.000593729	-0.000417433	-0.000215873	0.0431247	-0.153695	-0.113863
-0.000332028	0.000410612	-0.000129368	-0.0283879	-0.0216338	0.0593062
0.000199041	-0.000563206	0.000170476	0.0391072	0.0122486	-0.00226017
-4.44505e-05	0.00035067	8.38447e-05	0.00080123	-1.55605e-05	-0.0214185
-0.000357905	-0.000246281	-0.000293836	-0.00802794	-0.0554695	0.06997
6.34413e-05	-0.000105946	0.000205842	0.0102395	0.00773694	-0.0781414
0.000427548	0.000177847	6.65791e-06	0.00571242	0.0594407	0.0791105
1.01432e-05	4.336e-05	8.93149e-05	-0.042686	0.0130825	-0.0499869
-0.00033491	0.000669716	-0.000308025	-0.0763719	-0.0470663	-0.0188805
0.000424011	-0.000536582	0.000358531	0.0736713	0.0574361	0.00965255
-0.000324298	-4.96029e-05	-0.00019894	0.00561308	-0.0556252	0.0713189
-0.000252011	0.00014095	-8.22243e-05	-0.0183694	-0.0309795	-0.0701964
0.000246534	-0.000259368	0.000228935	0.0156539	0.0207824	-0.00944917
-0.000244057	0.00023776	-0.000174515	-0.00776263	-0.0242344	0.0321637
-3.89294e-06	4.79342e-05	6.77401e-05	-0.00479079	-0.0168495	-0.0697763
0.000673281	-6.82167e-05	0.000220672	-0.030699	0.122994	0.0691598
-0.00116273	0.000144587	-0.000495876	0.0195523	-0.196519	-0.0248042
0.000493632	-0.00034772	0.000409541	0.0845723	0.0717454	0.0239872
-2.99317e-05	-9.99054e-05	2.45782e-05	-0.0375672	-0.0124297	-0.0246023
-0.00032624	0.000498291	-0.000237843	-0.0389476	-0.0355833	-0.0412626
0.000170778	-0.000490945	0.000336175	0.0314384	0.0508944	0.118615
-7.09852e-05	0.000494061	-0.000342509	-0.0628054	-0.061867	-0.153489
-0.00025251	-3.64326e-05	-2.9624e-05	0.0358167	-0.0130632	0.103196
-4.67852e-05	-0.000668452	0.000299275	0.0567538	0.00171795	0.0221863
0.000212434	0.000776034	-0.00028625	-0.0631236	-0.0035821	-0.05857
3.38025e-05	-0.000392166	0.000208025	0.00553548	0.0249046	0.0348749
0.000140989	-0.000213184	0.000320622	0.060033	0.0397092	0.0161294
-0.000378469	0.000518747	-0.000576976	-0.0869502	-0.0997384	-0.0427516
-5.30812e-05	-0.000236346	0.000311868	0.0530668	0.0090733	0.00721369
-0.000365956	3.28568e-05	-0.00015967	-0.0355323	-0.02908	0.0560034
0.000389165	-0.000348806	0.000140185	0.0570035	0.00116716	-0.0940651
-0.000782853	0.000271411	-0.000252187	-0.0252131	-0.0792679	0.0662309
0.000186262	-0.00014899	8.12736e-05	0.0412028	-0.0225683	-0.104419
-9.63483e-05	-0.000105557	2.63954e-05	0.00668382	0.0260126	0.111371
0.000168087	0.000186772	-5.37521e-05	-0.0292359	-0.0124085	-0.0723203
-0.000119054	-0.00010069	0.000212312	-0.00853967	0.0210627	-0.00673833
0.000325809	0.000488014	-0.000235554	-0.03652	0.017913	0.0521891
-0.000315863	-0.000372623	0.000165438	0.0157141	-0.0140787	-0.0160985
0.000400135	0.000201069	-0.000120374	-0.0135186	0.0251796	0.0400039
-0.000168928	-7.29173e-05	0.000197147	-0.00111562	0.00723876	0.00798704
-0.000135871	0.000749216	-0.000392342	-0.0765865	-0.0661243	-0.0940306
-0.000121877	-0.000834476	0.000385201	0.103774	0.0224905	0.0496668
-0.000335315	0.000172129	-0.000324704	-0.0370778	-0.0891806	-0.0417824
-6.45823e-06	-0.000176325	0.000211456	0.0677679	0.00705288	-0.00737732
0.000434741	-0.00019324	6.78519e-05	0.0150977	0.0491378	0.0306415
-0.00048948	0.000211941	-6.75351e-05	-0.0247804	-0.0573555	0.0123237
-3.22269e-05	0.000473905	-0.000168403	-0.0799794	-0.0146625	-0.0614742
0.000160257	-0.000607194	0.000233987	0.0519118	0.03891	0.0840292
-3.95159e-05	0.000546952	2.86686e-05	-0.00624752	-0.0271583	-0.0915885
-0.000216965	-0.000445463	-0.000204491	-0.00406929	-0.0149684	0.100006
-2.86499e-05	0.000362442	0.000127578	0.0145096	-0.0280686	-0.0918038
-0.000136799	-0.000432619	-5.75033e-05	0.0240617	-0.00669328	0.0768511
-0.00034371	0.000400819	-0.00033068	-0.0771998	-0.066032	-0.0659824
0.000291941	-0.000347854	0.000458473	0.0948674	0.0553569	0.0750395
2.04699e-05	0.000320606	-0.000241322	-0.0601254	-0.0104517	-0.0716128
-0.000161905	-0.000291701	0.000131205	0.0309945	-0.00940672	0.105364
9.97973e-05	0.000319143	-0.000145888	-0.0426037	-0.000614496	-0.0946951
9.03968e-05	-0.000403473	0.000268438	0.0590364	0.0278532	0.0898963
-0.000136756	0.000637573	-0.000287475	-0.106512	-0.0291378	-0.0717732
0.000189942	-0.000301347	0.000318973	0.0626248	0.0414864	0.0220666
-0.000162246	0.000158192	-0.000184857	-0.0421498	-0.0405311	-0.00786947
-0.00020315	-0.000418182	0.000104645	0.0471782	-0.022884	-0.00407027
-0.00044226	0.000546735	-0.000292246	-0.0378534	-0.0895734	-0.0619439
2.50958e-05	-0.00068504	0.000293219	0.0971773	0.0121783	0.0820147
-0.000260527	0.000331302	-0.000309161	-0.0741588	-0.054866	-0.0665474
0.000200911	-0.000364454	0.0003426	0.0988614	0.0385994	0.0776534
-0.000160606	0.000415809	-0.000290053	-0.104549	-0.0323554	-0.0685174
6.38516e-05	0.000220773	3.64545e-06	-0.00106579	0.0299282	0.0542978
0.000225328	-0.000339254	0.000245512	0.0107409	0.0166509	-0.0228023
-2.36582e-05	0.000321949	-0.000123269	-0.0299219	0.0172648	0.019913
-0.000200661	0.000142743	9.01286e-06	0.0263419	-0.0575274	-0.0679127
0.000112858	-0.000663628	8.60901e-05	0.0237503	0.0363183	0.103879
-0.000180858	0.000881896	-0.000268327	-0.101389	-0.0385639	-0.0751332
3.96551e-05	-0.000740323	0.000380575	0.107473	0.0120502	0.0203356
-0.000416593	0.000338394	-0.000337944	-0.0394693	-0.0851269	0.00231713
-7.80047e-06	-0.000558475	0.000190851	0.0744815	0.00853035	0.0175442
-0.00011129	0.000241108	-5.68952e-06	-0.00959287	-0.0377533	-0.0477114
7.56846e-05	-0.000105897	-2.50389e-05	-0.0137033	0.0330348	0.0458112
0.000172547	0.000296455	4.75008e-05	-0.0294536	0.0130294	-0.014309
-0.000311267	0.000109541	-0.00013721	-0.0444105	-0.0277753	0.0166967
0.000222697	0.000208464	-5.33671e-05	-0.0125335	0.0180717	-0.0101503
-0.000214958	-0.000581873	0.000260249	0.079739	-0.0264847	0.00614838
-0.000103438	0.000219734	-0.000270936	-0.016566	-0.0361674	-0.000247968
-0.000182474	-0.000181588	0.000124846	0.0121645	-0.0137749	-0.000647007
0.000465382	0.000109559	0.000258192	0.0135174	0.0566001	-0.0474108
-0.000541841	0.00016998	-0.000382212	-0.0641318	-0.0640158	0.0526855
0.000418608	-0.000433833	0.000262292	0.0533083	0.0437717	-0.0113753
-0.000284729	0.000775448	-0.000140805	-0.0745583	-0.0222094	-0.00577722
4.8977e-05	-0.000254869	-9.13339e-05	0.0120871	-0.0132804	-0.0594025
-1.74495e-05	-0.000182074	0.000290412	0.0294903	0.0157043	0.102584
-3.51917e-05	0.000181036	-0.000237077	-0.0189609	-0.0262036	-0.0803402
-2.50167e-05	-0.000334005	0.000274806	0.045735	0.0105021	0.0995691
-0.000189038	0.000192116	-0.000224171	-0.0194845	-0.0504965	-0.0981743
-0.000323955	-0.000202855	2.93814e-05	0.0317211	-0.0385871	0.0688889
0.000156036	0.000130333	9.56342e-05	-0.0165638	0.00831141	-0.0798128
-0.000224855	-8.32027e-05	-0.000150509	0.00429902	-0.0204977	0.0923334
-0.000239464	-0.000108034	0.000128005	0.0146866	-0.0203613	-0.0420288
0.000160865	9.11448e-05	-0.000210539	-0.00189483	-0.0259135	0.0134695
-0.000436636	0.000186011	-0.000154432	-0.0488948	-0.0248597	-0.0017728
0.00076962	-0.000228035	0.000424435	0.0534323	0.0786845	0.00546694
-0.000578567	0.00033061	-0.000295925	-0.0719752	-0.0454642	-0.00707338
0.000390735	-0.000342267	0.00019567	0.0771218	0.0113092	0.00118254
-0.000407224	0.000381667	-0.00018314	-0.0844236	-0.0141545	0.00271279
0.000326131	-0.00040029	0.000184672	0.0701918	-0.00104768	-0.0928368
-0.000114363	0.000302728	-4.955e-05	-0.0492662	0.0338217	0.120555
0.000427802	0.000426618	-7.57949e-06	-0.0371294	0.0289166	-0.0592229
-0.00037602	-0.000542352	0.000177111	0.0253481	-0.018116	0.0646243
0.000169708	0.000345387	-8.19947e-05	0.0172292	-0.0238291	-0.0879608
-0.000889815	-0.00019756	-0.000307676	-0.0413053	-0.0995011	0.0871328
0.000380147	-0.000167038	0.000321099	0.0994779	0.00702262	-0.070319
-0.000426916	-0.000384559	4.22025e-05	-0.00217515	-0.0245275	0.0679836
8.14048e-05	0.000473629	-0.000238249	-0.0134297	-0.0341682	-0.0620485
-0.000194186	-0.000580682	0.000225739	0.0315905	0.0118234	0.0645776
0.000418703	0.000743601	-0.000118579	-0.0601286	0.0290936	-0.0656286
-0.000649263	-0.000503863	-4.42017e-05	0.0166549	-0.0652942	0.067133
0.000496345	6.67909e-05	0.000204867	0.0410335	0.0332792	-0.0764284
-0.000301464	0.000342514	-0.000211025	-0.0487338	-0.00106601	0.0732949
0.000330226	-0.000138204	0.000102055	-0.018588	0.0104962	-0.0723976
-0.000255334	9.23679e-05	-8.44433e-07	-0.00531141	0.0038407	0.0743376
-0.000156883	0.000206389	-0.000297841	-0.0295885	-0.0742612	-0.07791
-2.27628e-05	-0.000573061	0.000429017	0.0793864	0.0376887	-0.00311186
9.65713e-05	0.000384181	-0.00022416	-0.0472447	-0.0285451	0.0429467
-0.000310342	0.00012517	-9.13323e-05	-0.0258002	-0.00473388	-0.0168806
5.47971e-05	-0.000283514	0.000152947	0.0611118	-0.0451662	0.0174836
-0.000393194	-3.40535e-05	-0.000176909	-0.00734912	-0.0173506	-0.00337427
0.000287819	9.24047e-05	9.54688e-05	0.0082166	-0.0064884	-0.0233019
8.70406e-06	-0.000144078	0.00012753	-0.0128321	0.0619212	0.0611466
0.000370432	0.000403776	5.52112e-05	-0.0290614	0.00891632	-0.0807115
-0.000256796	-0.000152337	-8.41699e-05	-0.0209187	0.0144329	0.0959508
-5.01679e-06	9.2366e-05	5.55386e-06	0.0291077	-0.0623373	-0.088572
-0.00027539	-0.000350304	9.15273e-05	0.0158599	0.0105376	0.0920681
-0.000121144	0.000307779	-0.000184334	-0.00952674	-0.0810274	-0.0860849
-0.000424775	-0.000340835	-3.68615e-05	0.0221338	-0.0167067	0.0657677
0.000240849	9.66291e-05	0.000108069	0.0175918	-0.0184723	-0.05201
-0.000443332	-0.00021116	-0.000118448	0.00107586	-0.0193006	0.0562535
0.000353876	0.000255644	4.54534e-05	-0.00729536	0.00357422	-0.0588457
2.07513e-05	-0.000110629	0.000112095	-0.0169149	0.0624476	0.053921
0.000377267	0.000416494	5.67599e-05	-0.0310677	0.011009	-0.0781254
-0.000469802	-0.000142146	-0.00017672	-0.025601	-0.022888	0.0997409
0.000292262	0.000148715	0.000118247	0.0201969	-0.0091976	-0.088665
-0.000229215	-0.000251145	-1.22122e-05	0.00177663	-0.000681557	0.0720847
-0.00014319	7.67465e-05	-1.30441e-05	0.0252016	-0.0507858	-0.0541148
-0.00031698	-0.000279344	-9.25604e-05	0.0113462	-0.0311783	0.0556649
0.000140504	5.82253e-05	0.000176867	0.0290372	-0.00236141	-0.0580976
-0.000153603	-6.0362e-05	-0.000121996	-0.0288268	-0.00140128	0.0572041
-0.000215134	0.000199438	-2.0181e-05	-0.0120496	-0.0181905	0.000404876
0.00020904	-0.000129166	0.000104141	0.0178135	-0.0150558	-0.0667012
-0.000408151	-2.64089e-05	-0.000254888	-0.0259002	-0.0286793	0.0346315
0.000690821	0.000195935	0.00031239	0.0288483	0.0738512	-0.0248117
-0.000339617	-8.47171e-05	-8.67184e-05	-0.0566799	-0.00725644	0.0673028
0.000148811	0.000370739	-0.000136977	0.00767219	-0.025063	-0.0653079
-0.000235655	-0.000489563	0.000282953	0.0158306	0.00839156	0.061015
0.000105396	0.000405943	-0.000171033	0.000393243	-0.0318158	-0.0655077
-0.000643689	-0.000290411	-0.000238107	-0.0219249	-0.0635028	0.0729329
6.65401e-05	-9.50613e-05	0.000185107	0.0681371	-0.0412236	-0.0748225
-0.000264834	7.64921e-05	-6.73692e-05	-0.0010351	0.00124503	0.076357
0.000514518	-0.000376804	0.000175563	0.0241588	0.0394862	-0.0702786
-0.000388885	6.29727e-05	8.73072e-05	0.00508772	-0.0183001	0.0554391
0.000439255	0.000477617	-0.000198212	-0.0741184	0.0303096	-0.0922898
-0.000200656	-0.00026002	0.000169394	-0.00794863	0.0166719	0.0916757
0.000144655	0.00047795	-0.000204503	-0.0309976	-0.023958	-0.0598901
-0.0002943	-0.000274589	0.000172434	0.0261025	-0.00210188	0.0457194
0.000255906	0.000256009	-5.27766e-05	-0.00181542	-0.0077745	-0.0877827
-0.000296285	-0.000661025	0.000178249	0.0656249	0.00795528	0.106654
7.15828e-05	6.4292e-06	-4.86156e-06	-0.00797618	-0.0454621	-0.0703686
-0.000477089	0.000219011	-0.000178645	-0.00828678	-0.0267355	0.0978797
0.000193952	-0.000105659	9.47281e-05	0.0164115	-0.0245391	-0.0845864
-0.000246535	-0.000224324	-8.28026e-05	-0.0226176	0.0147655	0.0927828
0.000134152	0.000767174	-0.000217512	-0.0449267	-0.0345287	-0.0894043
-0.000105256	-0.000498415	0.000359063	0.0281281	0.0417443	0.0860178
0.000451043	0.000401345	-0.000141084	-0.0265762	0.0201017	-0.0834891
-0.000601623	-0.000455618	5.81637e-05	0.0363216	-0.0485862	0.0762873
0.000100293	0.000252932	-0.000165213	-0.00496268	-0.0217822	-0.0583181
2.02807e-05	-0.000216909	0.000111311	0.0156116	-0.0187795	-0.00644184
5.37177e-05	0.000163187	0.000109905	-0.0160808	0.0618595	0.0418134
0.000144599	0.000305145	-0.000184575	-0.07307	-0.0162692	-0.0290129
1.36875e-05	-0.00026403	0.000334093	0.0648662	0.0475728	0.033359
-0.000199623	0.000159536	-0.00025978	-0.0471573	-0.0802945	-0.0308962
-0.000152222	-0.000302819	0.000202401	0.0737578	0.015602	0.0316945
-1.64844e-05	9.7498e-05	-6.22656e-05	-0.0202125	-0.0495871	-0.0788773
-0.000393607	-0.000302105	-0.000123508	0.00396009	-0.0220962	0.093542
0.000151389	0.000337539	0.000112628	0.0176414	-0.022898	-0.0678568
-0.000393295	-0.000269106	-0.000150032	-0.000651491	-0.021903	0.0760978
0.000151417	-0.000164221	0.000102248	0.0170714	-0.0226583	-0.0732034
-0.00035253	0.00027169	-0.000141377	-0.00633236	-0.0150249	0.0747615
0.000505413	-0.000330093	0.000184346	0.0244532	0.0400367	-0.0689411
-0.000381322	0.000734972	-0.0002478	-0.0958326	-0.0151842	0.0656588
0.000507865	-0.000538333	0.000288559	0.0598146	0.0390418	-0.0680785
-0.000381844	0.000565458	-0.000223088	-0.087497	-0.0152575	0.0646811
0.000346661	-3.10923e-05	0.000223782	0.0542834	0.0105425	-0.0686975
-0.000419761	-0.000267485	-0.000107593	-0.0304238	-0.0235801	0.0681528
0.00018237	0.000176395	-0.000104738	0.0155094	-0.0206991	-0.0649905
-0.000249664	-0.000151177	0.000265974	0.0105038	0.00940931	0.0206492
0.00012766	-0.000110996	-0.000149853	0.00488872	-0.0309653	-0.0532688
-0.000577624	-8.56758e-05	5.71616e-05	0.031815	-0.0526766	0.0920095
3.42217e-07	-4.55679e-05	-0.00016879	0.00310637	-0.0310856	-0.0332186
4.93556e-05	9.63569e-05	0.000117046	0.0201481	-0.0216421	-0.0562711
-0.000310855	-8.76784e-05	-0.000124018	-0.0183124	0.00147214	0.0575251
0.00013532	-0.000165922	6.31356e-05	0.00249165	-0.00504409	-0.00529589
0.000189654	0.000574029	-4.87733e-05	-0.0484836	0.0512837	0.0190305
0.00017621	-0.000185333	0.000176413	-0.000399817	0.0146443	-0.066205
-3.86653e-06	0.000189773	-9.57445e-05	-0.0296551	0.0168281	0.088143
-0.000234376	-0.000180207	4.48495e-05	0.0422709	-0.0618608	-0.0761958
-0.000171788	-8.83282e-05	-4.03109e-05	0.0210262	-0.0131907	0.0496915
-0.000158986	1.02732e-05	-3.51575e-05	-0.017325	-0.0479781	-0.0157634
7.89128e-05	-0.000166868	0.000237944	0.0469786	0.0360772	0.0126835
9.21845e-05	0.000229227	-0.000249761	-0.0505555	-0.00621245	-0.0332185
0.000202414	0.00018615	0.00015688	-0.0128356	0.0156197	-0.0222873
-0.000477079	-0.000273437	5.95456e-05	0.0109725	-0.0269269	0.0814567
0.000136348	0.000168827	-0.000160672	0.00442492	-0.0281954	-0.0633299
-0.000626805	-4.37771e-06	-8.96927e-05	0.00509739	-0.0632451	0.0696917
7.40681e-05	-0.000378134	-6.04319e-05	0.0202701	-0.017064	-0.0387603
0.000391663	0.00017112	0.000217715	0.0343363	0.0400764	-0.0292833
-0.00055668	-1.62562e-06	-0.000195338	-0.0522125	-0.0396044	0.0650684
0.000359907	-0.000357083	0.000210243	0.0427708	0.0343487	-0.0293623
-0.000184484	0.000836839	-0.000250971	-0.0940519	-0.0171037	0.00622648
0.000345462	-0.000479863	0.000303555	0.061287	0.0432563	-0.0153947
-0.000258505	0.00051281	-0.000249308	-0.0824925	-0.0272851	0.011926
0.000351432	-0.00043206	0.000309388	0.0636504	0.0445416	-0.014416
-0.000596799	0.000348665	-0.000361558	-0.0494205	-0.0904224	0.0160207
7.35542e-05	-0.000571028	0.000284457	0.0893389	-0.00657736	-0.0127089
-2.11956e-05	0.000362152	-0.000175131	-0.039796	-0.0294661	-0.0377859
-0.000407846	-6.26734e-05	-0.000153328	-0.0237915	-0.0166313	0.0762657
0.000159867	-0.000159731	0.000298538	0.0555631	0.00275174	-0.0382709
8.15418e-05	3.72202e-05	-0.000228187	-0.0179879	-0.0202584	-0.0305677
-0.000405164	-0.000149402	0.000216644	0.0311189	-0.00905897	0.0681711
0.000415372	0.000359904	-0.00018357	-0.0709186	0.0201899	-0.0637093
-0.000345633	-5.79383e-05	0.000130875	0.0161153	-0.00464583	0.0623044
0.000400298	0.000293412	-8.68746e-05	-0.0127716	0.0147374	-0.0603458
-0.000418134	-0.000469109	0.000116155	0.0103895	-0.0178929	0.0599832
0.000329534	-8.92666e-05	0.000215385	0.0820474	0.00218369	-0.0564718
-0.000652662	0.000167104	-0.000422666	-0.0990981	-0.0623304	0.0583705
0.000470726	-1.28475e-05	0.000343603	0.0704337	0.0298132	-0.0594425
-0.000643374	1.76326e-06	-0.000289393	-0.0689883	-0.0601398	0.0584542
0.00018168	0.000321264	-0.00013775	0.0105542	-0.0260416	-0.0585954
-0.000248919	-0.000542963	0.000311701	0.0537927	0.0124764	0.0621773
0.000293648	5.71163e-05	-0.000161878	-0.0351036	0.0189124	-0.0341544
2.19229e-05	0.000325286	9.64081e-05	0.00999502	-0.024626	-0.0396245
-0.000157766	-0.000398114	2.99559e-05	0.0043939	0.0304256	0.075482
-4.50092e-06	0.00068413	-0.000233121	-0.0562165	-0.0533057	-0.067585
-1.53943e-05	-0.00060847	0.000324846	0.0669547	0.0513083	0.0686816
0.000187954	1.53337e-05	8.84261e-05	-0.0241524	-0.0173797	-0.070083
-0.000358086	0.000360518	-0.000253892	-0.0140812	-0.0140531	0.0697458
-5.97762e-05	-0.000119193	5.08633e-07	0.000874709	-0.0639883	-0.0689763
-0.000251215	-0.000184457	2.96682e-06	0.0388474	0.00597345	0.0700478
3.15141e-05	-5.91529e-05	1.63788e-05	-0.0012697	-0.0347152	-0.0519389
7.32251e-05	-0.000106758	0.000222428	0.0336076	0.0347775	0.0288971
-0.000190753	0.000387173	-0.000385274	-0.0857828	-0.0508278	-0.023145
0.000183695	-0.000256199	0.000286275	0.0618502	0.0503543	0.0259074
-9.06655e-05	0.000367567	-0.000162913	-0.0818904	-0.0312437	-0.0272482
1.98026e-05	-0.000347135	0.000186476	0.07845	0.0189474	0.0274624
-0.000212112	0.000216075	-0.000204204	-0.054403	-0.0547146	-0.0250773
-0.000136564	-2.24762e-05	-9.43066e-05	0.0195537	-0.00966057	0.0262748
-0.000130667	-0.000143223	0.000274947	0.00309542	0.0079827	0.0260409
0.000274356	0.000156339	-0.000218255	0.000673337	-0.0163616	-0.0662587
-0.000357586	-0.000333393	0.000234954	0.0332239	-0.00894791	0.0592772
1.64783e-05	0.000327448	-0.000330879	-0.0316203	-0.055697	-0.0600857
-0.000278991	-0.000380615	0.000271948	0.0415903	0.006601	0.0618528
0.000457367	0.000524766	-0.000178162	-0.0673071	0.0270882	-0.063649
-0.000303476	-0.000548286	0.000190263	0.0722861	-0.000153575	0.0646494
0.000181956	0.00065828	-0.000232959	-0.0928172	-0.0215429	-0.0662747
-2.90193e-05	-0.000507708	0.000308987	0.0664334	0.050709	0.0631502
3.00306e-05	6.27113e-05	-0.000161475	-0.0328788	-0.051081	-0.063068
-0.000201649	-5.60955e-06	0.000121556	0.0605685	-0.00438002	0.0390415
-0.000362605	0.0001852	-0.000178697	-0.0919003	-0.0330017	0.031146
0.000292679	-5.38412e-06	0.00011843	0.0651143	-0.00928339	-0.0671549
-0.000669581	-0.000417991	-1.1685e-05	0.0133036	-0.0681611	0.0624201
0.000357835	0.000120907	-0.00010078	0.0187691	0.00681009	-0.0618587
-0.000676236	0.000602064	-0.000313092	-0.0857536	-0.0678583	0.0591348
0.000921022	-0.000818441	0.000557386	0.0938464	0.113501	-0.0624904
-0.000402863	0.00072493	-0.00030055	-0.108024	-0.0173551	0.0576306
0.000554228	-0.000167858	0.000292787	0.0689524	0.0459608	-0.0609494
-0.000562994	9.48885e-06	-0.000275916	-0.0707946	-0.0469919	0.0612672
0.000308426	-0.000273146	0.000222712	0.0864392	0.000240624	-0.0578519
-0.00068897	0.000285607	-0.000230366	-0.0726806	-0.0692284	0.0587779
0.000394173	-0.000338946	0.000187727	0.0862696	0.0151654	-0.0569687
-0.000666805	0.000271537	-0.000239895	-0.0729279	-0.0653637	0.0588557
0.000401925	-0.000342176	0.000186379	0.0860775	0.0164006	-0.0567988
-0.000344627	8.44539e-05	8.66074e-05	-0.0390785	-0.00405629	0.058384
0.000230336	-0.000101591	-0.000257096	-0.00380932	-0.017527	-0.0604358
-0.000212355	0.000417109	0.000158605	-0.0177114	0.0205188	0.0595776
0.000320221	-0.000257478	-2.83694e-05	-0.00252852	0.00201725	-0.0633295
-0.000431373	0.000264147	-0.000151465	0.00365133	-0.0255911	0.0654983
0.0003458	-0.000243326	0.000203992	-0.00506547	0.0104786	-0.074368
-0.000281835	0.000202926	-4.6151e-05	-0.0087991	0.00377218	0.0663064
-2.20806e-05	5.3148e-05	4.25545e-06	0.0240289	-0.0604188	-0.0558225
-0.000275366	-0.000482904	-4.55844e-05	0.0223083	0.0039345	0.0640042
0.000131047	0.000631331	-0.000109806	-0.0754251	-0.0309154	-0.0836415
9.33651e-05	-0.000634857	0.000404371	0.0949174	0.0761806	0.0754082
-2.59431e-05	0.000601695	-0.00037158	-0.0892269	-0.0641067	-0.060453
-0.000204017	-0.000368747	0.0001958	0.0450312	0.020272	0.0669928
-4.42022e-05	0.000150662	-0.000163003	-0.00633364	-0.0666657	-0.0610875
-0.00046931	-3.05724e-05	1.19e-05	-0.0156516	-0.028355	0.0595422
0.000451837	-0.000456665	0.000259967	0.104254	0.0267644	-0.0525689
-0.000595749	0.000563986	-0.000417702	-0.105161	-0.0555694	0.0543522
0.00077597	-0.000516827	0.000364835	0.0541853	0.0885686	-0.0591174
-0.000525185	0.000810828	-0.000188575	-0.0901452	-0.0390664	0.0527311
0.000307195	-0.00037201	-6.04219e-05	0.0381775	-0.00295801	-0.0571166
-0.000242994	0.000104927	0.000189839	-0.0049452	0.015516	0.0590799
0.000102411	-0.000197722	-9.03897e-05	0.0171997	-0.0393052	-0.0584967
-0.000345138	-0.000213923	0.000101154	0.0566301	-0.007137	0.0659843
-0.000127689	0.000314289	-0.000241831	-0.0754104	-0.0798894	-0.0654704
-0.00016904	-0.00033098	0.00017233	0.0782172	0.0251761	0.067512
0.000137206	0.000633415	-0.000149489	-0.0863053	-0.0302596	-0.0672392
4.60494e-05	-0.000718969	0.000248874	0.0665441	0.0650584	0.0645273
0.000244474	0.000651058	-9.92907e-05	-0.0629433	-0.0109095	-0.0648808
-2.43159e-05	-0.000320166	-4.53452e-05	0.000887123	0.0272535	0.0363898
-0.000497426	0.000225111	0.000160014	0.015671	-0.0560602	0.03237
0.00020064	-0.000245778	-0.00014948	0.0123495	-0.0289705	-0.0640859
-0.000682113	-0.000290618	4.02944e-05	0.0201001	-0.0683757	0.0587783
0.000256022	0.000320207	-0.000143649	0.00633418	-0.0132173	-0.0587642
-0.000403524	0.000134696	-0.000182957	-0.0580889	-0.016655	0.0588143
0.00073354	-0.000533812	0.000466087	0.0673922	0.0791329	-0.0596745
-0.000525545	0.000432764	-0.000304192	-0.0177957	-0.0425814	0.0619286
0.000345338	-8.40892e-05	0.000167812	-0.0149346	0.0091245	-0.063386
-0.000181541	0.000153515	-0.000103984	-0.0127821	0.0222404	0.0609669
0.000327882	-7.14221e-05	0.000179792	-0.00697874	0.00563247	-0.06216
-0.000635184	0.00034659	-0.000185069	-0.0437339	-0.0592748	0.0578578
0.000310122	-0.000516073	0.000139782	0.0741493	-0.00202714	-0.0561432
-0.000397847	-1.31522e-05	-8.32629e-05	0.0219989	-0.0176006	0.0613028
0.000107602	-1.90392e-05	1.82858e-05	-0.0162794	-0.0358208	-0.060778
-0.000215936	0.000218165	0.000153147	-0.0200331	0.0196777	0.0571181
0.000186535	-0.000147301	-0.000181583	0.00832385	-0.0251754	-0.057676
-0.000466673	0.000394772	-0.00020652	-0.0536226	-0.0288772	0.058443
0.000525402	-0.000322935	0.000396138	0.086843	0.0398053	-0.0577168
-0.000546254	9.25346e-05	-0.000329798	-0.080397	-0.0427015	0.0590974
0.000595052	-0.000116479	0.000295293	0.0754491	0.0511411	-0.0581226
-0.000392911	-0.000101579	9.81915e-05	-0.0376644	-0.0125763	0.0569994
0.000233618	0.000317939	-0.000262747	-0.00135342	-0.0167142	-0.057705
-0.000525618	-0.000206426	0.000164301	0.00474718	-0.0377047	0.0582988
0.000164255	-0.000219732	-0.000169512	0.00872118	-0.028483	-0.0580039
-0.00047471	0.000628404	-0.000196505	-0.0524102	-0.0295853	0.0593224
0.000655493	-0.000598604	0.000430418	0.0775043	0.0621712	-0.0604736
-0.000655234	-3.71713e-05	-0.000243743	-0.0250682	-0.0631028	0.0605631
0.00032034	0.000535703	7.2376e-05	-0.0341215	0.00360636	-0.0626086
-0.000374795	-0.000319328	-7.10551e-05	0.0260347	-0.0128144	0.0618032
0.000511182	-0.000179159	0.000187101	0.0491237	0.0355429	-0.0596142
-0.000367275	0.000294123	-0.000107262	-0.0739315	-0.00804569	0.0593743
0.000239228	0.000192867	-0.000131889	-0.0155916	-0.013588	-0.0591281
-0.000524398	-0.000459348	0.000228019	0.0645828	-0.0393324	0.0602997
6.86285e-05	0.000111599	-0.000200589	-0.0010261	-0.0455157	-0.0581058
-0.000530726	2.06108e-05	-7.15759e-06	-0.0232484	-0.0389386	0.0588204
0.000679088	0.000142442	6.85491e-05	-0.00615298	0.0667782	-0.0608684
-0.00036154	-0.0004752	0.000107305	0.0667995	-0.0112681	0.0614816
0.000181418	0.000654013	-0.00024626	-0.0996132	-0.021052	-0.0622368
-1.29361e-05	-0.000238741	0.000308128	0.0719657	0.0526827	0.0599222
4.64264e-05	0.000121734	-0.000179654	-0.0863701	-0.0451227	-0.0598201
4.13036e-05	-0.000142157	0.000218703	0.0809133	0.0380553	0.0351815
-0.00064485	0.000122211	-0.000257732	-0.0784363	-0.0832803	0.0338889
0.000319571	-6.75111e-05	0.00011144	0.0676342	-0.00612304	-0.0661143
-0.000457642	-0.00014381	7.80015e-05	-0.00593438	-0.0283703	0.0576035
0.000278102	-0.000322339	-0.000150534	0.0272839	-0.00736661	-0.0599265
-0.000441142	0.000438563	2.22531e-05	-0.0178834	-0.0231395	0.059892
0.00026855	0.000214982	-0.000115194	-0.0697161	-0.00473268	-0.0601649
-0.000272314	-0.000311381	0.00014781	0.0715338	0.00395658	0.0609865
0.000540072	-0.000420684	0.000228981	0.0578012	0.0394813	-0.0619853
-0.000462094	0.000768463	-0.000330436	-0.122794	-0.023239	0.0627088
0.000384303	-0.000356973	0.000179768	0.0471928	0.0118559	-0.0627405
-0.000640041	0.000401893	-0.000179316	-0.055189	-0.0582617	0.0614502
0.000441078	-0.00058788	0.000172877	0.0890197	0.0206131	-0.0620195
-0.000688173	0.000494111	-0.000215178	-0.071839	-0.0662469	0.0613277
0.000413788	-0.000571505	0.000159019	0.0859814	0.0157295	-0.0619373
-0.000720843	0.000488162	-0.000227471	-0.0707202	-0.072048	0.0612353
0.000867756	-0.000395663	0.00030885	0.054185	0.0987885	-0.0632561
-0.000507935	0.000571044	-0.000155944	-0.0858498	-0.0328884	0.0608695
0.000421725	-0.000308144	0.000160641	0.0851206	0.0170329	-0.0617382
-0.000380479	-1.11175e-05	-9.37549e-05	-0.0622591	-0.0104497	0.0621813
5.83548e-05	0.000325997	-0.000200004	-0.00384971	-0.0449101	-0.0593521
-0.000645529	-0.000564596	0.00018292	0.0457957	-0.0629587	0.0579407
0.000223393	0.000267274	-0.000145493	0.00817141	-0.015558	-0.0594995
-1.23958e-05	-0.000422582	0.000220945	0.0432285	0.0509712	0.0583271
0.0002226	0.000256653	-0.000141559	-0.0775648	-0.0127519	-0.0585436
-0.000159481	0.000324871	-2.53341e-05	0.00270006	0.0269589	0.0614164
0.000267507	-0.000144359	0.000235412	-0.00525833	-0.00822065	-0.0620266
-0.000379266	-1.05842e-05	-0.000215677	-0.0214386	-0.0112815	0.0633046
-5.43435e-05	0.000101182	0.000115428	0.0377692	-0.0670115	-0.0616179
-0.000269457	-0.000386335	-6.35105e-05	0.0370056	0.00578121	0.0615098
-0.000131145	0.00030925	-0.000321901	-0.087375	-0.0748455	-0.0560241
0.000224337	-0.000125746	0.000509663	0.0854712	0.0917175	0.0561365
0.000110826	-0.000213329	-0.000190327	0.00796909	-0.0354196	-0.0587351
-0.000626388	0.000462875	-0.000229528	-0.0692542	-0.0533637	0.0637636
0.000654597	-0.000268908	0.000288211	0.0290549	0.0594241	-0.063935
-0.000316715	-2.63946e-05	0.000176525	0.0240304	-0.00280342	0.0576479
0.000372417	7.90259e-05	-0.000239539	-0.0329499	0.0134575	-0.0575673
-0.000410397	0.00026325	8.62303e-05	-0.0286635	-0.0290837	0.0475602
0.000133679	-0.000198387	-4.36448e-05	0.0172312	0.000283686	-0.0260876
-0.000388284	-1.00657e-05	5.04591e-06	0.0210384	-0.0539893	0.017946
-9.20884e-05	6.38073e-05	-0.000126426	0.0105039	-0.0348383	-0.0137281
-7.58928e-05	-0.00048109	0.000211106	0.0262574	0.00217499	0.0194917
-0.00019407	0.000698031	-0.000266761	-0.0690731	-0.0491696	-0.0228476
-5.22499e-05	-0.000675468	0.000128796	0.0666228	0.00528785	0.0158006
0.00013631	0.000239189	0.000131981	0.0102223	0.00476284	-0.0127511
0.000209508	-4.53427e-05	-0.000132282	-0.0481082	0.0590427	0.0230142
0.000137536	0.000410587	0.000138466	-0.0161516	0.0058864	-0.0268027
-0.000240426	-0.00018242	-0.000187917	-0.022799	-0.0228819	0.0219431
-0.000121404	-2.40773e-05	0.000195667	0.0607058	-0.0439222	-0.0240336
-0.00015165	-6.86704e-05	-0.000228397	-0.0438253	-0.00595532	0.0248282
-0.00026799	-1.73634e-05	0.000119229	0.03586	-0.0686659	-0.0227175
-0.00018643	0.000113461	-0.000130378	0.0107206	-0.0154084	0.0222691
0.000382444	-0.000555635	0.000186118	0.0386924	0.0476768	-0.023434
-0.000170252	0.000579728	-0.000108274	-0.0744488	-0.00873821	0.0221645
8.3127e-05	3.81365e-05	-0.000116849	-0.0216104	-0.00222609	-0.0190771
-0.000128838	-1.97384e-05	0.000181558	0.0230458	-0.00631766	0.0175744
0.000275865	-0.000381007	0.000226067	0.050509	0.0283128	-0.0237017
-0.000577471	0.000445163	-0.000417963	-0.0620962	-0.0817115	0.0246856
0.0004368	-0.000226806	0.000263401	0.0222019	0.0582988	-0.0237607
-0.000417902	0.000136256	-0.000153061	-0.00587841	-0.0564208	0.0209161
-0.000183167	-6.03569e-05	-1.7246e-05	-0.00837175	-0.051176	-0.0203738
0.000104796	-0.000454505	0.000254532	0.101606	0.0321481	0.016099
-4.18931e-05	0.000542689	-0.00034142	-0.117512	-0.0202045	-0.0138917
0.000112669	-0.000325217	0.00024297	0.0438713	0.0362116	0.0181025
3.871e-05	0.000219931	0.000119586	0.0137632	-0.0122978	-0.0207785
-0.000159246	-0.000101697	-0.000369559	-0.0384612	-0.0544905	-0.0254701
-0.000325444	-5.37358e-05	0.000279659	0.0428513	0.00213964	0.0641412
0.000321315	0.000552552	-0.000191877	-0.0686927	0.0294101	-0.0310736
-4.29678e-05	-0.000676627	0.000179899	0.0602861	-0.0416023	-0.0367349
-0.000650148	0.00064875	-0.000337701	-0.0865792	-0.0518262	0.0705399
0.000248248	-0.000709939	0.000314626	0.113333	0.00947649	-0.0374541
0.000299359	0.00016994	-7.90766e-05	-0.0109144	0.0228003	-0.0325707
-0.00065915	0.000278962	-0.000237239	-0.0698989	-0.0538288	0.0690299
0.000388352	1.60386e-05	0.000344648	0.0159306	0.0382453	-0.0364926
0.000376466	-7.07894e-05	-0.000136817	-0.00568782	0.0371602	-0.032349
-0.000686875	-1.61013e-05	5.18456e-05	0.0224568	-0.0628678	0.0650999
4.58589e-05	-0.000453381	0.000120466	0.0633735	-0.0251791	-0.0355108
-0.000110372	0.00060232	-0.000379433	-0.0906041	-0.0475663	-0.0303797
0.000134535	-0.000439974	0.000449852	0.061246	0.0840604	0.0634571
-8.26981e-05	0.000528901	-0.000340372	-0.0774623	-0.0432159	-0.0298117
7.71594e-05	-0.000455982	0.000135625	0.0635768	-0.0196185	-0.0353792
-0.000521351	3.59855e-05	9.17456e-05	-0.00572994	-0.0317745	0.0648763
0.000213436	0.00023212	-0.000273223	0.000179011	-0.0161463	-0.0560805
-0.000175682	-0.000300754	0.000225746	-0.00469039	0.0247816	0.0587835
0.000317542	0.00023386	-7.53713e-05	-0.0110317	0.00174917	-0.0593471
-0.000384802	-8.8075e-05	7.5391e-05	0.00106889	-0.0134611	0.0588986
0.000339224	0.000140904	-5.98768e-05	-0.00651145	0.00547526	-0.0595542
-0.000616619	-0.000195519	7.4142e-09	0.0176628	-0.0562524	0.0589197
0.000577404	0.000221762	1.94262e-05	-0.0221118	0.0492385	-0.0598203
-0.000615828	-0.000197329	2.33442e-07	0.0177891	-0.0561594	0.0589824
0.000485123	0.000187737	-1.08853e-05	-0.0159263	0.0323597	-0.0597991
-0.000615347	-0.00019743	2.88652e-07	0.0177994	-0.0561312	0.0590456
0.00024208	0.000143389	-4.28363e-05	-0.00726422	0.0113747	-0.035488
8.24714e-05	-0.000107142	5.28394e-05	0.000347497	-0.01674	-0.0341807
-0.000175954	-0.000136597	0.000209998	0.0440066	0.0294321	0.0653706
-0.000323586	0.00025869	-0.000440556	-0.0657617	-0.087909	-0.0298602
0.000323482	3.44513e-05	0.00029423	0.0125281	0.0275169	-0.0361554
-0.000369999	-0.000167097	-0.000109072	0.0107937	-0.00577404	0.0691907
-3.27938e-06	-0.000202501	1.45419e-05	0.00893162	-0.0316936	-0.0338754
0.000206748	0.000468235	3.72492e-05	-0.0221643	0.0533184	0.0172223
5.63031e-05	-0.00063045	9.85834e-05	0.0602577	-0.0109488	-0.020781
-0.000399485	0.0006292	-0.000187735	-0.058132	-0.0522522	0.0200409
-0.000193151	3.7926e-05	-0.000231138	-0.0630923	-0.0516295	-0.0196902
2.71834e-05	-0.000345941	0.000375911	0.119131	0.0200531	0.0211255
-6.56119e-05	-3.53367e-05	-0.00019172	-0.0495313	-0.0292981	-0.0197242
0.000299593	0.000256471	3.35775e-05	-0.0137975	0.0730638	0.0201664
3.46372e-05	0.000170862	0.000244475	0.000720966	-0.0105183	-0.0226211
-0.000149942	-0.000374206	-0.000215893	0.00544741	-0.0101656	0.0227296
-0.000211247	-9.28443e-05	0.000154016	0.048091	-0.0575238	-0.0202254
-0.000389991	0.000284211	-0.000247196	-0.0678382	-0.0508093	0.020579
-5.10554e-06	2.00854e-05	-0.000140652	0.0161519	-0.0210165	-0.0184875
1.36691e-05	-0.000372705	0.000336299	0.0491477	0.0216062	0.0193578
0.000440084	0.000314	-9.65406e-05	-0.0379589	0.0614744	-0.0204893
-8.2883e-05	-4.41593e-05	0.000155995	-0.0104392	0.00516123	0.0177929
0.000135642	-0.000189864	0.000183297	0.0533951	0.00549951	-0.0196054
-0.000554342	0.000242985	-0.000426459	-0.0630536	-0.0822015	0.0213612
-0.000230872	-0.000136715	0.000137403	0.0435193	-0.0607611	-0.0200762
-0.00015011	-0.000161499	-0.000128767	0.010135	-0.0101828	0.0227652
0.000103909	-0.000140547	7.85643e-05	-0.00254873	0.00080398	-0.0208046
0.000186502	0.000471946	3.4725e-05	-0.0228645	0.0532881	0.0196163
0.000410746	-0.000171703	6.94022e-06	-0.0229483	0.0563389	-0.0210694
-0.000252024	0.000280998	0.000127094	0.00596787	-0.0257964	0.0187027
-2.45841e-05	-0.000338952	-7.98339e-05	0.00545242	-0.0237914	-0.0194881
-0.000422967	0.000194491	-1.16525e-05	0.016074	-0.058764	0.0207933
-0.000365194	-0.000113495	-0.000241224	-0.0319975	-0.0853858	-0.0202578
4.93691e-05	-0.000189176	0.000287298	0.0917061	0.0265438	0.0244677
2.96895e-06	1.93392e-05	-0.000191527	-0.059248	-0.0177715	-0.0219397
0.000397341	8.8213e-05	0.000277182	0.0360532	0.0919545	0.0207637
-0.000124386	0.000209215	-0.000183584	-0.0906943	-0.0394484	-0.0243403
2.11721e-05	-0.000150743	0.000174256	0.0844607	0.0208557	0.0248246
-0.000129601	0.000161465	-0.000178406	-0.0850691	-0.0403615	-0.0242751
-0.000114544	-0.000170543	0.000115235	0.0636939	-0.0033581	0.0256986
-0.000417519	0.000397191	-0.000267079	-0.0401567	-0.0953109	-0.0215973
7.16211e-05	-0.00082684	0.000198284	0.0877113	0.0297678	0.0250011
2.47426e-05	0.000193407	0.000106494	-0.00341229	-0.0123708	-0.0221703
-7.38608e-06	0.000123193	-0.00022512	-0.0385615	0.0154296	0.0200901
1.15984e-05	0.000317217	0.000101257	-0.0379432	-0.0133617	-0.0240127
0.000139471	-0.000244766	5.30431e-05	0.0255093	0.0433788	0.0224309
-5.25048e-05	0.000134528	4.25469e-05	-0.00555019	-0.0270363	-0.020529
-0.000391658	0.000150457	-0.000188583	-0.0466849	-0.0530033	0.018586
0.000109246	-0.00029341	0.000136823	0.0724307	0.000859417	-0.0156022
-0.000403779	-5.39218e-05	-0.000177279	-0.00947319	-0.056565	0.0217141
0.000122878	-0.00016817	0.000216094	0.0490506	0.0515906	0.0324084
0.000241692	0.000118442	8.8356e-05	-0.0394001	-0.0166648	-0.0715384
-0.000342535	-0.000120425	-0.000271739	-0.00788642	-0.0112935	0.0608922
0.000234673	0.000527636	0.000118916	-0.0313914	-0.0108432	-0.0649375
-7.59171e-05	-0.000631111	0.000248707	0.059248	0.0441329	0.0633605
-0.000137222	0.000524238	-0.000418902	-0.0570771	-0.0864237	-0.0726629
-0.000386389	-0.000166081	0.000130198	0.0581927	-0.0133763	0.0725446
0.000194948	-0.000136085	-9.22429e-05	-0.0374086	-0.0208919	-0.0610996
0.000185563	-1.77532e-05	0.000286769	0.0372311	0.0935474	0.0523202
5.20304e-05	0.000397011	-0.000173608	-0.0828824	-0.0464617	-0.0799714
-0.000148265	-8.91913e-05	-8.29209e-05	0.0296461	0.00294537	0.0567818
-0.000296436	-0.000146669	0.000227516	0.0064523	-0.0180644	0.0373652
0.000293381	4.91026e-05	-0.000200376	0.0117902	-0.0133537	-0.0675977
-0.000394774	-0.000143831	0.000163019	0.0057643	-0.0374471	0.0371036
-0.000287271	6.83031e-05	-0.000167022	0.00556389	-0.0237971	0.0361205
0.000251023	-0.000133582	6.86113e-05	0.00640492	-0.0162201	-0.0665664
-0.000359316	0.00010514	-0.000101852	-0.00127046	-0.012131	0.0594728
0.000237012	0.000137532	8.65648e-05	0.00414017	-0.0121838	-0.061136
0.000116274	-0.000326831	8.52268e-05	-0.00450062	0.0782434	0.0589348
0.000274989	0.000432081	8.85217e-05	-0.0229011	-0.00379784	-0.0637369
-0.000580239	0.000206294	-0.000341201	-0.0714238	-0.0742923	0.0320625
-6.61623e-05	-0.000798763	0.000349711	0.113428	0.0196988	0.0405396
-1.63135e-05	0.000455707	-0.000240185	-0.0197919	-0.0679632	-0.0663226
-2.73613e-05	-0.000146507	-6.45977e-05	-0.00500006	0.0252495	0.0344607
-0.000181523	0.00012797	0.000262487	-0.00776148	0.00261324	0.0303752
0.000199166	-0.000170863	-0.000148561	0.0124067	-0.0291918	-0.0642087
-0.000243574	0.0001055	5.0213e-05	-0.00098707	-0.0120056	0.0331943
-0.000109238	-6.64558e-05	-4.6781e-05	-0.00735684	0.0107465	0.0340579
0.000237175	8.12407e-05	6.74112e-05	0.00511299	-0.0185611	-0.0671103
-0.000113547	0.000190147	-4.45706e-05	-0.00708267	0.0100363	0.0341467
-0.000527582	-0.000140079	-0.000248271	-0.0386413	-0.065475	0.0335802
0.000677691	9.2195e-05	0.000328785	0.0382825	0.0623708	-0.0674769
-1.42017e-05	-0.000269142	2.90137e-05	0.0157874	0.0285249	0.0339227
-0.000219764	-0.000134021	-1.49326e-05	-0.00790569	-0.0550346	-0.0165298
-8.30686e-05	0.000399205	-5.34794e-05	-0.0100908	0.0046383	0.0205663
-0.000229378	-0.000262854	-2.01268e-05	0.0159301	-0.0610758	-0.0182897
-3.30544e-05	0.00012646	-3.62991e-05	-0.00739391	0.0128496	0.0202812
-7.46445e-05	-0.000136793	0.000126277	0.00532617	-0.0314172	-0.0208144
-0.000218752	6.09905e-05	-0.000169566	0.00698782	-0.0224404	0.0219603
-6.87043e-05	0.000437377	-0.000200224	-0.051292	-0.0307535	-0.020483
0.000371685	-0.000727688	0.000475224	0.0688003	0.0863069	0.018613
0.000122061	0.000497748	-0.000213555	-0.0356858	0.00299834	-0.019064
-0.000273915	-0.000171588	9.10722e-05	-0.00192002	-0.0305349	0.0189399
9.5241e-05	-0.000151134	-5.01306e-05	-0.00371647	-0.00202082	-0.0192776
-0.000427126	0.000253908	-1.14329e-05	0.0162618	-0.0589417	0.0200981
-0.000133176	9.56252e-05	-0.000167294	-0.0489887	-0.0416273	-0.0188876
-4.07202e-05	-0.000455926	0.000258194	0.098442	0.00899284	0.0200631
-5.06092e-05	0.000208364	-0.000211158	-0.0570735	-0.0263547	-0.0185984
0.000152086	0.000297016	-3.2168e-05	-0.0355864	0.0475052	0.0202543
1.09972e-05	-0.000155504	0.000256285	0.0563785	-0.0179612	-0.0203862
-0.000237351	-0.000314083	-0.000248662	-0.00638813	-0.0241769	0.0220824
9.72321e-05	0.000364999	0.000233785	-0.0116866	-0.000288371	-0.022114
7.2265e-05	-0.00011998	-0.000142005	-0.0114817	0.0322647	0.0212273
-1.00341e-05	0.000245939	9.0398e-05	-0.0298549	-0.0195137	-0.020025
-8.1848e-05	-0.000547553	0.000193687	0.0797643	0.0008491	0.0173106
-0.000123319	0.000242553	-0.00032781	-0.0254394	-0.0400719	-0.0162474
-0.000355478	-0.000113004	0.000152004	0.00145791	-0.0454069	0.0184637
-4.33992e-05	7.40295e-05	-0.000170564	0.00584611	-0.0271243	-0.0183304
-0.000119069	0.000167446	7.71154e-05	-0.00238086	-0.0028121	0.0193695
0.000381985	-0.000215755	2.38047e-05	-0.0234614	0.0507085	-0.0196585
-0.00018156	0.000282777	7.08199e-05	0.00233141	-0.0142482	0.0211358
0.000130273	-0.000120252	-7.42925e-05	-0.0105797	0.00517178	-0.0196727
-0.000409702	-5.84057e-05	8.95324e-06	0.0223212	-0.0558541	0.0289116
0.000148607	-8.29136e-05	-4.93718e-05	-0.00572033	0.00826706	-0.0140804
-0.000184557	0.000113412	7.17477e-05	0.00186669	-0.0148675	0.00701634
0.000144285	-5.6412e-05	-5.3691e-05	-0.00703487	0.00749256	-0.0219184
