0.00143816	-0.000685658	0.000106171	-0.0136869	-0.0256383	0.156603
0.00146619	-0.000727803	7.88387e-05	-0.0112051	-0.0131224	0.155604
0.00145256	-0.000771729	0.000113113	-0.0117688	-0.0192722	0.150463
9.03493e-05	3.48115e-05	-9.62823e-06	-0.00142385	-0.00822593	0.0913542
0.000534141	-0.000269254	9.34701e-05	-0.00639389	-0.0104589	0.109196
6.04036e-05	7.19469e-05	-4.4072e-06	0.00308426	-0.00791787	0.087116
0.000202478	0.000109476	-1.44409e-06	-5.90083e-05	-0.00974587	0.0877639
0.000139108	2.67394e-06	9.55566e-07	9.50435e-05	-0.0090621	0.0626119
0.000589058	-6.79105e-05	1.94706e-05	-0.000811224	-0.0156678	0.0971753
0.000978822	-9.93954e-05	-3.10741e-05	-0.0015546	-0.0193531	0.117583
0.00103526	-0.000325244	-1.52675e-05	-0.00248652	-0.0144938	0.113765
0.000617703	-0.000171864	0.000106203	-0.00618573	-0.0103653	0.0837229
0.000374441	-0.000142452	1.87053e-05	-0.00572537	-0.0124741	0.0818687
0.000237173	4.66997e-05	1.404e-05	0.00030086	-0.0106221	0.057372
0.00023437	-5.96578e-07	2.4515e-05	4.86377e-05	-0.0133961	0.068833
7.06674e-06	6.5237e-05	1.0284e-05	0.00276013	-0.00891999	0.0768897
0.000285491	0.000241936	7.70652e-06	0.00604953	-0.00851769	0.0863933
0.000531044	2.63712e-05	-1.30733e-05	0.00611194	-0.0107964	0.0820286
0.000546403	-0.000263628	1.86575e-05	-0.00335063	-0.012188	0.0790467
0.000609948	-0.000359992	-3.11634e-05	-0.00701391	-0.0135112	0.0840493
0.000683203	-0.000405391	3.7741e-05	-0.00686622	-0.0140136	0.0861317
0.000773173	-0.000385357	7.18142e-05	-0.00614965	-0.0175906	0.0900835
0.000383982	0.000126804	-2.78145e-05	0.0047485	-0.00910653	0.0656698
0.000276484	0.000101874	-1.06423e-05	0.000996382	-0.0155912	0.0690935
-3.28296e-05	-1.53386e-07	1.52293e-05	0.000250447	-0.00938923	0.0650836
0.000110228	0.000130697	1.54313e-05	0.00302729	-0.00806673	0.0763097
-0.00011074	-0.000152448	-1.54198e-05	-0.00227698	-0.00801324	0.0590668
-8.35025e-05	-0.000174075	-2.38009e-05	-0.00225316	-0.00903972	0.0637244
-0.000251679	-0.000101566	-1.11058e-05	-0.00102729	-0.00621048	0.0642942
1.12341e-05	4.63601e-05	9.89925e-07	-0.000557581	-0.00925767	0.0749283
3.20052e-05	-0.000111461	5.78669e-06	-0.00484253	-0.00789199	0.0647394
-0.000166449	-7.11569e-05	-6.53392e-06	-0.00105592	-0.00627151	0.0601154
0.000229137	-9.4496e-05	2.64688e-06	-0.00128073	-0.0122583	0.0802395
-8.35598e-06	5.50239e-05	1.95539e-05	0.000827402	-0.00885397	0.0510041
0.000192643	0.000173919	9.49775e-07	0.00574272	-0.00889984	0.0685997
0.000356477	5.49781e-05	-6.74117e-06	0.00427644	-0.0104937	0.0726239
-6.71064e-05	0.000128506	2.89261e-05	0.00256086	-0.00748245	0.0614314
-8.61005e-05	1.50877e-05	4.63051e-06	-0.000169299	-0.00741456	0.065979
0.00022482	0.000112025	-2.3499e-05	0.00177609	-0.00835429	0.0681695
0.000727045	6.57941e-05	-2.39997e-05	0.00180746	-0.00884552	0.0824138
0.000920049	5.992e-05	-2.21074e-05	0.00139043	-0.00887522	0.0940947
0.000786482	0.000184932	-0.000109183	0.00588539	-0.0173564	0.0889648
0.000726876	0.000338841	1.06479e-05	0.00491151	-0.0149834	0.0839296
0.000727568	0.000326024	-6.02932e-05	0.00560021	-0.0168406	0.0863192
0.000309697	-3.22792e-05	5.61572e-05	-0.00314657	-0.0102894	0.0570186
0.000362518	-6.62506e-05	8.2991e-06	0.00152605	-0.00981185	0.0684348
0.000356558	-4.6106e-05	5.20157e-05	-0.0028628	-0.00918575	0.0582899
0.00042242	0.000153756	1.1304e-05	0.0072388	-0.00956796	0.0707124
0.000268241	0.000110622	-1.2948e-05	-0.000691204	-0.0134759	0.0674809
0.000101137	-8.05499e-05	1.25744e-05	-0.00191885	-0.00813187	0.064669
0.000238526	9.40816e-05	8.28702e-06	0.00256455	-0.00971082	0.0802181
0.000380115	-6.81957e-05	6.11793e-06	-0.000965557	-0.0103313	0.0641344
0.000461924	-0.000276673	-3.24154e-05	-0.00605766	-0.0115326	0.0747855
0.000327955	-0.000145892	1.48907e-05	-0.00738431	-0.00972585	0.0679365
0.000121408	-5.86663e-05	3.96688e-06	-0.000286584	-0.00971138	0.0590843
-5.87704e-05	9.11256e-05	2.07974e-05	0.000266588	-0.00845463	0.0707057
-0.000191736	-9.59475e-05	1.9038e-05	-0.000270908	-0.00720264	0.0674822
-0.000129352	-0.000177101	-2.42622e-05	-0.00276762	-0.00661047	0.0686046
4.35046e-05	1.38695e-05	8.67788e-06	-0.000227164	-0.0097355	0.0651733
0.000430212	-0.000138466	2.39381e-05	-0.00669373	-0.0129313	0.0871009
0.000936325	-0.000128548	7.8501e-06	-0.00690081	-0.00886837	0.10674
0.000633215	-0.000365956	2.90151e-06	-0.00835404	-0.013714	0.0955656
0.000749114	-0.000326204	5.3504e-05	-0.00891991	-0.0179983	0.102595
0.00103294	-0.000282638	8.64414e-05	-0.00344618	-0.0143731	0.113287
0.000391618	0.000278284	-1.0867e-05	0.00518671	-0.0123448	0.087939
0.000668403	0.000312295	-9.89464e-06	0.00656742	-0.0166417	0.101496
0.00111417	0.000268332	-6.8201e-05	0.0018789	-0.0175671	0.117068
0.00111967	0.000364528	1.2069e-06	0.00307081	-0.0149179	0.116717
6.99078e-05	1.20845e-05	-1.00981e-05	-0.00221044	-0.0081647	0.0708459
0.000413397	-0.00019829	-1.59879e-05	-0.00132059	-0.0113362	0.084189
0.000512095	-0.000365502	1.41264e-06	-0.00742396	-0.0142223	0.0984012
6.66985e-05	4.95254e-06	7.82629e-06	2.68982e-05	-0.00745393	0.0653443
0.00022442	0.000160758	1.7466e-06	0.00193975	-0.00952802	0.0945069
-0.00012135	5.08358e-05	-3.83878e-05	-0.00050861	-0.00693261	0.0769763
0.000115269	0.000108886	-4.09068e-06	0.00472625	-0.00982551	0.0912077
-0.000104719	4.11732e-05	1.6208e-05	-0.000541411	-0.00489115	0.0944353
0.00069408	-0.000176215	1.70251e-05	-0.00296817	-0.0134514	0.111608
0.00112478	-3.44835e-05	1.40366e-05	-0.000399201	-0.017174	0.129214
8.92207e-05	5.29565e-05	1.9764e-05	0.000839018	-0.00933923	0.0682567
0.00035133	0.000107312	-1.26697e-05	0.00390222	-0.0143635	0.099403
0.000613814	0.000358948	-5.32186e-06	0.0061671	-0.0150756	0.104299
0.000928672	0.000375511	-1.14203e-05	0.00571755	-0.0179913	0.118318
0.000970594	0.000506003	-1.29135e-05	0.00941327	-0.0198855	0.121508
0.000152969	-4.25039e-06	1.08961e-06	-0.000111693	-0.00941087	0.0675774
0.000617672	-6.56965e-05	2.68067e-05	-0.00287476	-0.016297	0.108749
0.000900343	0.000111602	-4.5617e-05	0.000949454	-0.00733061	0.116192
0.000382774	0.000161575	-0.000110898	0.00567354	-0.0106999	0.0985194
0.000325207	8.7447e-05	6.37438e-06	-0.000402824	-0.010151	0.0770535
0.000782257	0.000306204	-2.12913e-05	0.00324931	-0.0111501	0.112249
0.000449094	0.000218715	-5.6346e-05	0.00922882	-0.00818717	0.108295
8.03853e-05	0.000251536	-6.84031e-07	0.00431182	-0.0110353	0.114094
0.00017399	0.000124394	1.54199e-05	0.00556551	-0.00305751	0.112346
0.000596969	-0.000118134	1.99281e-05	-0.00390693	-0.0174646	0.114893
0.000443001	-6.96187e-05	3.30172e-06	-0.00635537	-0.00835046	0.107975
0.000828987	0.000111677	-1.72015e-05	0.00403157	-0.0169227	0.126434
0.000663022	-0.000389569	6.35636e-06	-0.00743552	-0.0131105	0.117649
0.000371443	-0.000182181	-7.63527e-06	-0.0105724	-0.00662203	0.114598
0.000131442	0.000133504	-7.08092e-06	-0.00269697	-0.0092108	0.109019
0.000528449	0.000407391	-8.35565e-06	0.0101779	-0.013066	0.127331
0.000439298	0.000105283	1.64392e-05	0.00758396	-0.00591586	0.112402
-0.000152	-0.000197845	2.36656e-07	-0.00287464	-0.00623743	0.0973401
0.000474269	-0.000227121	2.22055e-05	-0.00636082	-0.0162418	0.118438
0.0010061	0.000150992	4.24976e-05	-0.000976441	-0.0166177	0.128591
0.000982366	0.000448185	3.63085e-06	0.00904465	-0.0177404	0.138246
0.000837491	4.42794e-05	7.79965e-06	0.00730054	-0.00873512	0.134419
0.000746116	-0.00034909	2.50602e-05	-0.0137175	-0.0171433	0.13073
0.00133539	-0.000288827	7.54065e-05	-0.00371605	-0.0312974	0.153473
0.000188727	2.28906e-07	-9.65553e-06	-0.000378688	-0.00914867	0.0779811
0.000251649	8.55394e-05	-2.91089e-06	0.00283961	-0.00839563	0.0915502
0.00029948	0.000118206	-5.30243e-06	0.00572705	-0.00893905	0.08979
0.000494805	0.000169604	9.64266e-06	0.000515271	-0.01566	0.102886
0.000777975	-0.00011404	-3.55732e-05	-0.00156531	-0.0144182	0.125844
0.00134869	-0.00012931	7.94473e-07	-0.00238568	-0.0172276	0.157869
0.0017173	-0.000127001	-5.32341e-06	-0.000385087	-0.0229605	0.17451
0.00187247	-7.92382e-05	7.71952e-05	0.00118848	-0.0241588	0.183496
0.00153432	0.000234785	8.62527e-05	-0.0020364	-0.015927	0.158961
0.000420743	-0.000306392	5.67298e-06	-0.00403358	-0.00866516	0.110609
0.000993611	-0.000321059	2.63484e-05	-0.00776056	-0.0175599	0.144431
0.00138146	-0.000166399	-3.22084e-05	-0.00191849	-0.0204608	0.160971
0.00137391	-0.00022767	4.02417e-05	-0.00533099	-0.00796134	0.153827
0.00141747	-0.00032674	0.000120096	-0.00827785	-0.0282686	0.161711
0.00132488	0.000157063	7.80678e-05	-0.00310158	-0.0174356	0.147658
0.000119487	-8.81326e-05	-6.45942e-06	-0.00340152	-0.00903598	0.101402
-0.000222564	-2.27089e-05	-3.24766e-05	-0.00104899	-0.00667081	0.10555
0.000554264	2.92199e-05	-1.85905e-05	0.00151264	-0.00997671	0.0958052
0.000944946	0.000221941	-3.73929e-05	0.00868671	-0.0191915	0.129514
0.000402176	3.30479e-05	-4.08847e-06	0.0010654	-0.00924435	0.0982628
0.00090966	-0.000308077	-9.71905e-06	-0.00579551	-0.0138254	0.121139
0.00140264	-0.000225956	6.48951e-05	-0.00408464	-0.0220076	0.15366
0.00169712	-7.51796e-05	7.10942e-05	-0.00258286	-0.0264482	0.176948
0.00158501	-0.000342898	0.000132046	-0.0098253	-0.0102646	0.162354
0.000576954	-0.000298472	-3.56854e-05	-0.000572306	-0.0203605	0.120409
-5.76991e-05	-2.36454e-05	1.05447e-05	-0.000478211	-0.0089202	0.112711
1.8661e-05	-0.000142564	-4.51907e-05	-0.0037289	-0.00699973	0.115709
0.000596835	-0.000176676	2.20138e-06	-0.00347374	-0.010932	0.138689
0.000452209	1.53556e-05	-1.06138e-06	-7.00068e-05	-0.00926346	0.0988669
0.00111284	6.73768e-05	8.4393e-06	0.000187583	-0.0163524	0.149215
0.000261356	-0.000110857	-7.64117e-06	-0.00616833	-0.0097235	0.0913179
0.000290009	-0.00015563	-9.12372e-06	-0.00936603	-0.00906239	0.115719
0.0010268	0.000116351	-4.94309e-05	0.00103709	-0.0161497	0.131029
0.00147921	2.9135e-05	2.0707e-05	0.000414164	-0.023935	0.160291
0.00173191	-8.37511e-05	-4.0663e-05	0.000670127	-0.0258116	0.177366
0.00189943	7.37024e-06	7.19939e-05	0.000605142	-0.0272824	0.18832
0.000209584	-0.000200383	-5.08026e-07	-0.00870958	-0.00972205	0.0989539
0.000979322	-0.000188778	2.08468e-05	-0.0021659	-0.0125284	0.135691
0.000292527	0.000110329	9.31856e-06	0.00474605	-0.00833745	0.0898952
0.000447651	0.000117048	4.8003e-06	0.000841647	-0.0145068	0.105564
0.000727571	0.000166674	2.21588e-05	0.00310067	-0.0120448	0.111474
0.000768813	0.000532493	8.25131e-06	0.01418	-0.0180534	0.129651
0.000277042	7.24514e-05	-8.06006e-06	-0.000258184	-0.00589288	0.103405
0.000481188	0.000245717	-1.04143e-05	0.00610069	-0.0111033	0.128012
0.000389283	4.34242e-05	-6.84843e-06	-0.00111778	-0.0152924	0.129063
7.83331e-05	0.000226442	3.58477e-05	0.00995575	-0.00952019	0.106588
0.000424298	0.000550049	1.90094e-05	0.0125906	-0.0105131	0.132002
-0.000240491	0.000220979	3.30906e-06	0.00288499	-0.00739897	0.105471
-0.000218331	0.000212257	2.30766e-05	0.00279499	-0.00513923	0.123314
0.000109261	-4.53107e-05	2.3127e-05	-0.000128052	-0.00714691	0.106646
0.00071048	0.000175383	6.46591e-06	0.00421364	-0.0113292	0.109714
0.0010077	0.000336433	6.32176e-06	0.00341294	-0.0149313	0.139259
0.00021234	-8.77395e-05	2.8066e-06	8.16178e-05	-0.0099566	0.0958232
-3.52313e-05	8.35856e-06	2.54653e-06	0.000226448	-0.00898945	0.0926411
0.000172462	-0.000135377	-2.32204e-05	-0.00527924	-0.00905698	0.103774
0.000473005	-0.000313723	7.5171e-05	-0.00415322	-0.00916693	0.108475
0.000245173	8.50293e-05	1.69096e-07	0.000520308	-0.0103962	0.0966473
0.000523791	0.000285816	-9.66386e-06	0.00819364	-0.0112389	0.116188
8.62909e-05	0.000105324	1.61107e-05	0.00356315	-0.00770879	0.108628
0.000369949	-3.32565e-05	2.40206e-06	0.00065737	-0.00913818	0.13292
0.000435369	0.000486988	7.69844e-07	0.0105941	-0.0118281	0.129433
0.00114886	0.000398009	-8.22164e-05	0.0031946	-0.017731	0.152522
0.00117669	-0.000175043	2.47898e-06	0.000303376	-0.0161057	0.148575
0.00111827	-0.000472049	2.10191e-05	-0.00958781	-0.0202837	0.144348
0.00125338	-0.000597618	2.10855e-05	-0.0131844	-0.0240196	0.15161
0.00179263	-0.000396083	0.000183488	-0.0119551	-0.00800751	0.175251
0.000249696	-6.45961e-05	9.56995e-06	-0.00384156	-0.0111943	0.0968145
0.000416394	-6.51041e-05	1.62916e-07	-0.00335226	-0.0113307	0.10127
0.000825375	-0.000264832	9.04373e-05	-0.00730497	-0.0133165	0.120265
0.00149571	-0.000164517	4.93914e-05	-0.00384661	-0.0180203	0.159155
0.00134886	-0.000433633	9.36662e-05	-0.00442408	-0.0246497	0.158777
0.00134651	-0.000658373	0.000147812	-0.0161023	-0.0243537	0.15509
0.000740011	-0.000326392	-8.12581e-05	-0.000508939	-0.0169709	0.122833
0.000415765	4.71555e-05	-1.22277e-05	0.00247496	-0.00964611	0.0991486
0.000202376	-1.67883e-06	-5.82908e-06	0.000464586	-0.00972182	0.0811882
0.000690567	0.00021683	-7.21831e-05	0.00529827	-0.0131921	0.115282
0.000499521	0.000209291	4.59887e-05	0.00050966	-0.0141162	0.098531
0.000554644	-0.000181228	1.59041e-06	-0.00117553	-0.0123506	0.123188
0.000789908	-0.000259623	4.97921e-06	-0.00675231	-0.0158264	0.148668
-6.17105e-05	0.000178709	1.92804e-05	0.00162716	-0.00752892	0.114359
0.000637626	0.000127175	-4.78154e-06	0.000256485	-0.0134356	0.135923
0.00110202	0.000526346	-7.60923e-05	0.0101739	-0.0200069	0.141504
0.000693972	0.000281759	-6.30979e-05	0.0116333	-0.00865046	0.111297
0.000801808	1.93434e-05	2.1971e-05	-0.00111312	-0.0178906	0.126138
0.000304135	-5.40535e-05	3.78279e-07	0.00150219	-0.0105275	0.0950285
0.00121379	-0.000177553	7.83939e-05	-0.00628778	-0.00872972	0.135046
0.000821844	-0.000119602	-3.83108e-05	4.27758e-06	-0.0220302	0.119536
0.00039917	-0.000232043	1.55213e-05	-0.0101957	-0.0062944	0.118099
0.000234057	-1.23435e-05	1.1044e-06	-0.000988422	-0.00851899	0.0818032
0.000263462	5.95058e-05	2.76581e-05	0.0014661	-0.0108871	0.0970715
0.000720897	0.000196174	-6.10989e-06	0.00411224	-0.0122001	0.112663
0.00139364	7.39394e-05	-5.82579e-05	0.00307951	-0.0166122	0.153984
0.00110105	0.000560253	-0.000149087	0.0117689	-0.00965017	0.131907
0.000377665	-7.89604e-05	-3.12529e-05	0.000991963	-0.0121679	0.0883167
0.00109306	-0.000114267	4.91098e-05	-0.00112385	-0.0136733	0.132083
0.000921476	-0.000504913	3.58434e-05	-0.00900477	-0.0176409	0.136204
0.000690667	-0.000231103	5.74787e-05	-0.00739348	-0.00818957	0.124697
0.000411456	-0.000277607	-7.65443e-06	-0.00540014	-0.011985	0.124565
0.00119493	-0.000342348	5.27821e-05	-0.00824105	-0.0205803	0.150157
0.000222295	-0.000143348	2.13622e-06	-0.0033692	-0.0118401	0.108614
0.000826116	0.000137118	2.91003e-05	-0.00361668	-0.0116388	0.128587
0.000786946	-5.47183e-05	-1.72079e-05	0.00376113	-0.0151041	0.128308
0.000649172	-0.000158697	2.64142e-05	-0.0060143	-0.00968065	0.108604
0.000709626	-0.000184766	-2.23857e-05	-0.00709298	-0.0152812	0.113417
0.000716708	-0.000413465	1.40615e-05	-0.00908028	-0.0131554	0.138402
0.000737767	-1.95375e-05	1.02243e-05	0.00953365	-0.0158455	0.134517
0.000610655	0.000501041	6.8905e-06	0.0113437	-0.0113626	0.131607
0.000950543	0.000492316	2.80201e-05	0.0125019	-0.0231012	0.147237
0.000210275	-8.92704e-05	-1.34415e-06	-0.000533431	-0.0105359	0.0959017
9.08558e-05	-0.000273259	-2.86295e-05	-0.00315219	-0.00949417	0.105267
0.000688473	-0.000336788	-3.29434e-05	-0.0119631	-0.0169191	0.131727
0.00101987	-0.000511555	-6.38796e-05	-0.010324	-0.016203	0.138368
0.000196306	-2.42802e-05	2.52872e-05	-0.00125394	-0.00677692	0.111054
0.000744682	-0.000100776	-6.54456e-05	-0.00199107	-0.0127494	0.142247
0.00151256	-7.82546e-05	-2.12014e-05	-0.00377863	-0.0194362	0.160844
0.000521929	-0.000248627	-8.45997e-05	-0.00172209	-0.0101715	0.121001
0.000405208	-4.79189e-05	3.03851e-06	0.000681146	-0.00882678	0.0967982
0.00123861	-5.25983e-05	-3.72989e-05	-0.00148045	-0.0166047	0.142486
0.00170564	7.50617e-05	-3.48594e-05	0.00112066	-0.021251	0.171006
0.000490399	-6.0112e-05	1.27026e-06	0.000210062	-0.0107577	0.0994876
0.000644964	-0.000365574	4.87239e-06	-0.00904367	-0.0137607	0.134456
0.00101503	3.45587e-05	4.65029e-06	-0.00335558	-0.0223393	0.138574
0.000960802	0.000493405	-4.53383e-05	0.0122072	-0.0192797	0.133618
0.00151499	0.000491191	-0.000166716	0.014229	-0.0232011	0.159945
0.000294595	-8.6781e-05	1.5492e-05	-0.000721635	-0.0105679	0.0931278
0.000516804	-0.000411035	-1.06187e-05	-0.00698262	-0.0130096	0.12618
0.000966786	-0.000529159	-1.82854e-05	-0.0152989	-0.0192374	0.145639
0.000663872	-0.0002643	0.000101866	-0.00726586	-0.00367277	0.116216
5.81357e-05	0.00017187	1.01215e-05	0.00436278	-0.00798807	0.109935
7.7526e-05	-4.20287e-05	5.6259e-06	-0.00362887	-0.0101412	0.103443
0.000212216	-0.000102074	4.96201e-06	-0.00572458	-0.0092158	0.0957949
0.000452745	-0.000291114	2.4188e-05	-0.0155162	-0.00806966	0.112693
7.42985e-05	5.96487e-05	-1.43979e-05	0.00370832	-0.00514269	0.109341
-3.85779e-05	-0.000111486	1.58953e-05	-0.000532905	-0.00813309	0.115788
0.000511455	0.00024114	3.82844e-06	0.00265675	-0.00836549	0.119394
0.000430731	-0.000316431	1.10999e-05	-0.00728471	-0.0108694	0.12972
0.000519461	-0.000155333	-1.78567e-05	0.00228995	-0.012154	0.117841
0.000652606	-8.41376e-05	3.0396e-06	-0.00501907	-0.00898788	0.123302
0.000703072	-0.000421941	4.06838e-05	-0.0116542	-0.0148001	0.134363
0.000545193	0.000113017	3.40378e-05	0.00406968	-0.0118823	0.121432
0.00128544	0.000226179	2.31262e-05	0.00522097	-0.0193149	0.156015
0.00160866	0.000186578	-8.59793e-05	0.00263423	-0.0263957	0.173548
0.000533697	-9.6684e-05	1.98319e-05	-0.00891842	-0.0110678	0.120506
0.000576407	0.000301777	-2.75514e-05	0.00557363	-0.0169412	0.132778
0.000372367	-0.000220262	-9.07023e-07	-0.00417771	-0.0136497	0.12562
0.000413828	1.39636e-05	-1.03373e-05	0.000686027	-0.0136392	0.0994129
0.000968466	-6.51905e-06	3.85431e-05	-0.00557725	-0.0186544	0.149432
0.00115313	0.000213378	0.00011912	-0.00136605	-0.020044	0.142284
0.000494297	0.000213924	2.05149e-06	0.0054316	-0.00403282	0.12401
0.000279406	-0.000164943	2.0302e-06	-0.00418552	-0.0114997	0.133615
0.00100395	-6.19005e-05	-4.75806e-07	-0.00520047	-0.00919807	0.157126
0.00164434	-3.86152e-05	2.31899e-05	-0.000223465	-0.0229248	0.174725
0.00105747	0.000539483	-8.17094e-05	0.0110595	-0.0183906	0.138836
0.00129351	0.000484618	-1.74533e-05	0.00821049	-0.0152883	0.14984
0.000731499	0.000218628	3.60483e-05	-0.0039841	-0.020439	0.129021
0.000110251	5.20242e-05	-1.73767e-05	-0.000271174	-0.00786097	0.10737
0.000240033	-9.87685e-05	-6.2148e-06	-0.000102483	-0.00922607	0.108364
0.000350567	0.000251819	-1.73364e-06	0.00740951	-0.00882694	0.123719
0.000659828	0.000374913	9.90401e-06	0.00908533	-0.0128853	0.143379
-7.94659e-05	-1.59401e-05	-2.95613e-06	0.00293785	-0.00475852	0.117432
0.000118066	-7.05088e-05	-1.04702e-05	-0.00239889	-0.0085013	0.106894
0.00047302	0.000216038	-6.50586e-05	0.0101016	-0.0167055	0.128987
0.000959956	0.00054134	-5.08698e-05	0.0152783	-0.0122833	0.140209
0.000562438	0.00028211	-2.62688e-05	0.0124546	-0.00843824	0.12211
0.000372407	7.9142e-05	2.75237e-05	0.00313737	-0.0149966	0.0899678
0.000125611	-5.24711e-05	3.77631e-05	-0.00248377	-0.00927311	0.10552
0.000198261	-6.16014e-05	8.6482e-06	-0.0028166	-0.00375179	0.118313
0.00111606	-1.84532e-05	-7.0388e-06	-0.00551314	-0.0223093	0.152298
0.00156408	3.71007e-05	-3.05678e-05	0.00066154	-0.0264587	0.17035
0.00147168	0.000313623	7.71695e-05	0.000737105	-0.0181174	0.159481
0.00150575	0.000406036	-0.000134602	0.00806386	-0.0260605	0.16408
0.000976366	0.000120775	-4.01717e-05	0.00364185	-0.00983807	0.130294
-3.73112e-05	-0.00011274	-2.0421e-05	-0.00131603	-0.00717081	0.0967032
0.000146774	-6.11341e-06	1.30732e-05	-4.60071e-05	-0.0104532	0.0821277
0.000510939	0.000228592	1.20034e-05	0.000231316	-0.0115762	0.122012
0.000383576	-5.58702e-05	9.69674e-06	-0.00107403	-0.0146682	0.0973528
0.000166815	-1.2355e-05	1.58286e-05	-0.000991644	-0.0095686	0.0815361
0.000323938	0.000194221	6.40933e-06	0.00249015	-0.00763538	0.122138
0.000111424	-2.48863e-05	2.90925e-05	-0.00142515	-0.00338169	0.109002
0.000258381	0.000308042	3.37083e-05	0.00630968	-0.00703319	0.131528
0.000156649	-0.00021107	-1.74395e-05	-0.00608149	-0.0111436	0.134641
0.000411705	-0.000166045	-3.92979e-07	-0.00404171	-0.00706038	0.116694
0.000852193	9.67141e-05	-8.29258e-06	0.00755334	-0.0134218	0.134964
0.000863514	-0.000414548	8.7894e-06	-0.00966316	-0.0142803	0.123856
0.000522138	-0.000275266	-6.88554e-05	-0.00616826	-0.0187368	0.116952
0.000545901	-0.000296466	6.15812e-05	-0.0029791	-0.0118108	0.11388
0.00102393	-0.000426361	9.74671e-06	-0.00522238	-0.0158747	0.13684
0.000275701	0.000177655	2.11495e-05	0.00171183	-0.0121088	0.126613
0.000110022	-0.000113054	1.28089e-05	-0.00585816	-0.0100189	0.102897
0.000126274	5.34157e-05	3.46193e-05	0.00321626	-0.00808022	0.10898
0.000222583	-7.94592e-05	1.44949e-05	-0.00481632	-0.0101973	0.102857
0.000333258	-4.40142e-05	-2.03404e-05	-0.00294234	-0.0140623	0.105951
0.00101229	-0.000228675	3.7428e-05	-0.00308191	-0.0105687	0.126916
0.0013306	-0.000283932	0.000137314	-0.00467791	-0.024484	0.153268
0.00160573	-0.000169723	6.46216e-05	0.000221771	-0.0203956	0.171244
0.00179841	-6.3256e-05	-3.53661e-05	0.000788368	-0.0246554	0.1839
0.000260139	6.45629e-05	1.11755e-05	0.000880315	-0.0114358	0.0987926
0.000213853	1.92179e-05	1.21561e-05	-0.000470051	-0.00934772	0.0813074
0.000228019	9.84685e-06	6.64656e-06	-0.000911518	-0.00824366	0.079539
0.000794561	-1.00478e-05	1.01735e-05	0.00200866	-0.0149182	0.12646
0.00145964	9.21903e-05	3.51438e-05	0.00424712	-0.0185401	0.160921
0.000464535	-0.000110323	8.0436e-05	-0.00316201	-0.0119281	0.125811
8.75693e-05	0.000258235	3.36807e-05	0.0103935	-0.00707675	0.119693
-0.000322735	0.000215005	1.74116e-05	0.00295746	-0.00514955	0.117222
0.000305689	0.000293756	-9.30867e-06	0.00991007	-0.0187363	0.142886
0.00131256	0.000113415	-8.91845e-05	0.00499597	-0.0242772	0.151119
0.00167765	0.000135023	4.96547e-05	-0.00453879	-0.0165205	0.172863
0.000145664	-0.000159356	-1.37821e-05	-0.000469086	-0.0105076	0.103268
0.00011579	-0.000116076	5.96457e-05	-0.000491813	-0.00966128	0.118712
0.000835232	-0.000324069	-4.22665e-06	-0.0165562	-0.00955446	0.150661
0.00123059	-0.00024127	3.5335e-05	-0.00233068	-0.0195546	0.170643
0.000303288	-0.000348512	-8.09909e-05	-0.00313242	-0.0169724	0.123065
9.10978e-05	-0.000245619	-5.26868e-05	-0.00520394	-0.0119954	0.130374
0.00111182	-0.000335442	-4.89543e-05	-0.0103201	-0.0142218	0.154644
0.000408206	-0.000320136	-1.18649e-05	-0.000171744	-0.0105595	0.123497
0.000353322	0.000134636	-1.26337e-05	0.00437898	-0.00998466	0.133969
0.000609453	0.000197215	-3.39998e-05	-0.000281563	-0.0144718	0.111378
0.000847903	-3.86066e-05	-1.6662e-05	-0.00166358	-0.0178331	0.127384
0.00111007	-0.00024641	-1.28009e-05	-0.000293371	-0.0166566	0.144206
0.00102959	-0.000473949	-3.50169e-05	-0.00722842	-0.0166248	0.148303
0.000524192	-0.000272382	2.52071e-05	-0.0134902	-0.0106883	0.122101
0.000311798	0.000151558	-5.58927e-06	0.00245861	-0.0138899	0.0928648
0.000403646	-2.87695e-05	3.70161e-05	-0.00426798	-0.0150475	0.126495
0.00134841	-3.31129e-05	7.87969e-06	0.00285808	-0.0221075	0.159537
0.00156198	2.09895e-05	-5.57394e-05	-0.0015374	-0.0377973	0.173083
0.00112553	-0.000429304	0.000202725	-0.0148961	-0.0128663	0.144305
0.000244512	-6.11322e-05	7.83011e-06	-0.00356036	-0.0100519	0.0960842
-5.27053e-05	0.000125135	1.02707e-05	0.000892636	-0.00677984	0.113244
2.41381e-05	-0.000159888	1.40514e-05	-0.00246832	-0.00984838	0.133694
0.000129372	1.15623e-06	-2.49221e-05	-0.00602607	-0.00936053	0.121955
0.000439574	6.31287e-05	1.69139e-05	0.000341492	-0.0138749	0.100061
0.00038978	7.4316e-05	-2.86654e-05	0.00219891	-0.0176212	0.100678
0.000899778	0.000308708	-0.000175101	0.00808974	-0.0176453	0.128134
0.00041106	6.26159e-05	-4.05529e-05	0.00122313	-0.00868093	0.0880296
0.00096977	0.000128993	-1.5154e-06	0.00588068	-0.016582	0.139466
0.000891956	0.000456648	-6.27659e-05	0.0129304	-0.0156042	0.141325
0.00141786	0.000252876	-2.93444e-05	0.0015813	-0.0222557	0.16741
0.000466867	7.53626e-07	-1.89304e-05	-0.000949455	-0.0089946	0.0993317
0.000872939	-0.00028568	-2.8666e-06	-0.00595003	-0.00958227	0.124708
0.00140413	-0.000218031	-2.91606e-05	-0.00298051	-0.0232598	0.160246
0.000655503	0.000459415	-3.21234e-06	0.00750316	-0.0149307	0.134377
0.00106906	0.000573385	-5.19618e-06	0.00927733	-0.016711	0.149502
-2.32644e-06	-0.000170256	4.15608e-06	-0.00379104	-0.00911664	0.104063
-0.000149759	3.35598e-05	-2.93187e-05	-0.00241947	-0.00997914	0.101267
0.000636367	0.000126223	1.59719e-05	0.00780452	-0.0162795	0.137551
0.00144585	0.000114963	7.00862e-06	0.000108683	-0.0114129	0.166846
0.00121432	0.00051968	-6.65734e-05	0.00746406	-0.0158793	0.141689
0.0016298	0.000303266	-8.37038e-05	0.00533044	-0.0262848	0.170917
0.00155794	0.0004031	-6.79589e-05	0.013374	-0.0248555	0.163033
0.00153543	0.000657981	-0.00027567	0.0127182	-0.00520398	0.158026
0.00173273	0.000458537	-4.46176e-06	0.00657767	-0.0267394	0.174789
0.000893379	0.000246135	1.09487e-06	0.000794195	-0.0102684	0.133065
0.000218372	-4.72585e-05	-3.7086e-05	-0.00107913	-0.00967144	0.0966119
0.000440619	-0.000199493	-7.5586e-05	-0.00313017	-0.0133226	0.120534
-2.91291e-06	5.73586e-05	3.61214e-05	0.00256529	-0.00812845	0.114668
0.00094468	-0.000303423	0.000191088	-0.00895367	-0.0147294	0.124462
0.000686488	0.000333318	-9.19745e-05	0.0107846	-0.0112604	0.114194
0.000270586	-0.000194058	1.79688e-05	-0.00844598	-0.0101906	0.121089
0.000163535	5.99629e-05	1.11106e-05	0.00285491	-0.010812	0.101611
0.000261107	9.80486e-05	-1.26667e-06	0.000839172	-0.0136408	0.0967068
-7.15499e-05	-3.40183e-05	1.23691e-05	0.00153868	-0.0100487	0.115665
0.000721062	8.78506e-06	1.89675e-05	-0.00106305	-0.0198955	0.121517
0.000538221	-0.000106701	-2.04694e-06	0.000199247	-0.0141848	0.120449
0.000619159	0.000334477	-1.41064e-05	0.0158825	-0.00931776	0.132304
0.000492406	0.000294415	-1.30179e-05	0.000759121	-0.0147972	0.110799
0.00039255	-5.55838e-05	-2.13594e-05	-0.000261378	-0.013265	0.0980083
0.000409663	-6.46916e-06	1.46025e-05	-0.00441403	-0.0102337	0.102575
0.000370986	-0.000348351	-8.51441e-06	-0.00590409	-0.0131756	0.133302
0.000687266	9.1532e-05	-9.49766e-07	-0.00377371	-0.013898	0.137129
-9.41598e-05	9.33799e-05	1.71487e-06	-2.10811e-05	-0.00997656	0.115979
0.000544979	0.000322685	1.48315e-05	0.00582099	-0.0188947	0.140654
0.000240767	8.1285e-05	3.49772e-06	6.82794e-05	-0.0134754	0.0975679
0.000776823	0.000368004	-2.78054e-05	0.00511562	-0.0172877	0.11403
0.00086521	-2.26498e-05	-4.37642e-05	-0.000528631	-0.018578	0.127522
0.000868924	-0.000370966	2.00359e-05	-0.0174526	-0.0241175	0.139765
0.00119042	-0.000516074	0.000106392	-0.0230153	-0.0156024	0.151554
0.00164363	-0.000440768	2.79531e-05	-0.00410629	-0.0243259	0.17172
0.00185126	-0.000201175	-1.86328e-05	-0.00295342	-0.0283695	0.184615
0.000413078	0.000232264	4.69768e-05	0.00141376	-0.0209945	0.118713
-8.44943e-06	-5.84016e-05	-2.11146e-05	-0.00238781	-0.0110633	0.108717
0.00015639	0.000179299	-2.76206e-07	0.00314764	-0.00633788	0.103288
0.000535728	0.000382519	4.36698e-05	0.00845886	-0.0105303	0.1346
0.000411433	0.000142705	4.02206e-05	0.00170352	-0.01958	0.129199
0.000107973	9.50286e-05	1.0581e-05	-0.00144321	-0.00885341	0.101808
0.000189745	6.76454e-05	2.67329e-05	-0.00121171	-0.0108543	0.0970078
0.000401587	-1.80034e-05	5.81275e-05	-0.0026847	-0.0108033	0.101641
0.000198253	-0.000118847	2.61202e-05	-0.00578671	-0.0083136	0.103336
0.00110843	-0.000111767	-2.70411e-05	-0.00665129	-0.0178216	0.137465
0.00122951	0.000226833	-3.6485e-05	-0.000179385	-0.0135168	0.142604
0.000910934	1.36984e-06	-9.79999e-05	0.00379524	-0.0142467	0.132554
0.000779898	-0.00034058	5.49401e-06	-0.00636751	-0.0175151	0.139512
0.000791036	-0.000222142	0.000101313	-0.00755053	-0.0150704	0.116113
0.000328567	0.00010655	1.60329e-05	0.00301775	-0.0160963	0.0905641
0.000504034	8.50591e-05	6.34846e-06	0.00457976	-0.0127557	0.104722
0.000589107	-0.000247269	-6.94777e-06	-0.00565014	-0.0105425	0.118272
0.00116319	-0.000153861	1.94329e-05	-0.00252534	-0.0172928	0.155647
0.000809662	0.000429211	-3.58272e-05	0.0107352	-0.0165413	0.137139
0.000603357	0.000280813	-6.33125e-05	0.000749881	-0.0138163	0.115655
0.00091449	-4.49613e-05	-2.58597e-05	-0.00155139	-0.0115778	0.127424
0.00142921	-2.00363e-05	5.52432e-05	6.83409e-05	-0.0232358	0.157578
0.00183429	-8.2317e-05	5.7569e-05	-0.00110781	-0.0187418	0.179436
0.00192791	-2.23537e-05	0.000141774	-0.000533605	-0.0302465	0.191156
0.00150964	0.000221941	-4.0439e-06	0.0149676	-0.019183	0.167188
0.00137337	0.00049354	-0.000266099	0.017095	-0.0251482	0.159208
0.000180133	-0.00012306	-4.4875e-05	-0.00325164	-0.00900048	0.10974
0.000250099	-0.000102508	-2.53094e-05	0.00204411	-0.0148346	0.0962925
0.000556569	-0.000279388	-3.24482e-05	-0.0034862	-0.0222463	0.132806
0.00138248	-0.00033033	2.08946e-05	-0.00214783	-0.0280403	0.152421
0.00121538	0.000126896	-0.000127376	-0.00303205	-0.036555	0.152229
0.00126749	0.000509745	-0.000202438	0.0146445	-0.00735223	0.139114
0.00131164	0.000657971	-0.000142585	0.0111932	-0.0181628	0.146998
0.00141086	0.000651241	-8.35968e-05	0.00648621	-0.0212791	0.161761
0.000296539	0.000116178	-2.18465e-05	0.00573386	-0.00706411	0.0932534
0.000597647	0.000420376	-4.35599e-05	0.0103229	-0.0115306	0.129411
0.000909913	-1.43859e-05	1.14193e-05	-0.00227021	-0.0166595	0.126489
0.0012128	-0.000204937	6.11018e-05	-0.00129078	-0.0246632	0.141274
0.00157417	-0.000112919	5.57987e-05	0.000643213	-0.0289313	0.168119
0.00107467	0.000413081	-9.51267e-05	0.00906977	-0.0257549	0.13618
0.00122075	-3.20861e-05	8.19115e-06	-0.000123077	-0.0100773	0.137594
0.00134444	-0.000206688	3.95882e-05	-0.00223864	-0.0178004	0.1522
0.00126774	-0.000506067	2.42944e-05	-0.00611512	-0.0146334	0.143473
0.000863447	0.000264616	1.5891e-05	0.00511528	-0.0134878	0.12009
0.00144231	0.000245684	-9.32609e-05	0.00585663	-0.0209456	0.155031
0.00172653	0.000198019	-6.81359e-05	0.0027362	-0.0198189	0.174924
0.000966855	2.73192e-05	-3.29692e-05	-0.00392743	-0.0191766	0.13775
0.000389988	-0.000366632	2.59531e-05	-0.00921077	-0.007956	0.115712
0.000259927	0.000103871	-1.8998e-06	0.00168735	-0.00518201	0.130637
0.000646704	0.000311935	-4.494e-06	0.00588264	-0.0117852	0.145829
-6.62721e-05	-0.000187446	-8.59646e-05	-0.00978842	-0.00916771	0.110523
0.000476985	-0.000135786	-1.61192e-05	-0.00347107	-0.00621143	0.132639
0.000823941	0.000248609	-7.2073e-05	0.00331523	-0.0105212	0.13961
0.000649255	-0.000353505	-4.22345e-05	-0.00987814	-0.0174803	0.119735
0.00105531	-0.000461377	-1.73154e-05	-0.0102402	-0.0221483	0.142233
0.00151203	-0.000501569	3.25656e-05	-0.00700301	-0.0276867	0.164034
0.000381877	7.94378e-05	-4.60314e-06	0.00556463	-0.00805544	0.118729
0.000869482	-1.75517e-05	1.90965e-05	-1.41542e-05	-0.0266918	0.1418
0.000460651	9.69768e-05	6.27765e-06	0.00848495	-0.00991253	0.119482
0.00085667	7.10118e-05	-8.7495e-06	-0.0031045	-0.0208912	0.145541
0.0014154	5.0468e-05	-4.21978e-05	0.000595221	-0.029349	0.171429
0.000976157	0.000604095	3.64133e-05	0.0114933	-0.0141968	0.141852
0.0013722	0.000514475	-0.000283356	0.0110539	-0.0364602	0.163172
0.00143434	0.000584978	-0.000108348	0.00905862	-0.0292973	0.163817
0.00136765	0.000737812	-6.68684e-05	0.0137051	-0.0304571	0.155041
0.00165087	0.000659306	6.49773e-05	0.00753635	-0.0402331	0.175437
0.00193008	0.00047811	-0.000161168	0.0107153	-0.0413617	0.190589
0.0011512	-0.000351171	0.000156837	-0.0129904	-0.0164509	0.141485
0.00131656	-0.000490505	-0.000117212	-0.00419775	-0.032225	0.157238
0.000726837	-0.000184784	0.00016308	-0.00437418	-0.018872	0.131167
2.24398e-05	0.000130736	4.13522e-05	0.00166888	-0.0152277	0.115284
0.000103546	-0.000184993	9.75035e-06	-0.00847111	-0.00863771	0.134877
0.000162217	0.000231273	-1.16275e-05	0.00291369	-0.00772448	0.133129
0.000822103	0.000438175	-2.40003e-05	0.0102045	-0.0152039	0.144926
0.000333541	0.00012037	5.82299e-05	-0.00727579	-0.0141969	0.104123
0.00129258	-1.79395e-05	2.99686e-06	-0.00766549	-0.0179419	0.147992
0.000416434	-1.07007e-05	2.35522e-05	-0.0055795	-0.011804	0.09666
0.00019831	-6.06648e-05	1.74153e-05	-0.00712515	-0.00844794	0.0963887
-5.74411e-05	4.55704e-05	4.16121e-05	-0.000312139	-0.00180029	0.11631
0.000296361	-0.000328086	-4.63706e-05	-0.0131112	-0.0123621	0.123196
0.000864776	-0.0004412	-3.65214e-05	-0.014032	-0.0163803	0.138137
0.00157661	-0.000213368	-3.89589e-05	-0.000593208	-0.0229466	0.166338
0.00187634	-9.70976e-05	3.20575e-05	0.00149324	-0.0220389	0.185445
0.00153656	0.000319397	7.9801e-05	0.00996203	-0.0225936	0.169725
0.00130181	0.000542164	-8.18338e-05	0.0154433	-0.0151205	0.1481
0.00169749	0.000357126	-0.00016506	0.0104665	-0.0118858	0.171777
0.00181243	0.000127379	-8.51885e-05	0.0118297	-0.0257693	0.182238
0.00121996	-0.00044906	0.000168545	-0.0124619	-0.00736747	0.142787
0.00107704	-4.91645e-05	-8.14085e-05	0.00573066	-0.022105	0.137906
0.000702721	7.72207e-05	-5.30774e-05	-0.00374091	-0.0098094	0.128498
0.000479189	8.09409e-05	-6.45066e-05	0.00275499	-0.00374358	0.127344
0.00103304	-0.000157582	8.33961e-07	-0.0063572	-0.0145064	0.137505
0.000259256	-1.71163e-05	-4.30153e-05	0.0044826	-0.00631666	0.0809982
0.000265042	-8.6826e-05	-4.43647e-05	0.00124807	-0.00735422	0.0949511
0.000783782	-0.000306568	4.52467e-06	-0.00844277	-0.012048	0.118019
0.00102516	-0.000476198	-1.6834e-05	-0.0160835	-0.0101168	0.141262
0.0014144	-0.000564011	7.89881e-05	-0.0178877	-0.0194691	0.151529
0.0015724	-0.000504556	0.000165566	-0.0183468	-0.0188087	0.167062
0.00100302	-0.000150144	-2.05246e-05	-0.0044087	-0.0114359	0.128802
0.000191517	2.23949e-05	-1.07083e-05	-0.0060747	-0.00906588	0.081081
0.000146169	-7.20643e-06	-1.12674e-05	-0.00647066	-0.00562922	0.104311
0.000909769	4.39399e-05	-4.58563e-05	-0.00834823	-0.0208395	0.143756
0.00154788	4.70282e-05	3.57307e-05	-0.00902729	-0.02339	0.162106
0.000835217	-1.63235e-05	3.08084e-05	-0.013793	-0.0193337	0.133286
0.000220769	-9.47385e-05	-6.51662e-05	-0.0130619	-0.012662	0.115786
0.00028291	0.000115667	-0.000108199	-0.00272123	-0.0125387	0.0952288
0.000932087	0.000127623	-0.000138061	-0.00398437	-0.0178595	0.145979
0.00132769	0.000150065	-0.000272361	0.00350217	-0.0363662	0.162698
0.0010199	-0.000413491	-1.22484e-05	-0.0102167	-0.0174774	0.130228
0.00143777	-0.000184484	-1.82162e-05	-0.014663	-0.0280438	0.162062
0.0018531	-0.00011843	1.61153e-05	-0.0131909	-0.0226165	0.179764
0.00103889	-6.70729e-05	-8.47955e-05	-0.00466519	-0.0210101	0.133991
0.000203992	3.29025e-05	-8.01877e-06	-0.00349384	-0.0130085	0.0798685
0.000462383	-0.000250501	-2.81052e-06	-0.00985823	-0.0106206	0.114917
0.000391657	-9.18912e-05	-2.1636e-05	-0.00288556	-0.0180082	0.118535
0.000113616	-0.000212639	1.48229e-05	-0.00592485	-0.00520034	0.0998289
0.000144258	0.000147028	-1.83304e-05	0.00694321	-0.00732542	0.103269
0.000287811	0.000219602	-3.48813e-05	0.00220411	-0.00308921	0.12045
0.000188883	-1.63768e-05	7.57371e-06	0.004808	-0.011068	0.127392
0.000919647	0.00027865	-7.17397e-05	0.0100543	-0.0116826	0.122263
0.00140001	0.000164015	2.99849e-05	0.00945384	-0.018071	0.156113
0.00176567	9.11342e-05	-3.43796e-05	0.00813644	-0.0138719	0.17574
0.00147755	-0.000169805	2.54313e-05	-0.00643233	-0.0120438	0.161248
0.000903848	-3.72974e-05	6.60242e-05	0.0024222	-0.022797	0.139309
0.000967036	0.000229632	-3.52621e-05	0.0132296	-0.0247547	0.152664
0.000580633	0.000182423	7.97466e-05	0.00795126	-0.0112514	0.127408
0.000279954	-0.000161071	3.26523e-06	-0.00488606	-0.0108198	0.104993
0.000292807	-0.000264496	1.40926e-05	-0.00380277	-0.0157271	0.118377
0.000416022	-0.000162049	2.58628e-07	-0.00657218	-0.0100167	0.113401
0.000161087	8.39673e-06	1.70341e-05	9.38214e-06	-0.00989518	0.103901
0.000250634	0.000375475	-1.77953e-05	0.00536674	-0.0133908	0.123719
0.000628361	0.000507317	-4.5302e-06	0.0119093	-0.0167218	0.143037
0.000921334	0.000641155	4.69317e-05	0.0112928	-0.013221	0.143836
0.00068316	0.000258576	-7.26776e-05	0.00590282	-0.0138566	0.123295
0.000371264	-0.000357111	-6.0225e-05	-0.00983684	-0.0146541	0.118136
0.000466517	-0.000146732	0.000110372	-0.00586228	-0.0219318	0.114458
0.000736394	-0.000193615	3.91109e-05	-0.00778744	-0.0117682	0.114913
0.000940121	-0.000487365	-2.37209e-05	-0.0106735	-0.0166272	0.138844
0.00158209	-0.000372977	0.000118949	-0.0051294	-0.0239427	0.17092
0.00128508	-0.000647854	7.6927e-05	-0.0108551	-0.0191458	0.146503
0.00026976	8.3965e-05	-2.58043e-05	0.00203147	-0.0137304	0.109133
0.000679584	-0.000222641	2.02541e-05	-0.00967278	-0.0174353	0.133507
0.000960693	-0.000588872	-6.53781e-05	-0.012741	-0.0204549	0.142077
0.000740424	-0.000325818	1.42744e-05	-0.00786769	-0.0149116	0.126484
0.000754145	-0.000220855	-1.24463e-05	-0.00805977	-0.0154574	0.141507
0.000296404	8.69133e-05	6.69598e-06	0.000991424	-0.0144777	0.088264
0.00105327	0.000172896	-5.01905e-05	0.00640817	-0.0167931	0.14039
0.00152628	7.42495e-05	-2.30548e-05	-0.00299481	-0.0315491	0.168013
0.00128328	-0.000272667	0.000117567	-0.0101653	-0.0309804	0.160164
0.0011142	-0.000660534	2.3292e-05	-0.00806464	-0.0139333	0.144403
0.000463715	0.000164312	2.10591e-07	0.00829663	-0.0182221	0.122713
0.00104889	0.000127815	-2.75602e-05	0.00864947	-0.0239436	0.155121
0.000465976	0.00017804	1.91216e-05	-0.00150487	-0.0160436	0.10624
0.000328416	-0.000356437	-9.43268e-06	-0.0109687	-0.00805636	0.120317
0.000294564	-0.000320085	-4.65263e-05	-0.00207272	-0.00902506	0.124926
0.000636961	0.000239659	-0.000100829	0.00690652	-0.00854144	0.127171
0.00110685	0.000515532	-9.05507e-05	0.0129321	-0.0134087	0.134608
0.000145253	6.92154e-06	-1.74926e-05	0.0035635	-0.00764876	0.108418
0.000733634	0.000338634	-9.1216e-05	0.0101407	-0.00837916	0.132971
0.001175	0.000499437	-0.000194519	0.0207912	-0.0166578	0.14556
0.000442129	-3.36769e-05	-8.06948e-05	0.000740993	-0.0126373	0.102004
0.00125473	2.49412e-05	-2.11313e-05	-0.0022994	-0.0200547	0.146787
0.00159092	2.67102e-06	-9.17145e-05	-0.00167286	-0.0258094	0.168119
0.00133591	0.000227879	-0.000155393	0.00443674	-0.0113116	0.15478
0.000286585	-5.10908e-05	-8.84042e-05	-0.00191982	-0.0119103	0.106941
-7.28236e-05	-0.000157646	-5.58271e-05	-0.00202741	-0.00735869	0.11075
0.000584819	-0.000174851	-9.57025e-07	-0.00335072	-0.0182882	0.148459
0.000574475	-6.58384e-05	-4.55337e-05	-0.00316775	-0.0188834	0.121696
0.000783493	-9.14908e-05	-8.58952e-05	-0.00414407	-0.0131682	0.128307
0.00097664	-0.000338369	-0.000132543	-0.00743535	-0.0219896	0.14532
0.000553764	-0.000194393	-2.06561e-05	-0.00572557	-0.00387458	0.124405
0.000403048	0.00033811	-3.63928e-05	0.00390014	-0.0113798	0.133518
-0.000125337	2.16197e-06	-5.89223e-05	-0.00448799	-0.00875529	0.114876
0.000207088	1.50978e-05	-3.55996e-05	-0.00281977	-0.0132624	0.0801276
0.000679728	-0.000170629	-2.25448e-05	-0.00699539	-0.0104207	0.113892
0.000180254	6.06096e-05	-2.70067e-05	-0.00256377	-0.00942706	0.0970405
0.000359908	-0.000170828	-2.98382e-05	-0.0075897	-0.0087948	0.120672
0.00121922	-0.000157754	6.59969e-05	-0.00643599	-0.0178413	0.155923
0.00170434	-8.54358e-05	3.37288e-05	-0.00452938	-0.0188592	0.173764
0.0012977	-0.000497499	4.54018e-05	-0.0139052	-0.00779848	0.147322
0.000243886	7.65088e-05	-5.45242e-06	-0.00288897	-0.0127622	0.110169
0.000374775	-0.000287628	-1.74895e-05	-0.0121831	-0.0103411	0.131483
0.000969072	-0.00038913	-1.79374e-05	-0.0163945	-0.0128032	0.154821
0.00143955	-0.000299661	5.0995e-05	-0.0183858	-0.0222776	0.172643
0.00121515	-0.000596722	2.92107e-05	-0.017549	-0.0313014	0.143321
0.000393597	6.10464e-05	-1.29247e-05	-0.00460564	-0.010043	0.0990208
0.00087444	-0.00018954	-3.33707e-05	-0.0114207	-0.0159224	0.127433
0.00110413	-0.000444647	4.74096e-05	-0.0123743	-0.00811272	0.140751
0.000114349	0.000232278	0.000104465	-0.00145126	-0.0109271	0.0997751
0.000468483	0.000108354	-2.99252e-05	-0.000767617	-0.0141007	0.127832
0.000445575	-0.000256923	7.74304e-05	-0.0120219	-0.0169029	0.141067
-4.40084e-05	-9.10071e-05	0.000136628	-0.00448367	-0.0103176	0.108364
0.00100335	-9.85091e-05	9.01383e-05	-0.0032123	-0.0243295	0.12956
0.00109284	0.000155434	0.000126908	-0.00236026	-0.0208672	0.13509
0.000866331	2.07903e-06	-4.48151e-05	0.00406885	-0.0182897	0.121207
0.00117944	-0.000173518	1.03695e-05	-0.00110519	-0.0283618	0.140771
0.00101832	-0.000560009	0.000105177	-0.00734284	-0.0223054	0.130932
0.00114757	-0.000623163	0.000112558	-0.0120443	-0.0274092	0.146518
0.000714573	-0.000283784	0.000156215	-0.00763285	-0.0149175	0.125473
0.000190265	-0.000177739	-6.28903e-05	-0.0048886	-0.0137386	0.125357
-9.61235e-05	0.000130952	-1.89642e-05	0.00385347	-0.0138798	0.113879
0.000415599	-8.12998e-05	-4.06278e-05	0.0047336	-0.0181457	0.0989701
0.00105407	-0.000129058	-8.42201e-05	0.00473072	-0.0227695	0.148852
0.00015428	8.7618e-05	-5.07134e-06	0.0056989	-0.0159278	0.0938659
0.000817393	0.000295968	-6.31222e-05	0.0123442	-0.00746568	0.13296
0.00107338	2.18164e-05	3.73603e-05	-0.00610748	-0.0232744	0.140062
0.001094	-0.000527486	5.77325e-05	-0.00963952	-0.0163292	0.12782
0.00143069	-0.000440272	4.25781e-05	-0.00110104	-0.0151927	0.155781
0.001723	-0.000233381	5.94942e-05	0.000542728	-0.01798	0.174847
0.00101543	0.000481738	3.35243e-05	0.0120824	-0.0169228	0.137623
-5.04408e-05	-0.00016486	-2.05667e-05	-0.0034629	-0.0120407	0.109184
0.000458695	2.66483e-05	-3.17643e-05	0.00653801	-0.0149193	0.100049
0.000774837	-0.000383149	8.62312e-05	-0.00351956	-0.0121133	0.113972
0.00127345	-0.000326284	8.20095e-05	-1.57999e-05	-0.023533	0.148025
0.00172065	-0.000229948	6.39725e-05	0.00476941	-0.0208793	0.171595
0.000190842	5.2414e-05	-1.61462e-05	0.00831251	-0.0141597	0.0954888
0.000349808	-0.000118557	-4.13088e-06	0.00404304	-0.0066865	0.0876751
0.000177455	-2.24078e-05	-4.12993e-05	0.00121231	-0.00642121	0.101986
7.46787e-05	-0.000130337	-2.33981e-05	0.00187775	-0.00782403	0.118493
0.000113157	-9.46232e-05	-3.02635e-05	0.000601929	-0.0024123	0.106341
0.000788665	-0.000181204	7.4846e-05	-0.00509899	-0.0108193	0.110628
0.000205687	0.000190723	-3.24678e-05	0.00632933	-0.00302462	0.0983324
0.000569989	0.000435402	9.57107e-06	0.0107854	-0.00694661	0.123683
0.00121725	0.000400906	-4.50451e-05	0.0101385	-0.0161801	0.150942
0.00122086	0.000548243	-9.52716e-05	0.0164753	-0.00789582	0.141667
0.000543798	-0.000268935	-5.81786e-05	-0.00191737	-0.00922029	0.117379
0.000679392	0.000134588	-1.91628e-05	0.00573996	-0.0168837	0.138066
0.000487269	-0.000400799	-1.57594e-05	-0.00376869	-0.0133186	0.126671
0.000638078	-0.00024536	-3.18039e-05	-0.00899759	-0.0154654	0.123815
0.00088894	0.000291063	-4.0413e-05	0.0131478	-0.0207709	0.12682
0.00150414	0.000148645	-0.000144137	0.0121699	-0.0239748	0.161343
0.00139052	0.000334119	0.000119265	0.0137715	-0.0367415	0.160791
0.00150446	0.000496533	-0.000214339	0.0262979	-0.0209254	0.161874
0.0014827	0.000725213	-0.000272877	0.0185726	-0.0062318	0.154404
0.00160069	0.000711088	-8.84893e-05	0.0122619	-0.0202797	0.162329
0.00191142	0.000356858	-4.05325e-05	0.0072024	-0.0119832	0.182297
0.000854891	-0.000433514	-8.70207e-05	-0.00747755	-0.00799706	0.13426
0.00127529	-0.000321322	-5.2774e-06	-0.00117376	-0.0151961	0.159267
0.00127872	-0.000503335	-7.30807e-05	-0.00947627	-0.0304822	0.150151
0.00171025	-0.000324399	4.80318e-06	-0.000518082	-0.0175266	0.17313
0.00147054	-0.000474245	2.12239e-05	0.00132526	-0.0284104	0.15822
0.00128422	-0.000651907	-9.48493e-06	-0.00930144	-0.0235797	0.152151
0.000636959	-0.000327567	6.92753e-05	-0.00876403	-0.00905112	0.121742
0.000385563	-3.01318e-05	-4.48686e-05	-0.000825618	-0.0202088	0.0996241
0.000813794	-0.000260163	5.60237e-05	-0.00429525	-0.0264016	0.118217
0.00133336	-9.90504e-05	6.53975e-05	-0.00997202	-0.0214214	0.153923
0.000842515	-4.62539e-05	-8.04726e-05	0.000496703	-0.0118225	0.129209
0.000679897	0.000218251	-7.1663e-06	-0.000307	-0.0103695	0.111321
0.000807878	0.000421512	-6.33397e-06	0.00633125	-0.0134237	0.132849
0.00070263	0.00024037	-6.67168e-05	-0.00213586	-0.0159381	0.11526
7.65185e-05	6.20175e-05	-2.94603e-05	-0.00146553	-0.00276369	0.105864
0.000160793	-0.000235153	1.28321e-06	-0.00554448	-0.000639332	0.117442
0.000615685	-0.000500013	-7.87307e-05	-0.00893339	-0.00745551	0.138589
0.00147268	-0.000181272	7.88371e-05	-0.00368137	-0.0154694	0.157466
0.000951289	-1.52642e-05	-3.37345e-05	-0.00266606	-0.00899819	0.125518
0.000133239	-5.99643e-05	-0.000134749	-0.000530279	-0.00813108	0.0849513
0.000726985	0.000154033	-0.000141703	0.00542599	-0.0131097	0.112704
0.000284027	-5.35194e-06	-9.03478e-05	0.00230455	-0.00558695	0.0807174
0.000225761	1.7522e-06	-9.74931e-05	0.00254408	-0.0024518	0.0794133
0.000211149	-8.02771e-07	-8.24335e-05	0.00235166	-0.00087144	0.115313
-8.71496e-05	7.64689e-05	-6.70925e-05	0.00186633	0.00191397	0.120101
0.0005911	0.000283553	-4.64869e-05	0.0112822	-0.00996642	0.14508
0.000857301	0.000579436	-0.000114603	0.0202032	-0.0169063	0.138038
0.000971232	1.49946e-05	-9.32942e-05	0.00792337	-0.0252463	0.135014
0.000145697	-0.000103476	-3.46627e-05	-0.000523565	-0.0160388	0.10104
0.000708672	0.000176177	-0.000120419	0.00699073	-0.0225323	0.11025
0.00108061	0.000234527	-0.00011149	0.0148048	-0.0279432	0.134383
0.0012184	0.000438459	-3.66956e-05	0.00574725	-0.0159914	0.137403
0.00138766	0.000390216	-0.000187305	0.00898755	-0.0237961	0.157915
0.000614781	-0.000474874	-3.71667e-05	-0.0101273	-0.0207362	0.124619
0.00116096	-0.000377225	-6.23452e-05	-0.0137242	-0.0292663	0.154859
0.000251881	-7.84755e-05	-3.06632e-05	-0.00453158	-0.0208386	0.0942423
0.000658838	-0.000306442	-8.59005e-05	-0.0113959	-0.0146757	0.133176
0.000729896	-0.000213542	7.15335e-05	-0.00635624	-0.0271919	0.115585
0.000343577	4.84164e-05	-4.37746e-05	0.00366361	-0.00963861	0.110276
0.000356233	2.27812e-05	-3.69482e-05	-0.00617033	-0.00269767	0.121084
0.000320651	-0.000235844	-4.662e-05	-0.000245094	-0.00641136	0.105332
0.000290228	0.000114957	-3.6969e-05	-0.00152002	-0.00191808	0.10803
0.000201661	-4.8396e-05	-9.27467e-06	-0.00144409	0.0048467	0.114526
0.000882773	0.000144254	7.45524e-05	0.0101394	-0.0148973	0.129997
0.000726684	0.000189879	-3.26457e-05	0.010334	-0.00419723	0.112453
0.000733522	1.04545e-05	-5.30056e-05	0.0117326	-0.00903783	0.128704
0.00028658	0.000262088	-3.23305e-05	0.0154587	-0.000487533	0.113093
0.000258224	-0.000135444	-6.18434e-05	0.00361536	0.00106317	0.130216
0.00106945	-0.000416961	1.24336e-05	-0.00301005	-0.0100337	0.130006
0.00085731	0.000222676	-0.000152285	0.00939662	-0.01799	0.115705
0.000798646	7.64841e-05	-0.000153162	0.00809495	-0.0072068	0.117183
0.000332742	1.93971e-05	-5.72101e-05	0.00465918	-0.0190229	0.0993802
0.00111738	5.78347e-06	-0.000158988	0.0140041	-0.0201295	0.14519
0.000385785	-0.000231166	-8.06163e-05	-0.00115104	-0.0171008	0.111684
0.000110318	4.23346e-05	-8.06504e-05	0.0126934	-0.0146522	0.0975826
0.000432435	0.000342176	-8.27972e-05	0.0210201	-0.01952	0.130804
0.000885114	0.00048399	-6.19439e-05	0.0285559	-0.0223941	0.135557
0.0014607	0.000345531	-0.000109584	0.0229752	-0.029662	0.159427
0.00174973	0.0002056	-0.0001554	0.00930429	-0.0318966	0.179994
0.00047019	-0.000203089	-1.8725e-05	-0.00329382	-0.0160604	0.115638
0.000594366	7.97658e-05	-6.64302e-05	0.00303942	-0.0241717	0.137545
0.00139493	-2.68003e-05	-0.000125805	0.00420099	-0.037199	0.159327
0.00178383	-9.58406e-05	-0.000186218	0.00832259	-0.0208948	0.177409
0.00180514	-3.00542e-05	-4.99996e-05	-0.0039274	-0.034695	0.182822
0.00153	-0.000291428	4.51307e-05	-0.00114093	-0.0272381	0.163871
-1.49837e-06	0.000147117	9.46889e-05	0.00866793	-0.0129074	0.106238
0.000142197	-1.90978e-05	9.4847e-05	0.0017191	-0.0120553	0.102203
0.000383748	1.52745e-05	-2.4622e-05	-0.00256918	-0.00812344	0.102025
0.000866231	0.000255612	-6.71619e-05	1.36709e-05	-0.0128219	0.12948
0.000203263	-0.000200286	1.96597e-05	-0.0145544	-0.0119302	0.120046
0.000123587	-1.58538e-06	3.33628e-06	-0.0104024	-0.0122237	0.0867189
0.000213838	-0.000212498	-2.38513e-05	-0.0209733	-0.0117002	0.127949
0.000250103	1.14745e-05	5.25711e-06	-0.0165893	-0.00673174	0.109252
0.000877378	-0.000138323	2.21951e-05	-0.0200561	-0.0232127	0.12916
0.000612024	0.000234	2.70192e-05	-0.0110299	-0.00741896	0.117424
0.00105422	0.000490357	-2.42678e-07	-0.00807343	-0.0168547	0.133207
0.00153744	0.000416316	-6.17989e-05	-0.00683995	-0.0327509	0.165242
0.00132053	-3.25081e-05	-0.000153845	-0.0102753	-0.0269164	0.150455
0.000703471	-0.000130015	3.48607e-05	-0.0176652	-0.0138052	0.110712
0.0005437	-0.000107948	0.000133611	-0.0194696	-0.0191667	0.120794
0.000207991	0.00013873	-1.23537e-06	-0.00770752	-0.0111103	0.0952897
0.000553575	0.000363089	-4.31437e-06	0.00500942	-0.0228201	0.126079
0.00101683	0.000390091	4.26906e-05	0.00245024	-0.0296874	0.140454
0.000848417	0.000131255	-9.57707e-05	0.00306248	-0.0287335	0.136396
0.000584581	0.000153474	0.000154483	-0.00661676	-0.0263579	0.132634
0.000965589	0.00042354	-5.59341e-05	0.00253372	-0.0310603	0.13109
0.00146739	0.000297766	-8.72215e-05	0.000906127	-0.037469	0.161811
0.00140089	0.000368435	-7.89346e-05	0.013702	-0.033995	0.159325
0.000113895	-8.69483e-05	-1.1421e-05	0.00200991	-0.0127002	0.104846
0.000196194	0.000234028	-2.96004e-05	0.00805739	-0.0167604	0.124673
-4.86203e-05	2.75614e-06	-1.01994e-06	0.00109035	-0.0130332	0.12338
0.000507662	-6.51173e-05	-4.24469e-06	5.79166e-07	-0.00806927	0.0995042
0.000411731	8.93845e-05	-5.10688e-05	0.00220061	-0.00762545	0.0879535
0.000513099	4.79698e-05	-2.65627e-05	-0.00102997	-0.0147525	0.100793
0.000540295	0.000276416	1.07547e-05	0.00614319	-0.0095174	0.112055
0.000520371	0.000212992	4.30844e-05	-0.000339881	-0.0154909	0.104856
0.00015572	-6.7239e-05	-1.38444e-05	0.00192592	-0.00375136	0.115691
0.000864794	-9.34189e-05	-5.74641e-06	-0.00477113	-0.00926767	0.146264
0.00155792	-0.000169453	5.42969e-05	-0.00266375	-0.0227772	0.162097
0.00177602	-0.000115892	6.57801e-05	-0.00266852	-0.0267757	0.180955
0.00199396	-4.43502e-06	3.17315e-05	-0.00133201	-0.0300708	0.190554
0.00130672	0.00057547	-5.1801e-05	0.00914243	-0.0215602	0.153864
0.00156665	0.000426154	-5.12779e-05	0.00342489	-0.0304259	0.171488
0.00176628	0.00024049	-1.28369e-06	0.0129709	-0.0205958	0.177571
0.00157435	0.000408465	0.000138254	0.0109779	-0.0262504	0.166458
0.000741901	0.000289553	6.85863e-05	0.00174789	-0.00895587	0.120174
-9.76486e-06	-0.0002023	9.29312e-05	-0.00125566	-0.00402019	0.0991077
0.000750334	-0.000126216	0.000190141	-0.000460862	-0.00931388	0.110938
0.000825218	4.08491e-05	0.000142732	0.000580598	-0.0137151	0.123196
0.00117709	0.000188975	0.000112808	0.00457691	-0.0197536	0.140144
0.00107195	0.000434927	-3.44847e-05	0.00677779	-0.0202592	0.143076
0.00119536	0.000427738	5.14784e-05	0.0112919	-0.0274898	0.149096
0.00127801	0.000659444	-1.23975e-05	0.00968832	-0.0202793	0.142577
0.00148708	0.000582993	0.000113449	0.00706315	-0.0405225	0.167789
0.000421304	-3.24265e-05	-2.36718e-05	-0.00041914	-0.0173373	0.114284
-3.07551e-05	6.11191e-05	-5.58847e-05	0.00298905	-0.00702866	0.11457
0.000752304	0.000402448	-6.95325e-05	0.015321	-0.0124929	0.133987
0.00107882	0.000565537	-0.000190323	0.0164189	-0.0108242	0.14479
0.00139183	0.000454225	-0.000194352	0.00843777	-0.0273078	0.165535
0.00173054	0.00038125	-6.49257e-06	0.0103099	-0.0244631	0.178938
0.00134236	-1.09115e-05	-0.000140688	-0.00101947	-0.0213203	0.15857
6.28302e-05	0.00011859	-3.31099e-05	-0.00317453	-0.00416875	0.110787
0.000513207	0.00032531	-4.82089e-05	0.00472021	-0.00968563	0.14015
0.00101226	0.000435234	-6.98624e-05	0.00361656	-0.014036	0.154276
0.00111693	0.000553854	-3.21126e-05	0.00615436	-0.0142471	0.157292
0.00084594	0.000402386	-0.000160463	-0.00200159	-0.00148768	0.11473
0.000526824	0.000107775	-4.34384e-05	-0.005187	-0.0109425	0.124717
0.000947591	-0.000132714	3.88362e-05	-0.010971	-0.0182456	0.133759
0.00122173	-0.00027711	-1.62872e-05	-0.0123686	-0.022747	0.145044
0.0017644	-1.84619e-07	-8.56646e-06	-0.0145585	-0.0150231	0.170759
0.000995418	1.71897e-05	4.83541e-05	-0.0127594	-0.0288555	0.132004
0.000784829	-8.52513e-05	-1.26619e-05	-0.00982197	-0.0195084	0.131648
0.000337771	0.00015963	-1.23821e-06	-0.00430998	-0.012014	0.106024
0.000581901	0.000462608	9.44185e-05	0.00281352	-0.00939977	0.130989
0.000170873	-0.00012049	-2.76713e-05	-0.0104048	-0.01044	0.123075
0.000716861	-0.000135658	-8.28662e-05	-0.014921	-0.0171715	0.147752
0.00142459	-0.000212457	-2.21626e-05	-0.0195091	-0.0277794	0.16038
0.00169885	-0.000169046	-3.71912e-05	-0.00624056	-0.0313246	0.175978
0.00145312	-0.000332999	2.93258e-05	-0.0102088	-0.0328467	0.163544
0.00142499	-0.0006107	8.24131e-05	-0.0106758	-0.0231903	0.153299
0.00164744	-0.000412575	2.99395e-05	-0.00368358	-0.0200083	0.171908
0.00121658	-0.000679506	8.55512e-05	-0.0102609	-0.0255849	0.145771
0.00155356	-0.000560049	9.46841e-06	-0.00831079	-0.0224424	0.164718
0.00137466	-4.92318e-05	-3.62144e-05	0.0076798	-0.0108027	0.148428
0.000705834	0.00011616	-0.000145235	0.00701707	-0.0101604	0.10779
0.000505274	4.57982e-07	4.60656e-05	0.00205401	-0.0120904	0.094949
0.000798639	-0.000294679	2.83694e-05	-0.00130941	-0.0193312	0.117246
0.000768169	0.000270148	-8.59663e-05	0.0088765	-0.00984241	0.116647
0.00128295	0.00020478	-2.34315e-05	0.00751346	-0.0157715	0.151484
0.00163535	0.000133405	-0.000103164	0.00337341	-0.0192826	0.169723
0.000965536	-0.000462758	3.33454e-05	-0.0110354	-0.0103293	0.134983
0.000700496	-0.000218136	9.41731e-05	-0.0126887	-0.00576894	0.120778
0.000988533	0.000153688	-3.45564e-05	0.00315719	-0.010901	0.135275
0.000787368	0.000439146	2.47536e-05	0.015976	-0.00851762	0.138414
0.00107861	0.000542359	-0.000197849	0.0241218	-0.0201328	0.146092
0.00125763	0.000673564	-5.5117e-05	0.00958302	-0.0162919	0.145012
6.86624e-05	-4.98934e-05	-5.19881e-05	0.00159126	-0.0076985	0.0856144
0.00081735	5.25558e-05	-2.79255e-05	0.00469164	-0.0157655	0.126085
0.000641663	-6.38533e-05	-4.22751e-05	0.00630336	-0.0209434	0.120148
0.000371849	-0.000401557	1.62225e-05	-0.00604072	-0.0129657	0.119396
-7.25021e-05	-9.2201e-05	-5.11077e-05	0.00266041	-0.00796866	0.115048
-9.93162e-06	-6.60554e-05	-6.83438e-05	0.00310674	-0.0161914	0.12539
0.000145251	-0.000191792	-9.7071e-06	0.00306749	-0.00897141	0.104329
0.00025711	9.01998e-06	-3.1185e-05	0.00716181	-0.0135076	0.0959447
0.000160744	-2.64954e-05	-8.44719e-05	0.00255003	-0.0190924	0.113544
0.000469673	-8.92013e-05	-2.61131e-05	0.00118845	-0.0199346	0.11913
0.000260799	-0.000310405	-0.000199792	0.0010012	-0.0141171	0.113033
0.00040375	-0.000303507	-7.36243e-05	-0.00699274	-0.0110699	0.128517
0.000422044	-0.000241721	-0.000212317	-0.0015144	-0.0101216	0.110882
0.000564829	-0.000329693	-9.26282e-05	0.00180215	-0.00908093	0.106035
0.00033161	-0.000115472	-8.14671e-05	0.00240184	-0.0092112	0.0881482
0.00102324	-0.000155985	-6.65682e-06	-0.000787465	-0.0143832	0.135591
0.000702313	0.000386014	2.46191e-05	0.0163307	-0.00684324	0.126669
0.00130839	0.000266955	-0.000110501	0.0131276	-0.0162985	0.147463
0.000941146	-0.000273219	4.94455e-05	-0.00526217	-0.0138139	0.124008
0.000855	-9.26951e-05	-3.87295e-05	0.00200197	-0.00694406	0.118518
0.000320099	-9.08798e-05	-5.0988e-05	-0.000797528	-0.00661233	0.0945825
0.000226769	8.35132e-05	1.08667e-05	0.00372961	-0.00560909	0.0998536
0.000489716	-6.78594e-05	-6.43365e-05	-0.000855679	-0.0149212	0.11944
0.000891957	-0.000348678	2.71158e-05	-0.00517248	-0.0118644	0.138679
0.000489612	-0.000375471	-6.21985e-05	0.000181058	-0.00798949	0.114037
0.000171873	-0.000152182	-3.14917e-05	-0.00611169	-0.0118982	0.115277
0.000179235	-0.000172781	-5.05009e-05	-0.0052385	-0.00717853	0.118866
0.000624482	0.000190648	-3.5276e-05	0.00130526	-0.0191775	0.126895
0.00107318	0.000328835	-9.65954e-05	0.0101807	-0.0152274	0.153734
0.000737103	-0.000324397	-1.10243e-05	-0.0101821	-0.00947862	0.132749
0.00128196	-0.00036688	0.000115067	-0.0110524	-0.0186586	0.152877
0.0013152	-0.000356463	2.3016e-05	-0.0167288	-0.0226093	0.154512
0.00125677	-0.000632615	2.47051e-06	-0.0144744	-0.0236843	0.146499
3.66823e-05	0.000203994	-3.92343e-05	0.00381748	-0.00965839	0.102675
9.0435e-05	0.000105554	-1.54066e-06	0.00133454	-0.00821072	0.0899974
0.000288316	6.08598e-05	-5.75755e-05	-0.00308603	-0.0108314	0.105122
0.000736199	0.000171432	-8.24613e-05	0.00286646	-0.0149493	0.110189
0.00105453	0.000402598	2.78163e-05	0.0042943	-0.0152019	0.140682
0.0011602	0.000579874	3.66236e-05	0.0101475	-0.0188475	0.147024
0.00166252	0.000495854	-0.000124159	0.0129038	-0.0164885	0.167694
0.00146909	0.00051334	-1.4912e-05	0.0090667	-0.0165618	0.161862
0.00147123	0.000684648	-9.86449e-05	0.00702469	-0.02188	0.15744
0.000797263	0.000327472	-7.29828e-05	0.00404286	-0.0111162	0.130381
7.41039e-05	4.66055e-05	4.09843e-05	-0.00125405	-0.00712962	0.0897253
0.000741569	0.000189105	2.22975e-05	0.000373548	-0.0125404	0.11262
0.000877937	-0.000282135	0.000120836	-0.00539914	-0.013445	0.119203
0.00146906	-0.000234836	0.000102514	-0.00349968	-0.0160315	0.155233
0.00164156	-0.000170883	9.34233e-05	-0.00377983	-0.0178837	0.173011
0.000836172	0.00050937	7.92945e-05	0.0102096	-0.0157747	0.134928
0.000340314	4.41109e-05	4.98707e-05	-0.00117998	-0.00827715	0.103555
0.00111591	-0.000128641	-9.63127e-06	-0.0119524	-0.0146209	0.147215
0.00121615	-0.000289466	9.10674e-05	-0.0112444	-0.0252235	0.150132
0.00111254	-0.000539596	0.000104887	-0.0117918	-0.0266989	0.139412
0.000478376	9.31613e-05	-1.37665e-05	0.00216301	-0.0137143	0.114188
0.00117675	-1.21718e-05	2.09929e-05	0.00190076	-0.018035	0.149668
0.000871077	-0.000454382	5.39459e-05	-0.009634	-0.0107689	0.135398
0.000410944	0.000173488	1.74116e-05	0.00846579	-0.0135319	0.126476
0.00089139	0.000422132	-5.37937e-05	0.0116243	-0.0143624	0.138389
0.00109256	0.000540123	7.37704e-05	0.015727	-0.021495	0.14342
0.00039966	1.17657e-05	4.19281e-06	0.00306386	-0.0139182	0.0987134
0.00080851	-0.000264024	4.10114e-05	-0.00506828	-0.0148485	0.116257
0.000251389	0.000116051	3.20659e-05	-0.00251712	-0.0136501	0.096402
0.000254169	0.000148578	1.877e-05	0.00220155	-0.0116092	0.126035
0.000501707	0.000116057	1.10105e-05	-0.00294601	-0.00833073	0.109459
8.11534e-05	-0.00017597	-2.00553e-05	-0.0101939	-0.00837359	0.107052
0.000277979	-2.23636e-05	-8.75706e-07	-0.00602966	-0.0119852	0.129545
0.000118306	2.41213e-05	3.74346e-06	-0.00178747	-0.00448004	0.124993
0.000198892	0.000126957	2.81203e-05	-0.00165655	-0.00979793	0.0971924
0.000932983	0.000254502	-1.3591e-05	0.00335908	-0.018476	0.14725
0.000368031	-6.8507e-05	4.31469e-05	-0.00398737	-0.0117173	0.0872283
0.000994524	-0.000152532	-1.15653e-05	-0.00300889	-0.018244	0.138592
0.000520682	0.000221584	5.82799e-05	0.000725348	-0.0185289	0.0985244
0.000632054	0.000253882	2.42151e-06	0.00468105	-0.0163262	0.115072
0.000768127	-0.000358328	6.02078e-05	-0.00557731	-0.015485	0.110137
0.00108182	-0.000444801	1.91298e-05	-0.00786275	-0.0206892	0.141407
0.00132003	-0.00060655	0.000142618	-0.00734006	-0.02271	0.149304
0.00162288	-0.000558134	0.000109038	-0.0160716	-0.0259228	0.168715
0.00078024	0.000372018	-5.09531e-05	0.00705082	-0.0168242	0.117474
3.17376e-05	-7.81781e-05	6.7933e-06	-0.00490701	-0.0105715	0.107051
0.000388188	5.20168e-05	8.7613e-07	0.00143806	-0.0156226	0.0989774
0.000396023	0.000412576	-3.40094e-06	0.00741509	-0.00907122	0.126947
-0.000186262	-0.000124392	1.75717e-05	-0.000802884	-0.00357363	0.105529
0.000413596	-0.00037972	-2.36978e-05	-0.00849261	-0.0107637	0.129344
0.000738251	4.77951e-05	-5.73962e-05	-0.0050692	-0.0135052	0.135769
0.000496731	-0.000149628	2.08385e-06	-0.006467	-0.00977044	0.122409
0.000633962	-5.57958e-05	-5.33066e-05	-0.00218978	-0.0204675	0.122886
8.9078e-05	-0.000114641	-5.67484e-05	-0.00312825	-0.00817786	0.103328
0.000293699	-0.000412858	-9.92088e-05	-0.0135466	-0.00898129	0.121949
0.000946105	-0.00038457	9.42245e-05	-0.00979715	-0.0186229	0.132805
0.000247796	-6.28047e-05	-4.40759e-05	-0.00326746	-0.0124756	0.106492
0.000359452	-0.000434784	-8.51869e-05	-0.00837793	-0.0108097	0.129633
0.000489417	8.5418e-05	-8.8259e-05	0.00369148	-0.010905	0.119349
0.000865868	-0.000294885	-4.28145e-05	-0.00571338	-0.0170567	0.123277
0.00133883	-0.000185535	1.59272e-05	-0.00372688	-0.0307327	0.159008
0.00166054	-4.87283e-05	1.29809e-05	-0.00151045	-0.0334942	0.174535
0.00103345	2.63339e-05	-1.05427e-05	-0.00143725	-0.0062129	0.135128
0.000235775	-8.61755e-05	-1.58239e-05	-0.000510488	-0.00673371	0.0972919
0.000202335	8.09301e-05	-3.24004e-05	-0.000869402	-0.011263	0.115055
0.000694441	0.000490449	2.90107e-05	0.00902287	-0.00636771	0.131233
0.000783282	0.000236635	-0.000116022	0.00610389	-0.0118835	0.11513
0.000881577	3.21368e-05	2.234e-05	-0.00125494	-0.0124418	0.123873
0.00117044	0.000273244	-7.68722e-05	-0.000817847	-0.0166905	0.139133
0.000198862	-2.39264e-05	-1.29961e-05	-0.00128999	-0.00680892	0.114486
0.000606925	0.000155257	-3.11188e-05	-8.39713e-05	-0.0109471	0.13683
0.00104987	0.000236263	-8.57453e-05	0.00840083	-0.0168078	0.143808
0.00031278	0.000153052	-2.71645e-05	0.00432461	-0.0100003	0.0914608
0.000287114	6.86959e-05	-2.59007e-06	0.00737246	-0.0121027	0.106448
0.000686122	-5.07356e-05	2.15674e-05	-0.00507023	-0.017781	0.11953
0.000832059	-0.000403073	2.69825e-06	-0.00923297	-0.0193246	0.132105
0.000824379	0.000225038	-4.61944e-06	0.00276492	-0.0165683	0.118387
0.0010766	0.000481109	-0.000102024	0.0052156	-0.0209591	0.138797
0.00115357	-5.45342e-05	-7.48119e-05	0.00531871	-0.0118236	0.137555
0.000962265	-0.000414474	-6.29105e-06	-0.00644618	-0.0143142	0.144475
0.00128616	-0.000517943	7.67024e-05	-0.0109288	-0.0195352	0.148295
0.00123805	2.46583e-05	4.80973e-05	0.00228005	-0.00906826	0.145132
0.00101302	0.000581455	-3.77045e-05	0.0117827	-0.0184473	0.133844
0.000642455	0.000285407	6.61299e-06	0.00137092	-0.0236804	0.121412
0.000411685	0.000228052	8.53755e-06	0.00425738	-0.0105508	0.133823
0.000276563	0.000147959	2.39245e-05	-0.0014323	-0.0178948	0.132414
6.90843e-05	0.000106958	-9.99609e-06	0.000972927	-0.0111628	0.0892596
0.000359807	-0.000126137	-8.48696e-06	-0.000149542	-0.0105823	0.0882763
0.000346598	0.000108863	3.30038e-05	0.00154376	-0.00917053	0.106946
0.00128765	4.93481e-05	9.231e-05	-0.00194543	-0.0173083	0.146734
0.00106174	0.000489843	8.22554e-07	0.0136133	-0.0172958	0.140458
0.001441	0.000461727	-8.11369e-05	0.00773295	-0.0158886	0.163693
0.00085936	-0.000282992	7.28403e-05	-0.00430113	-0.0121898	0.119639
0.00143838	-8.76897e-05	6.44827e-05	0.00360336	-0.0162228	0.156533
7.81616e-05	-0.00018696	-2.04139e-05	-0.00161339	-0.00910959	0.103978
0.00030526	-7.93295e-05	-8.25539e-06	0.00157903	-0.00718896	0.094981
0.000382129	-7.44049e-06	-1.23598e-05	-0.00352914	-0.00349939	0.12741
-4.60493e-05	0.000192949	-7.50884e-05	0.00474821	-0.00112045	0.11437
6.19798e-05	-1.89649e-06	-5.14281e-05	0.00274783	-0.00387663	0.091164
0.000711291	0.000153754	6.11377e-06	0.00620446	-0.0113882	0.132664
0.000704391	-0.000407352	3.03246e-05	-0.00755019	-0.0116827	0.125048
0.00111286	-0.000441054	6.31426e-05	-0.0106399	-0.0166229	0.149131
0.00170171	-0.000426367	4.33067e-05	-0.00409293	-0.00769523	0.169011
0.00179566	-0.000293096	0.000179932	-0.00520955	-0.0157826	0.179741
0.000214323	-0.000188421	1.35064e-06	-0.00489336	-0.00785135	0.0979845
0.000494507	0.000190299	-4.98748e-05	0.00587122	-0.00625662	0.115301
0.00104027	0.00042917	-0.000202787	0.0119597	-0.012055	0.138318
0.00134122	0.000517426	-7.83554e-05	0.0108103	-0.0193607	0.14513
0.00155337	0.000435231	-0.000220152	0.0172204	-0.00889101	0.15659
0.00131431	0.000659401	-6.93667e-05	0.0126475	-0.0190851	0.150067
0.00143316	0.00064053	-0.000135746	0.0120311	-0.0234148	0.155146
0.00135127	0.000630972	-7.56841e-05	0.0128313	-0.0185202	0.154029
1.2131e-06	1.78656e-05	1.4194e-05	0.00352168	-0.00853563	0.096037
0.000627371	0.000256945	-8.01477e-05	0.00697056	-0.0106732	0.118846
0.000941934	0.000437037	1.11314e-05	0.00938861	-0.0196864	0.138227
0.000909136	0.000178161	-9.51589e-05	0.0056422	-0.0092097	0.12329
0.00052575	-0.000270381	6.93857e-07	-0.00329601	-0.0119056	0.104773
0.00044131	0.00018556	1.66335e-05	0.00147879	-0.0142153	0.121309
0.00116019	0.000217035	1.4973e-05	0.00405445	-0.0220848	0.156009
0.000119265	7.89149e-05	2.64299e-05	0.000822481	-0.00857134	0.0883901
0.000240094	8.45228e-05	1.63651e-06	0.00139031	-0.00839939	0.0951246
0.000575264	0.000162027	-2.1008e-05	0.00395742	-0.014236	0.115251
0.000437577	0.000154065	1.5829e-06	0.00375798	-0.00742838	0.103625
0.000564589	-0.000180877	5.10423e-06	-0.0115707	-0.0157341	0.123831
0.000868422	-0.000556164	5.00713e-05	-0.0156539	-0.0141381	0.135481
0.00143813	-0.000285879	0.000106885	-0.00938172	-0.0207691	0.158112
0.000905974	-0.000156398	7.9678e-05	-0.00641047	-0.00674678	0.131885
0.000682378	-0.000160708	-9.69902e-07	-0.00572656	-0.0126798	0.133181
0.000654345	-0.000447688	2.37862e-05	-0.0160249	-0.0164295	0.139594
0.000164658	-0.000225647	1.38719e-05	-0.00634261	-0.00640314	0.102976
0.000168407	2.95798e-05	1.52241e-05	-0.00158572	-0.00835541	0.101504
0.000602404	-0.000221796	3.30976e-05	-0.00754716	-0.0134952	0.12212
0.000390077	-0.000270255	-6.93213e-06	-0.000893994	-0.0133321	0.113076
0.000429652	3.91305e-05	-1.54159e-05	-0.000274019	-0.0107221	0.104755
0.000623205	-0.000274659	-6.96881e-05	-0.0120713	-0.0156344	0.128384
0.000553448	-2.76376e-05	5.75072e-05	-0.00851279	-0.00814175	0.130573
-5.04219e-05	0.000290286	5.77736e-05	0.00182102	-0.00681172	0.11159
6.23497e-05	0.000251453	6.96966e-05	0.00215889	-0.00913163	0.118631
0.000857807	-0.000191672	5.63694e-05	-0.00588486	-0.00862467	0.137686
0.00148892	-0.000229781	0.000219737	-0.00942031	-0.0206591	0.160747
0.00172994	-7.72509e-05	4.41105e-05	-0.000693991	-0.0170879	0.176846
0.000675322	-0.000179699	-9.4708e-06	-0.00125496	-0.00991559	0.124147
0.000656078	-0.000163474	-8.43683e-05	-0.00530716	-0.00956074	0.130873
0.000618656	-0.000437823	3.85889e-05	-0.00987899	-0.0127909	0.140819
0.000904143	-0.000515909	-1.0289e-05	-0.0272858	-0.011237	0.148335
0.00156377	-0.00055696	0.000145565	-0.00765564	-0.0208278	0.168983
0.00182857	-0.000325448	6.54224e-05	-0.00498019	-0.0257378	0.182771
0.00133298	4.95782e-05	-7.31869e-05	0.0119568	-0.0166972	0.157011
0.000882718	0.000128725	3.35168e-05	0.00216068	-0.0240195	0.125606
0.000773347	-0.000393841	1.61779e-05	-0.00609055	-0.0184012	0.123463
0.00140419	-0.000301093	3.9182e-05	-0.00828587	-0.0150436	0.153039
0.0014292	-0.000422416	-1.31995e-05	-0.0031012	-0.015668	0.153133
0.000935384	-1.46927e-05	0.000129292	-0.00784983	-0.0107214	0.131909
0.000551617	0.000460611	1.25659e-05	0.00919278	-0.0124776	0.129468
0.000319978	0.000222972	2.84385e-05	0.00970455	-0.00578947	0.122042
-6.77306e-05	6.91252e-05	-1.08118e-05	-0.0037907	-0.00566439	0.11147
0.000165231	0.000333918	8.13275e-06	0.0140611	-0.00847715	0.130388
0.000582891	0.000237599	2.60555e-05	0.000568597	-0.015488	0.11739
0.000425027	4.41598e-05	1.04008e-05	0.00242728	-0.0102137	0.100058
0.00123112	0.000102247	-5.0978e-05	0.00747315	-0.0192363	0.149454
0.000324049	-0.000138603	-9.46218e-06	-0.0041451	-0.0151018	0.0924803
0.000956335	-0.000229544	9.44832e-05	-0.00322188	-0.00949286	0.121953
0.000165988	-2.3911e-05	2.85283e-05	0.00227099	-0.00886638	0.111536
7.99872e-05	-3.73127e-05	4.73458e-06	-0.00275563	-0.00623725	0.12506
5.70152e-05	-8.76609e-05	-1.97661e-05	-0.00381387	-0.00833576	0.0886746
0.000204093	0.000109075	3.82666e-05	0.00134637	-0.00882138	0.0954656
0.000405918	2.19919e-05	1.30299e-05	-0.00329749	-0.00525703	0.100741
0.000898071	0.000132269	2.49891e-05	0.00576796	-0.0105812	0.135702
0.000796604	0.000474886	3.95028e-05	0.0104189	-0.015078	0.136899
0.00118824	0.000522701	-9.17672e-05	0.0127159	-0.0205968	0.151116
0.00146108	0.000690782	-0.000171801	0.00966733	-0.0154134	0.155984
0.000242676	-5.89019e-05	1.2684e-05	-0.00210933	-0.00918976	0.0943785
0.000637469	0.000137022	2.59506e-05	0.00745007	-0.0167088	0.116983
0.000921214	0.000270761	3.52941e-06	0.0116172	-0.00894817	0.142476
0.00107706	0.000623979	-3.39728e-05	0.0101126	-0.0127168	0.145385
0.000415929	-0.000189459	8.83533e-06	-0.00509763	-0.0115074	0.123418
0.00048948	-4.02249e-05	9.48145e-06	0.00660047	-0.0116088	0.131183
0.00031592	-3.45218e-05	2.4487e-05	0.00120619	-0.0111023	0.103665
0.000562258	-0.000140933	7.02385e-06	-0.00328466	-0.0165392	0.134799
0.000778572	-0.000312549	8.92986e-05	-0.010209	-0.0181685	0.148729
0.000455798	0.000255071	-3.5774e-05	0.00759729	-0.0169383	0.117734
0.000106022	-5.02073e-05	-2.86449e-05	-0.00136878	-0.0086471	0.0858932
0.000136277	-2.67776e-05	-5.07897e-05	-0.0018665	-0.0110513	0.105249
0.000159314	-0.00015108	-6.63259e-06	0.000618442	-0.0121803	0.10173
0.000466725	0.000312651	-7.49464e-06	0.0080832	-0.012296	0.118227
0.00120334	0.000411681	-2.75944e-05	0.0086179	-0.0177055	0.154065
0.000957036	0.000166318	-2.32612e-05	-0.00293915	-0.0194614	0.12745
0.000818594	0.000137573	-2.2996e-05	0.00159968	-0.0182137	0.128317
0.00133747	2.55884e-05	-6.46757e-05	0.00439655	-0.0227558	0.160151
0.00176112	-2.57985e-05	6.50075e-05	-0.000314415	-0.0269684	0.176915
0.00187659	-5.12638e-05	-6.02223e-05	-0.000549059	-0.0263237	0.186747
0.00147046	-0.000319087	-5.24868e-05	-0.00133217	-0.01378	0.163596
0.000907336	-8.23981e-05	3.08146e-05	-0.010948	-0.0138564	0.139849
0.00123646	0.000203615	3.16538e-05	0.000836299	-0.0223304	0.153369
0.00167798	0.000136949	-1.10874e-05	0.00436167	-0.0263287	0.175436
0.00153081	0.000347565	-0.000107231	0.00673711	-0.0211162	0.165234
0.000130188	-0.000175232	1.27871e-05	-0.00940852	-0.00601561	0.10586
0.000579373	0.000303251	2.53305e-05	0.00683092	-0.00970729	0.121322
0.000374875	0.000226292	1.17938e-06	-0.00122078	-0.0121489	0.123961
0.000172169	-1.54914e-05	9.40001e-06	0.00436212	-0.0119102	0.124289
0.000461564	0.000326408	1.61449e-05	0.00702447	-0.0102605	0.139556
0.00109849	0.000642606	-1.09237e-05	0.0122456	-0.0152605	0.141325
0.00069891	0.000368651	9.74512e-05	0.00105549	-0.0195044	0.114719
0.000305733	0.000255204	1.36042e-05	0.0109272	-0.015895	0.124896
0.000428709	0.000189889	2.56619e-05	0.00871085	-0.00947818	0.114758
0.000315656	0.000235177	1.44747e-05	0.00293306	-0.0111519	0.122404
0.000917254	0.000507264	-2.11638e-05	0.0106877	-0.018851	0.141065
0.000280182	7.82176e-05	1.5276e-05	-0.000533247	-0.0107683	0.0981425
0.000355715	0.000116369	1.40367e-05	0.00501959	-0.0098493	0.107307
0.000311535	3.5363e-05	2.06595e-06	-0.00080736	-0.00879819	0.105693
0.000262213	-0.0001604	8.69065e-06	-0.00191286	-0.0120965	0.126478
0.000779251	-0.000461558	-1.57027e-05	-0.00650388	-0.0122065	0.140448
0.00112458	-0.000514729	0.000262201	-0.0200721	-0.0113632	0.136367
0.00113413	-0.000509979	2.93361e-05	-0.0111562	-0.0208931	0.149993
0.00153857	-0.000389458	0.000122479	-0.00505425	-0.0218496	0.164576
0.00137963	-0.000573426	7.09134e-05	-0.00785178	-0.0200749	0.15213
0.00171148	-0.000381816	3.83789e-05	-0.00515453	-0.0230211	0.174323
0.00186788	-0.0002348	5.13869e-05	-0.00144897	-0.0266526	0.187497
0.00145815	-0.000587232	0.000246901	-0.0137203	-0.00988455	0.155253
0.00055706	0.000265437	4.34861e-05	0.0102432	-0.00910279	0.127034
0.000354307	-0.000128655	1.07855e-05	-0.00651218	-0.00869023	0.130877
0.00136025	-6.59633e-05	4.53052e-05	-0.00131666	-0.02017	0.151796
0.000880625	0.00048903	1.59662e-05	0.0104643	-0.0139353	0.133775
0.0010755	0.00060641	-0.000134974	0.00947036	-0.0167019	0.142558
0.00159635	0.000419373	-5.67883e-05	0.00484764	-0.0188953	0.166263
0.00183052	0.000289164	-1.41501e-05	0.00452785	-0.0277144	0.182636
0.0005625	-0.000180459	-2.86745e-05	-0.00238096	-0.0102023	0.115324
0.000964594	0.000129752	-4.46852e-05	0.00730068	-0.0117127	0.139131
0.000629242	-0.000360917	1.04063e-05	-0.0083069	-0.0135836	0.134485
0.00100387	-0.000613042	2.07228e-05	-0.0111026	-0.0141587	0.138945
0.00121281	-0.000594258	-1.31225e-05	-0.00880092	-0.0146991	0.153315
0.00127305	-0.000642446	0.000110735	-0.0129874	-0.0228518	0.15542
0.000463126	-3.81524e-05	3.4665e-05	-0.00185991	-0.0120308	0.0971236
5.32252e-05	-2.08361e-05	1.15965e-06	0.00125212	-0.00822742	0.0873026
0.000618803	-2.79959e-05	4.41769e-05	0.000445081	-0.0170498	0.129264
0.000954751	-0.000124495	-6.58985e-05	0.00120498	-0.022607	0.13581
0.00106966	-0.000542045	0.000108747	-0.0091712	-0.0148588	0.129464
0.00115475	-0.000568185	4.75328e-05	-0.013801	-0.0133283	0.146396
0.00129894	-0.000652626	7.52177e-05	-0.0141295	-0.0193859	0.1531
0.000952945	-0.000171704	9.10263e-06	0.00592298	-0.0226359	0.140543
0.000838299	0.000399889	3.18418e-05	0.00855589	-0.0143783	0.121191
0.000309996	-0.000192535	-8.40184e-06	-0.00482912	-0.0102614	0.116291
0.000214066	0.000221169	-3.40034e-06	0.00661862	-0.00880625	0.127548
0.000591292	0.000264029	1.40627e-06	0.00341428	-0.00750751	0.144517
0.000793875	0.00035963	2.97215e-05	0.00815522	-0.0152215	0.148654
0.00149923	0.000400704	-7.53141e-06	0.00552328	-0.0241238	0.161415
0.00147335	0.000451644	-4.66196e-05	0.00370167	-0.0177047	0.164221
0.00136983	0.000581868	-0.000132379	0.0112057	-0.00985909	0.154701
0.001515	0.000584117	-0.0002851	0.0157232	-0.0194075	0.160408
0.000673567	0.000349785	2.96971e-05	0.00914619	-0.0265722	0.123052
0.000114315	0.000141789	2.38753e-05	0.00424324	-0.0100143	0.103983
0.000400352	-1.36425e-05	-5.21495e-06	-0.00248198	-0.0107073	0.131658
0.000380393	0.000361922	-2.63425e-05	0.0162398	-0.00878135	0.134344
0.000474403	0.000362229	1.13407e-05	0.00266055	-0.0177961	0.122242
0.00022003	0.000298749	-1.40374e-05	0.0070088	-0.0076743	0.128457
0.000888866	0.000591118	6.61355e-06	0.0131099	-0.0138514	0.137972
0.000608185	0.000342678	4.39229e-05	0.000372013	-0.0181079	0.114474
0.000789224	-0.000112451	1.26099e-05	-0.00282356	-0.0139424	0.130645
0.00146199	5.43537e-05	-3.59634e-05	-0.000506189	-0.0224155	0.160597
0.000469672	-0.000315198	6.09127e-06	-0.00046781	-0.0114905	0.112628
0.000236494	6.37178e-05	1.2496e-06	0.00264083	-0.00820594	0.0964582
0.00104584	-1.98321e-05	-1.91145e-05	-0.00126507	-0.0146644	0.143937
0.0015871	-6.79496e-05	-2.25863e-05	0.00111598	-0.0194633	0.168196
0.000622009	-0.000200927	-9.47783e-06	0.00374872	-0.0125002	0.124338
0.000474491	0.000142421	-1.35889e-05	0.000763206	-0.0162487	0.106253
0.000482535	-0.000158044	1.23731e-05	-0.0062233	-0.0115074	0.122126
0.00067203	-0.000400864	-1.63711e-05	-0.00875572	-0.0151116	0.142357
-1.65373e-05	0.000120273	-1.66417e-05	0.00242317	-0.00556817	0.113332
0.000333449	-0.000307807	1.20386e-05	-0.00402452	-0.0102892	0.126194
0.000496369	-0.000500895	8.5359e-06	-0.0102946	-0.0143033	0.143583
0.00086516	-0.000555783	-2.76896e-05	-0.0120588	-0.0155631	0.152417
3.82479e-05	0.000234059	2.10538e-05	-0.000213714	-0.0101849	0.108672
0.000331814	-8.18391e-05	-1.39569e-05	-0.000156722	-0.0109017	0.0898368
0.000729635	-0.000354164	-1.30829e-05	-0.00439505	-0.0113973	0.127521
0.000939834	-0.000534614	7.22704e-05	-0.0258637	-0.0107526	0.139543
0.000626744	0.000163668	2.62014e-05	0.00287974	-0.011067	0.112588
0.00122406	4.99677e-05	-4.03586e-05	0.00197573	-0.0222474	0.152048
0.00125714	-0.000199058	1.82542e-05	0.00097177	-0.0168515	0.151402
0.000588903	-0.000185094	1.472e-05	-0.00710399	-0.0081557	0.124272
0.000317634	-0.000405542	7.94111e-06	-0.00826483	-0.00868844	0.117848
0.000798093	-0.000530843	3.63899e-06	-0.0130017	-0.0160812	0.143582
0.000510015	-0.000229733	1.55712e-05	-0.0137607	-0.0108293	0.130862
0.000564349	0.000360548	5.90332e-05	0.00424788	-0.0146571	0.126387
0.000873232	-3.16616e-05	-3.54353e-05	0.00367925	-0.0117892	0.128684
0.000513146	0.000271509	1.86479e-05	0.00616851	-0.0152347	0.12162
0.00124782	0.000189533	2.53361e-05	0.00621069	-0.0230844	0.158012
0.00104501	0.000549664	3.23403e-05	0.00982267	-0.0166601	0.13645
0.00157954	0.000351805	-3.7219e-05	0.0057358	-0.0251132	0.163865
0.00157832	0.000476335	1.44933e-05	0.00348988	-0.0185134	0.163031
0.00127246	0.000626466	-5.47002e-05	0.0105688	-0.020367	0.149179
0.00147575	0.000595336	-0.00028944	0.0188279	-0.00882176	0.155574
0.00156176	0.000693265	-3.09437e-05	0.00667246	-0.0198993	0.158779
0.00174169	0.00048899	-0.000148394	0.00693551	-0.0277239	0.17782
0.00194408	0.00030982	-0.000118625	0.00539236	-0.02921	0.191694
0.00110108	3.18346e-05	-2.57159e-05	0.00290621	-0.00930767	0.142294
0.000640502	-0.000158235	1.10709e-05	-0.00309621	-0.0160578	0.135426
0.0004153	-4.73923e-05	1.51117e-05	-0.000619959	-0.0136839	0.0981598
0.000976716	-0.000201476	-5.3917e-05	0.000280354	-0.0138951	0.127408
0.00100627	-0.000466133	-7.96176e-06	-0.00982518	-0.0187024	0.145857
0.00135769	-0.000509109	-1.44886e-05	-0.0082981	-0.0202394	0.160548
0.000345624	0.000106948	1.64451e-05	-0.000391774	-0.0112723	0.0861492
0.00065399	-0.00014973	-2.38826e-05	-0.00367588	-0.0180974	0.121338
0.00102338	8.96432e-05	4.67212e-05	-0.00369223	-0.0110859	0.129736
0.00127394	0.000254423	-7.19518e-05	0.00234862	-0.0201919	0.144031
0.00131572	0.000410297	3.83058e-05	0.00399918	-0.0150263	0.148275
0.000757648	0.000214399	-6.57696e-05	0.00939887	-0.0114154	0.115473
0.000876739	3.89215e-05	-2.63902e-05	0.000639708	-0.0187147	0.124525
0.0015015	3.76308e-05	-4.30145e-05	0.0013809	-0.0252815	0.159638
0.0013948	0.000308645	5.79859e-05	0.000332189	-0.0166561	0.158778
-4.06243e-05	-7.4976e-05	2.22868e-05	-7.70522e-05	-0.00804516	0.106862
0.000464878	-0.00028147	-1.63427e-07	-0.00455484	-0.0133604	0.141648
0.000803766	-0.000435141	-2.34085e-06	-0.00912738	-0.0145887	0.151486
0.00112676	-0.000479739	9.87561e-06	-0.0225931	-0.0107162	0.151963
0.00141174	-0.000670921	0.000172385	-0.0114315	-0.0215533	0.156097
0.000817745	-0.000287616	-3.58378e-05	-0.00470057	-0.0259089	0.122745
0.000576802	-0.000189158	1.86491e-05	-0.00532059	-0.0158602	0.115751
0.00131452	-7.40147e-05	4.46825e-05	-0.00207867	-0.0226372	0.150706
0.000236567	-0.000113874	1.226e-05	-0.00388721	-0.00864928	0.0907784
0.000279759	-3.70348e-05	4.2387e-05	-0.00114761	-0.00833783	0.103197
0.000926125	-8.27596e-05	2.56455e-05	0.00260618	-0.0170419	0.13776
0.000990781	-0.000331759	1.03089e-06	-0.0117365	-0.0225757	0.136335
0.000105287	0.000175532	2.95327e-05	0.00882562	-0.00517591	0.112231
8.11147e-05	-0.000297319	-1.99664e-05	-0.00219309	-0.00746227	0.106466
0.000274998	-7.70094e-05	3.27153e-06	0.00016034	-0.00969489	0.0973508
0.000377009	0.000191584	7.68191e-06	0.00848267	-0.00870089	0.131794
0.000609522	-0.000159054	3.26387e-06	-0.00271709	-0.0108846	0.143113
0.00114067	-0.000387904	0.00010214	-0.00989348	-0.0223361	0.146599
0.000296268	0.000163514	-1.72287e-05	0.00338231	-0.00842879	0.109418
0.000404217	-0.000226604	-5.24987e-05	-0.00183151	-0.0121846	0.0992089
0.000216269	-0.000278259	1.11474e-05	-0.007391	-0.00788954	0.122458
0.000626875	-0.000447346	4.31531e-06	-0.0101067	-0.0122846	0.140861
0.00115151	-0.000591332	3.00391e-05	-0.0110813	-0.015933	0.136412
0.0013811	-0.000582611	0.000117444	-0.0108097	-0.0160367	0.154598
0.000256495	0.000103926	3.84319e-06	0.000391389	-0.0111977	0.0942396
0.000486084	0.000197912	6.71872e-06	0.00363729	-0.0140441	0.11781
0.000484952	-0.000277426	9.71826e-06	-0.00480503	-0.0139058	0.1288
0.00027685	0.000243094	1.11021e-05	0.00910839	-0.0119317	0.124842
0.0010997	0.000367669	2.40875e-05	0.00885483	-0.0196966	0.153335
0.0015462	0.000215092	-5.97636e-05	0.00754507	-0.0247499	0.1703
0.00144768	0.000402251	4.30002e-05	0.00142795	-0.0172727	0.161876
0.00128033	0.00052343	-8.50637e-05	0.00678429	-0.0184734	0.150307
0.000115282	-6.77323e-06	-1.81493e-05	-0.00310296	-0.00703369	0.101111
0.000540419	-0.000278646	-2.6194e-05	-0.000267081	-0.0133337	0.102524
0.000592172	-0.000168835	1.25196e-05	-0.00682321	-0.00997983	0.111081
3.83277e-05	-5.65071e-05	-2.14821e-05	0.00115226	-0.0088385	0.093053
0.000473647	-0.000263993	1.38487e-05	-0.00426068	-0.00949611	0.114782
0.000654514	0.000145774	-4.66689e-05	0.00306762	-0.0118728	0.113214
0.00104478	0.000355196	-4.3481e-05	0.00418688	-0.0180468	0.139423
0.000701954	6.64057e-05	-7.02381e-06	0.00935556	-0.00878498	0.129866
0.000587953	-6.07604e-05	2.24675e-05	-0.00473155	-0.0167353	0.102588
0.000747373	-0.000154207	1.44726e-05	-0.00303882	-0.0133458	0.110037
0.000918122	-0.000445115	0.000107205	-0.0107026	-0.0184888	0.129186
0.000373696	0.000190573	-9.80553e-06	0.00549996	-0.0113759	0.116338
0.000761445	0.00040522	-6.50335e-05	0.0101681	-0.013116	0.136001
0.00128734	0.000575526	-6.61778e-05	0.00806965	-0.014048	0.148587
0.00139119	0.000660153	-9.53823e-05	0.00913126	-0.0151868	0.153888
0.000903921	0.000317039	5.60316e-05	-0.00184115	-0.0202473	0.127762
0.000504393	-0.000223007	8.42635e-05	-0.00491609	-0.0106745	0.11195
0.00128053	-0.000273347	4.22838e-05	-0.00542356	-0.0228475	0.145584
0.00163824	-0.000117094	-1.04995e-05	-0.00344943	-0.0257293	0.172479
0.00106097	0.000490688	1.62871e-05	0.0113197	-0.0220444	0.142632
0.00128966	0.000637695	-4.16122e-05	0.010296	-0.0180276	0.14647
0.00147495	0.000609913	-2.03703e-05	0.00766248	-0.0199154	0.154755
0.000417744	-0.000213689	-2.65485e-05	-0.00391629	-0.0121664	0.102226
0.00107909	-0.000154768	1.96239e-05	-0.00858102	-0.00921595	0.141161
0.00115561	0.000230832	3.23159e-05	-0.000658004	-0.0153649	0.143734
0.00110189	0.000510401	-3.34181e-05	0.0119192	-0.0242846	0.146252
0.00155415	0.000497042	-6.51249e-05	0.00619217	-0.0236707	0.166204
0.00016879	0.000207113	2.27625e-05	0.00174756	-0.00829499	0.0974674
0.00106242	9.19527e-05	2.27167e-05	0.00103412	-0.0196274	0.13204
0.00151288	-6.13236e-08	7.49909e-06	0.00244009	-0.00937757	0.160372
2.50575e-05	2.38834e-05	2.33073e-05	0.00233555	-0.00677823	0.10593
0.000511669	0.000243485	1.9074e-05	0.00461616	-0.0140163	0.136039
0.000537452	1.3055e-05	3.6132e-06	0.0078676	-0.00794752	0.133966
0.000494554	0.000143922	-1.77006e-06	-2.4168e-05	-0.0168125	0.127287
0.00107832	-7.54013e-05	-6.94094e-06	0.00414328	-0.00978728	0.131856
0.000774977	-7.75307e-05	5.68629e-05	-0.00513469	-0.00955944	0.110542
