8.50604e-05	4.56106e-05	-6.81615e-05	-0.00219036	0.00470866	0.0641538
-0.000229243	0.000303656	-3.36982e-05	-0.0528715	-0.0156403	0.0880236
-0.00015001	-4.38111e-05	-0.000471381	0.00765059	-0.0236791	0.0795214
6.83147e-05	0.000221981	-0.000343266	-0.00225092	-0.0276798	0.0691907
0.000107488	0.000302309	-9.0529e-05	-0.00241972	-0.00214339	0.049675
3.8121e-05	0.000273027	5.42407e-05	0.00252627	-0.0226444	0.0474731
-0.000258583	-2.55351e-05	3.20688e-05	0.00615702	-0.0220399	0.0335438
-0.000121955	-4.49205e-06	4.80854e-05	0.00373254	-0.0156197	0.0144822
-3.77049e-05	1.12659e-05	9.38737e-05	-0.00532309	-0.0087168	0.0116587
-0.000153004	-7.59107e-05	4.50824e-05	0.00406279	-0.0115519	0.00575682
-0.00010723	-7.81059e-07	-4.02682e-05	0.00159798	-0.00829621	0.0130881
-8.23695e-05	4.41299e-05	-2.0147e-05	-0.00163891	-0.00937727	0.00940849
-2.44155e-05	9.43729e-05	-0.000102908	-0.0150852	0.003396	0.0192442
-3.74034e-05	1.26034e-05	-1.59221e-05	-0.000995873	-0.0113587	1.94024e-05
-5.61989e-05	-6.72889e-06	3.97023e-06	0.00151376	-0.00998267	0.000335438
-3.64812e-05	-5.9806e-05	-9.8088e-05	0.00663776	-0.0128184	0.00543819
-1.18173e-05	2.14249e-05	2.46354e-06	-0.00495453	-0.00185742	0.00912882
-5.07125e-05	3.45974e-05	-3.3555e-05	-0.00613581	0.000606671	0.00873674
-0.000158439	1.48919e-05	-5.50758e-05	-0.000324085	-0.0053088	0.0140038
0.00013864	-2.2616e-05	-0.000337264	0.0205351	-0.00365222	0.0203157
-2.86805e-05	9.69103e-05	-1.08467e-05	-0.0153561	-0.00893847	0.0131259
-5.20793e-05	-3.9445e-05	0.000238109	-0.00644822	-0.0111603	0.017209
-3.17963e-05	4.16301e-07	-0.000113934	-0.00133341	-0.0103199	0.0119021
-5.84795e-05	-5.19753e-05	-0.0002053	0.00181121	-0.0124084	0.0179891
-0.000152403	2.57547e-05	-4.15788e-05	-0.000275838	-0.0160733	0.0154276
-5.11634e-06	6.43875e-05	-0.000115365	-0.00203774	-0.000502242	0.0101301
-8.20407e-05	3.94012e-05	5.27988e-05	0.000533592	-0.0100014	0.00357942
-0.000232989	6.16259e-05	2.68922e-05	9.12462e-05	-0.00752576	0.0156415
-0.000144722	4.21249e-07	-5.7943e-05	-0.00151249	-0.00887071	0.00581105
5.29009e-05	-5.3843e-05	-8.42344e-05	0.00706613	-0.0198883	0.019499
-0.000165387	0.000209589	0.00013872	-0.0235485	-0.0358003	0.0344703
2.20528e-05	3.34902e-05	0.000121374	-0.00598793	-0.0153967	0.0122327
4.11699e-05	9.04656e-06	0.000150086	-0.00267828	-0.00537587	0.00774411
0.000181466	0.000105653	0.000247042	-0.0176463	-0.000928032	0.0248167
-4.42492e-06	8.73315e-05	0.000320994	-0.0175875	-0.000311046	0.0285615
-9.46413e-05	0.000122632	2.66965e-05	-0.00597956	0.00419607	0.0458049
-9.35628e-05	2.71535e-05	4.97842e-05	0.0011541	-0.000976763	0.0497488
-0.000106548	2.91509e-05	-0.000142708	0.00279896	-0.0256741	0.0275488
-9.81606e-05	1.20906e-05	-4.73388e-06	-0.00612154	-0.0118994	0.00480632
-4.16103e-05	-3.71089e-05	0.00011822	0.00502367	-0.00626921	0.00919966
-7.73007e-05	-1.98646e-05	8.38528e-06	-0.005835	-0.00611212	0.00559256
-7.866e-05	-7.4846e-06	7.32993e-05	0.000537492	-0.00412349	0.0092235
-9.08954e-05	1.6753e-05	-0.000121667	-0.00270871	-0.0090708	0.0105333
-0.000127074	-5.15917e-05	-1.44778e-05	0.000568019	-0.0095144	0.0201368
-0.000162297	-0.00018416	-3.64204e-05	0.0135564	-0.00267394	0.033925
9.18457e-05	-0.00022411	-0.000252194	0.0123278	-0.00921711	0.0327388
-7.52321e-05	-0.00022334	-0.000125289	0.00434239	-0.014756	0.0317013
-0.000424528	-0.000111358	-9.26015e-05	-0.00204134	-0.0110713	0.0408452
-0.000236568	2.08626e-05	0.000139967	0.00523765	-0.00368189	0.0278277
-6.56122e-05	7.10975e-05	2.86524e-06	-0.0157757	0.00115503	0.0162325
-3.97953e-05	-3.17387e-05	1.11808e-06	0.01288	0.0100178	0.0294165
4.23832e-05	3.13131e-05	2.74339e-05	-0.00887027	0.00279537	0.0261496
-3.28302e-05	1.06729e-05	-7.26462e-05	-0.0032152	-0.0176299	0.0106164
-5.56899e-05	1.23706e-05	-9.78798e-05	-0.00194421	-0.0121576	0.0207728
-5.33083e-05	0.000170133	-1.15167e-05	-0.00776905	-0.00841235	0.0236239
0.000194538	-1.51651e-05	-6.58201e-06	0.00935829	-0.0151491	0.0275746
-3.89541e-05	-9.1043e-05	-5.68442e-05	0.00125704	0.00522718	0.0548655
-1.90041e-05	-0.000107218	-0.000224396	0.0219334	0.00599936	0.0556092
1.2369e-05	2.7516e-05	-0.000442513	0.00101518	0.0110368	0.0758218
0.000122493	-4.35472e-05	-0.00043907	0.00353839	0.0144276	0.0605198
0.000320808	7.7054e-05	-0.000300069	-0.0038903	0.00394928	0.0491342
0.000185521	-9.4752e-05	-0.000148962	-0.00473629	-0.00310747	0.0351479
-0.000135318	-3.70216e-05	-0.000200647	-0.00951334	-0.0152402	0.036932
-0.000230041	5.08546e-05	-8.15766e-05	-0.00474685	-0.00509981	0.0360961
-1.93134e-06	7.92649e-05	1.16756e-05	-0.0161892	-0.0154636	0.0220834
-6.76957e-05	5.52507e-05	3.74684e-05	-0.00289505	-0.0121111	0.0335937
-0.00019526	-1.12019e-05	0.000108215	0.0033461	-0.00649439	0.0266801
9.69302e-05	-2.91183e-05	6.73569e-05	0.0128407	-0.00158199	0.0306784
6.62976e-05	-0.000172099	2.99528e-05	0.0150916	-0.00135753	0.0353497
-2.9422e-05	-1.19955e-05	-8.15205e-05	0.0147303	-0.0033188	0.0207111
-0.00013601	-7.09223e-05	1.51206e-05	0.00410874	-0.011502	0.0367298
-6.64534e-05	-7.50448e-05	0.000520346	-0.00622055	0.00136816	0.0331666
-0.000208937	-3.61906e-06	0.000293384	0.00746607	-0.0104296	0.0150633
-8.94632e-05	-2.91868e-05	8.33516e-05	0.00617206	-0.0154382	0.010267
-5.89899e-05	-6.7134e-05	3.13182e-05	0.0167453	-0.00382181	0.0199828
1.50015e-05	-2.13025e-05	-2.70211e-05	0.00451005	-0.00372199	0.00434924
-1.70413e-05	6.65241e-07	3.07975e-05	-0.00301176	-0.0021856	0.00904584
-3.90453e-05	5.55747e-05	1.72276e-05	0.00599524	0.00389834	0.0392004
-0.000279098	8.37655e-05	-4.21941e-05	-0.00197215	-0.00774504	0.0338087
-3.54798e-05	-2.55197e-05	-9.32387e-05	0.0150713	-0.0179745	0.0252989
-0.00010705	-1.4784e-05	0.000105908	0.00208665	-0.0146699	0.0210638
-0.000162943	3.86975e-05	2.36031e-05	-0.00638573	-0.00640736	0.0286066
-4.18564e-05	1.53397e-05	0.000135755	-0.00785707	-0.00400306	0.0210019
-0.000118347	-0.000123269	-3.49122e-05	0.0194945	-0.0163921	0.0183345
3.83732e-06	-6.28628e-05	-0.000362431	0.00678019	-0.0137141	0.0264449
-7.28437e-05	-4.61298e-05	-0.00044229	0.00661018	-0.000475293	0.0359079
-3.44508e-05	6.26857e-05	0.000233791	-0.0153146	0.00419344	0.0346417
3.48875e-05	-3.82953e-05	-7.34388e-05	-0.00525359	-0.00679834	0.043432
8.31452e-05	-0.000160514	-0.000142021	0.01022	-0.022425	0.0193254
-3.21218e-05	-8.06261e-05	-4.53265e-05	0.00643462	-0.0068417	0.0187519
-0.000168685	-0.000230799	0.000384223	0.0206719	0.0135634	0.0280184
-0.000112582	-0.000215361	0.000165421	0.0358641	-0.00875009	0.0350425
-0.000155702	8.57116e-05	0.000107553	-0.00561585	-0.00980786	0.02976
3.16809e-05	2.85124e-05	-9.50095e-05	-0.00281573	-0.0119965	0.0111201
4.48722e-05	7.67187e-05	0.00019604	-0.00967391	-0.00202533	0.015515
-6.03674e-05	9.96855e-05	0.000366718	-0.0169596	-0.00703998	0.0336398
2.874e-05	-0.000118556	-0.000337079	0.0142152	0.00884763	0.0510832
5.90535e-05	8.33105e-05	5.02784e-05	-0.00927647	-0.0072426	0.0243414
-5.56518e-05	-4.04571e-05	2.4229e-05	-0.0033599	-0.0100002	0.025219
-8.08493e-05	-4.24619e-05	5.08482e-05	-0.00565743	-0.00975692	0.0108331
-6.82646e-06	3.73951e-05	2.4233e-05	-0.00244594	-0.010584	0.00666187
-5.90749e-05	5.89772e-05	0.000125704	-0.0151243	-0.00758329	0.0161375
-3.32308e-05	2.70918e-05	2.03664e-05	-0.000693919	-0.0014115	0.0216774
1.88103e-05	1.20214e-05	9.75068e-05	-0.00304704	-0.00906847	0.0181665
7.59293e-05	-7.93705e-06	0.000161801	0.00308444	0.00017921	0.024324
7.21757e-05	-2.69315e-05	1.47009e-05	0.00733161	0.00511124	0.0187997
-7.1048e-05	-2.07698e-05	0.000127978	0.00739192	0.00344548	0.0350725
-4.18753e-05	1.90589e-06	2.50203e-06	0.00703097	0.0114768	0.0378799
-2.81542e-05	-1.37702e-06	1.17533e-05	-0.00826058	0.00645157	0.0583772
-0.000317549	-5.35946e-05	0.000259473	0.00820191	-0.0114001	0.048608
-0.000317383	-8.09122e-05	0.000127081	-0.000189425	-0.0109952	0.0414389
-0.000116124	-5.40557e-05	-0.000423693	0.00956654	-0.00810341	0.0271627
-1.57423e-05	-3.17542e-05	-0.000371445	-0.00102005	-0.00438862	0.0242919
1.97981e-05	-2.20937e-05	9.10204e-05	-0.00628315	-0.00129788	0.033317
-4.05637e-06	7.95091e-05	0.000161236	-0.0158483	-0.0112032	0.0283627
-1.59802e-05	-1.88054e-06	-3.93709e-05	-0.0109948	-0.0281619	0.0429
-0.000280255	-0.000144254	9.02162e-05	-0.0174268	-0.0294271	0.063256
-6.95667e-06	-5.34515e-06	0.000141862	-0.0036309	-0.00705078	0.0565019
-0.000310273	5.18314e-05	4.28549e-05	0.00299041	-0.0359323	0.0368419
-0.000104776	0.000186308	-6.40843e-05	0.00181221	-0.0162634	0.034004
-0.00012049	-4.97188e-05	-4.12598e-05	0.0177921	-0.0299604	0.0455271
-0.000149909	-6.42658e-05	-0.000368202	0.0149435	-0.0414566	0.0480497
0.000168514	-5.94083e-05	-0.000188293	0.0139714	-0.0451781	0.0548207
-7.49109e-05	8.90296e-05	8.2658e-05	0.016873	-0.0346976	0.0385015
-1.44384e-05	2.72106e-05	7.7112e-05	0.00087109	-0.00998673	0.01393
6.64232e-05	8.49386e-05	0.000106738	-0.00739826	-0.0130959	0.0226471
-0.000105383	4.2594e-05	4.51764e-05	0.000474634	-0.0154726	0.0149902
-2.7659e-05	-1.5753e-05	-4.74497e-05	0.00727976	-0.0103928	0.00703723
-0.000121317	6.73298e-05	0.000144021	-0.013632	-0.0246899	0.0275305
-5.69622e-05	3.49655e-05	-0.000136395	-0.0166742	-0.0232456	0.0321029
5.76469e-05	-4.0867e-06	-0.000170454	-0.00292437	-0.0128322	0.0361403
0.000112851	-3.94512e-05	9.88376e-06	0.00288277	-0.0203702	0.0488756
0.000208366	0.000168184	0.000232065	-0.00943171	-0.00799108	0.0687369
-3.35944e-05	0.000179408	0.000172053	-0.00906024	-0.000946162	0.0552339
-0.0001208	-2.22544e-05	9.88127e-05	-0.00224715	0.00302797	0.0311052
-3.23599e-05	-3.40467e-05	-7.73828e-05	0.00335112	0.0120979	0.0342488
-7.96595e-05	6.87289e-05	-0.000148954	-0.0052164	0.00442993	0.0191529
-0.000105988	7.17783e-05	-5.24923e-05	-0.00437629	-0.00333871	0.0138782
-2.49013e-05	1.98328e-05	0.000125982	0.00256436	-0.00816802	0.0167001
-9.14486e-05	-2.23408e-05	4.6893e-05	0.00832553	-0.0125755	0.0131999
-6.6942e-05	-4.66904e-05	0.00016032	-0.00387498	-0.00560246	0.0211132
-0.000115516	-1.75316e-06	6.95793e-05	-0.00267264	-0.0119129	0.00925389
-0.000164367	6.8269e-05	0.000253157	-0.0101172	-0.00370446	0.0322801
-7.87166e-05	0.000121332	0.000468966	-0.0127198	-0.00962706	0.0318696
-3.14798e-05	-9.4061e-05	0.000269509	0.00503041	-0.0264966	0.0540794
0.000148328	1.81838e-06	-8.3768e-05	0.0024201	-0.0322986	0.0777691
-0.000125543	7.43919e-05	-0.000246802	-0.0140899	-0.0343739	0.0565354
2.73668e-05	6.92457e-05	-6.94523e-05	-0.0096916	-0.0318744	0.0547686
-0.000142285	0.000129283	2.51747e-05	-0.0195858	-0.0347755	0.0463378
-0.000187836	0.000294477	-1.89435e-05	-0.033644	-0.0141418	0.0706965
0.000144521	4.66081e-05	4.09214e-05	-0.014251	-0.0130309	0.0522964
-7.36807e-05	3.91225e-05	-0.000197183	-0.00714919	-0.0140959	0.0264985
-0.000158632	0.00010234	-6.48093e-05	-0.0207354	-0.00964518	0.0311619
-0.000125033	9.95266e-05	-7.95834e-05	-0.00782211	-0.0200905	0.0281561
-0.000144071	0.000118041	0.000167085	-0.00905651	-0.0201015	0.0317845
-0.0001232	9.67904e-05	3.43161e-05	0.000188694	-0.016961	0.0304511
5.34574e-05	-0.00012848	-0.000187206	0.00334361	-0.0242758	0.0109548
-9.42106e-05	-9.40708e-05	-0.000283818	0.00413514	-0.0158417	0.012415
-1.47376e-05	-5.70777e-06	-7.54404e-06	0.0012225	-0.00557897	0.00171997
-4.57137e-05	6.76958e-06	5.36442e-05	0.00161486	-0.0107321	0.00768278
-6.32436e-05	4.68272e-05	-3.8265e-05	-0.00491266	-0.0143009	0.0142872
-3.99451e-05	-3.42625e-06	3.41649e-05	-0.00603215	-0.0123769	0.0161962
-0.000105917	-0.000219576	9.52741e-05	0.0158	-0.00717314	0.0228908
-1.59689e-05	-0.000174413	0.000217607	-0.0242331	-0.0051101	0.0345054
0.000232058	-4.78625e-05	0.000266692	-0.0112206	-0.0105715	0.0350193
-0.000208057	9.32976e-05	1.1828e-05	-0.0124049	-0.0171613	0.0259959
-0.00011036	3.22624e-05	0.00011588	-0.00936884	-0.0112268	0.0358017
-9.38362e-05	-2.47042e-06	-3.03617e-05	0.00818778	-0.0170603	0.0185187
6.96015e-06	-3.40339e-05	-7.56652e-05	0.010585	-0.0156949	0.0380527
-0.000208715	-5.79468e-05	-4.13862e-05	0.00533564	-0.00567405	0.0287882
-6.34272e-05	1.12398e-05	-7.95195e-05	-0.00192849	-0.00749306	0.0401175
-0.000114127	-3.25092e-05	-0.000324276	0.00591129	-0.00270029	0.0429891
-5.03119e-05	1.1239e-05	-0.000297657	0.00816749	0.0143091	0.0604343
4.71042e-06	1.02691e-05	-0.000294039	-0.0120273	0.00771456	0.0569393
1.40866e-05	6.54656e-05	-0.000307842	-0.00882258	0.00464073	0.0761058
1.3618e-05	8.88545e-05	-0.000460459	-0.00433701	0.0151959	0.0735259
-8.45687e-05	-8.73936e-06	-0.00016678	-0.00394283	0.0238855	0.0714652
0.00014559	0.000176827	0.000250188	-0.0260284	0.0330205	0.0904259
0.000143373	-9.61175e-05	0.000259347	-0.0116126	-0.000134857	0.0791651
0.000223901	0.000337955	0.000129052	-0.027627	-0.0174151	0.0803307
-0.000579108	0.000252603	0.000201896	-0.0155961	-0.0309739	0.0605052
-1.52913e-05	9.70115e-05	0.000274107	-0.00148664	0.00178267	0.0677333
-0.000103633	-0.00014241	0.000107923	-0.00436365	0.0103232	0.0546338
-3.21416e-05	-0.00034417	-0.000305249	0.0205559	0.00065251	0.0612967
6.67345e-05	-0.000333097	-0.000201968	0.0257154	-0.00889775	0.0340891
-0.000155739	-1.5846e-05	-1.81103e-05	0.00073328	-0.0222853	0.025109
-0.000238004	-6.28521e-05	2.01399e-05	0.0175817	-0.0286679	0.0318909
-0.000276668	-0.000147996	7.58952e-05	0.0191981	-0.0235492	0.0479236
-0.000406047	-9.8757e-05	0.000259694	0.0196363	-0.0199227	0.0418755
-6.63599e-05	-0.000227748	-3.39937e-05	0.0376183	0.00230567	0.047433
-0.000290246	-0.000123521	-0.000248636	0.01528	-0.0182129	0.0391889
-0.000300062	-2.07503e-05	-2.43334e-05	0.00842703	-0.0134766	0.0383764
-0.000198576	-5.72637e-05	1.23962e-05	-0.0145406	-0.0116102	0.0247292
-1.2076e-05	-1.58735e-05	2.61888e-05	-0.00844078	-0.0089136	0.0279125
-4.10196e-05	9.23613e-06	0.000149879	-0.00735193	-0.0218533	0.0205872
-7.56243e-05	-0.000255443	-0.000301565	0.0152039	-0.0217746	0.0636929
-0.00010063	-0.000151725	-4.64721e-05	0.00772702	-0.0258509	0.0555007
-0.000263335	2.1367e-05	8.20801e-05	-0.0106099	-0.0220484	0.07304
-5.21387e-05	9.84096e-05	0.000211081	-0.0179419	-0.0079061	0.0640315
3.91934e-05	0.000171279	0.000121471	-0.0173889	-0.0263433	0.0585787
-2.5069e-05	5.28737e-05	-0.000212064	0.0133809	-0.0201048	0.0552558
-0.000101306	-1.42845e-05	-0.00015012	0.00686953	-0.0326767	0.0266787
-4.7945e-05	-6.21157e-05	-0.000102447	0.0110232	-0.0049317	0.0411939
4.39654e-05	-3.94959e-06	-0.000127559	0.00800104	0.00383659	0.0340834
0.00013	-8.30603e-05	-0.00013018	0.014082	-0.0111345	0.0264645
-0.000161324	-6.67848e-05	4.85901e-05	0.00425856	-0.017075	0.0218592
-4.35561e-05	-2.31962e-05	9.3507e-05	-0.00578969	-0.0239884	0.0252219
-6.46726e-06	-0.000112275	-8.24724e-05	0.00196314	-0.0227904	0.0251592
6.14713e-05	-1.05421e-05	-0.000162212	0.00666959	-0.00640445	0.0169281
-1.54415e-05	-9.18937e-05	-0.000257533	0.00811923	-0.0120084	0.0148286
-9.42293e-05	0.000131237	-3.00038e-05	-0.0172286	-0.0153911	0.0307832
0.000116872	5.21272e-05	9.03735e-05	-0.0200284	-0.00803384	0.0331769
1.59468e-05	5.91765e-05	2.49863e-05	-0.00767135	0.0111618	0.0342342
3.31005e-05	4.55499e-05	2.0818e-06	0.0189904	0.00828228	0.029167
-0.000125982	4.0044e-05	-6.54205e-05	-0.00335167	-0.00298833	0.010298
-0.000123619	4.59605e-05	-0.000403627	-0.00182339	-0.0127446	0.0355059
-0.000228143	0.000109327	-0.000456696	-0.023838	-0.0101321	0.0504797
-0.000215332	-0.000122269	-0.000509506	0.00892328	-0.012556	0.0359736
-0.000274831	6.7057e-05	-0.000178879	-0.0188918	0.0237843	0.0449042
-0.000298843	2.68085e-05	0.000128336	0.0291932	0.0109493	0.0372338
-0.000119055	7.89998e-05	-0.000216253	-0.00163457	-0.0131258	0.0362548
-0.000189574	0.000215092	-0.000141592	-0.0412917	-0.0134975	0.054387
1.27805e-05	2.99362e-05	-0.000149509	0.00304617	-0.0135429	0.0384726
0.000113361	-1.47352e-05	-0.000411107	-0.00420223	0.0133456	0.0431346
-5.92678e-05	9.33534e-07	-7.57235e-06	-0.00302405	-0.00885225	0.0023701
-8.45581e-05	-1.13263e-05	-7.69023e-05	-0.0028397	-0.009593	0.0154741
2.15258e-05	7.34925e-05	5.51225e-05	-0.00271354	-0.00249016	0.0183063
0.000169111	-3.33367e-05	0.000307214	0.00165945	0.0234959	0.0346995
-5.14359e-05	2.45485e-06	1.07249e-05	-0.00185279	-0.0107359	0.000216569
2.7641e-05	-3.40802e-05	-3.94342e-05	0.0104504	0.000827928	0.00585867
6.4539e-06	6.07176e-06	2.97937e-05	-0.00581499	-0.00679419	0.00443202
-0.000142007	3.66641e-05	-0.000123114	-0.012172	-0.00946674	0.0146272
-0.000157521	2.11422e-06	-0.000230525	-0.00508952	-0.0160333	0.0175576
-0.000231019	-2.5573e-05	3.79327e-05	-0.00133362	-0.0165453	0.0207374
-0.000162034	-6.81143e-05	5.64803e-05	0.0149264	-0.0232767	0.0160356
-0.000282193	2.38292e-05	-1.94814e-05	0.0047261	-0.024878	0.0478467
-0.00011126	2.44435e-05	0.000284757	-0.00545907	0.00735488	0.0368973
0.000115167	4.95368e-05	0.00027483	-0.0035741	-0.00164967	0.0341701
3.97939e-05	6.54608e-05	-0.000435657	0.0216036	0.00918646	0.0359474
-0.000216922	-6.48515e-06	-0.000268535	0.00365811	-0.00827461	0.0282575
-0.00018372	0.000130702	-0.000217661	-0.00611936	-0.0132757	0.0224765
0.00028014	0.000150445	-0.00017591	-0.00165835	0.00159008	0.0414031
-2.64179e-05	0.000112317	3.46161e-05	0.0220713	-0.011483	0.0416477
-6.64865e-05	0.000214525	-5.81912e-05	-0.0368704	-0.00403042	0.049838
-0.000106088	-8.12068e-05	-5.0813e-05	-0.0164481	0.00523103	0.0693754
0.000182925	-5.63319e-05	0.000151771	0.00168851	0.0237371	0.0823784
0.000139785	6.97543e-05	0.000458822	-0.0236206	0.0602419	0.109074
8.01659e-05	-5.51266e-05	-0.000630228	0.0368223	0.00458499	0.0478594
-2.03516e-05	0.000230734	-0.000435183	-0.040418	0.00191311	0.0547398
-0.00013535	0.000139646	-0.0005255	-0.0108186	-0.00406576	0.0389233
-6.89161e-05	0.000241387	-0.000793304	-0.0292394	0.0158947	0.0625121
-3.83228e-05	6.04348e-05	-0.000505091	0.00202104	0.00979407	0.0459749
-0.000148356	4.38972e-05	-0.00010129	-0.0229251	-0.00368164	0.0520372
5.08648e-05	3.55929e-05	-5.92693e-05	-0.0175536	0.00345394	0.0523234
0.000249589	3.9553e-05	-6.53543e-05	-0.0152454	0.0137112	0.0757061
0.00016476	0.000362187	-4.37344e-05	-0.0680145	0.0326507	0.0817462
-0.000136663	-2.33965e-05	0.000106383	-0.0182734	-0.000790152	0.0454818
0.00011125	-0.00013107	6.12324e-05	0.0125088	-0.00415416	0.0773358
-0.000133141	-0.00015234	-0.000361493	0.0170105	-0.0186761	0.0339594
-0.000183127	6.73506e-05	-0.000250126	-0.0168182	-0.0255164	0.0470319
-0.000349162	5.95432e-05	-9.16999e-05	-0.00626395	-0.0239714	0.0462958
-6.42632e-05	9.12669e-05	-0.000116986	-0.0170716	-0.0184045	0.0267524
-0.000199503	0.000105783	-0.000422573	-0.0136583	-0.00626087	0.0271334
-0.000154563	1.21217e-05	-3.6689e-05	0.0047577	-0.00786758	0.0486502
-0.000277895	5.45231e-06	0.000281636	0.0183498	0.0133461	0.051315
-0.000341471	9.66088e-05	-0.000793976	-0.0146297	-0.00387484	0.0599861
-0.000146294	-1.15018e-05	-0.000144685	-0.0415907	-0.00500979	0.0474855
-0.000109244	0.000195731	0.000234248	-0.028969	-0.0163755	0.0360588
0.000102514	8.97815e-05	0.000156585	-0.0104143	-0.0142261	0.0267017
0.000249856	7.86654e-05	6.67642e-08	-0.00536106	0.00374435	0.0316122
0.000384063	8.259e-05	0.000139593	0.0013059	0.00647378	0.0308383
0.000361584	9.64446e-05	0.000104837	-0.0284764	-0.00844077	0.0315932
-2.79212e-05	2.01334e-05	0.000121015	-0.0165024	-0.00677418	0.0231631
0.000219862	-1.50704e-05	0.000217017	-0.0192635	0.00984055	0.0297199
0.000121736	-0.000148261	-0.000220556	0.0124112	0.00722788	0.0380813
-0.000140284	-6.04326e-05	-0.000134085	-0.00152901	0.00683308	0.0408255
-4.17272e-06	-9.41759e-05	-4.45558e-05	-0.000412835	0.00952492	0.0423768
0.000141389	7.57939e-06	0.000229495	0.00267638	0.00403497	0.0487337
-4.28693e-05	7.736e-05	0.000330822	-0.022247	0.0278319	0.0511596
-0.000332982	-0.00011841	0.000404538	0.00647774	0.0312744	0.0578492
-9.35949e-06	-7.28701e-05	0.000574693	-0.00932052	0.0346217	0.0522482
0.000214067	5.33003e-05	0.00035976	-0.0154727	0.0297323	0.0451297
-0.000169216	4.1386e-05	0.000160465	0.00235748	-0.00189206	0.0252954
-0.00017082	2.54947e-05	0.000102371	0.00343475	-0.0140488	0.0126842
0.000103181	-8.61159e-05	-9.17974e-05	0.00959571	-0.0044849	0.0187332
-0.000159021	-5.91685e-05	3.47319e-05	0.000624523	-0.0216093	0.0208715
-0.000129629	-4.70025e-05	-0.00018023	-0.00366666	-0.0184626	0.0222058
-9.60492e-05	-4.11465e-05	0.000110542	-0.00555732	-0.0078807	0.0195593
-7.4294e-05	-3.91734e-05	0.000146562	0.00963583	-0.0137985	0.0219199
4.70834e-05	-0.000117406	-0.000176068	0.024053	-0.00974853	0.038195
-0.000174611	-6.96651e-05	0.00019247	0.00550273	-0.00624315	0.014775
-1.11053e-05	-0.00014392	0.000102331	0.0152847	0.00557548	0.0225326
-0.000420681	9.65019e-05	0.000190617	-0.0267202	-0.00819788	0.0512725
-9.35908e-05	0.000138755	0.000273885	-0.0182388	-0.0169877	0.0371738
0.000150951	-7.33111e-05	-0.000268447	0.0234798	0.00343334	0.0465067
-0.000160303	0.000114113	-0.000356124	-0.00391923	-0.00308994	0.0484232
-0.000107776	0.000138476	4.57332e-06	-0.0301642	-0.0166694	0.0770079
-0.000560273	-0.000294126	-0.000154493	-0.0153682	-0.0239832	0.0647813
-0.00050032	-0.000209594	-0.000413059	0.00340281	-0.0485853	0.0708778
-0.000189688	-0.000207365	-0.000135635	0.00117194	-0.0131661	0.0693062
-0.000123833	-0.00024879	2.90158e-05	-0.00349019	-0.00433146	0.0662047
4.36171e-05	-0.000102451	0.000191608	-0.00233495	0.00630297	0.0591489
0.000100878	-0.00012235	-0.000326799	-0.0175216	0.00682006	0.0590793
0.000201292	-0.000165114	-0.000817233	0.00536938	0.00101794	0.0510143
0.000449451	-1.17321e-05	-2.14711e-05	-0.0114652	0.0331274	0.0579047
0.000668183	-0.000139826	7.78103e-05	0.0139224	0.0198895	0.0651623
0.000298288	5.81295e-05	1.62024e-05	0.00769727	0.00888843	0.0326864
9.46885e-05	-9.74852e-05	-3.63903e-05	0.0193386	-0.00350453	0.0432715
0.000175078	3.91326e-05	-0.00035121	0.00421185	0.0113545	0.0366354
1.49979e-05	-0.000110637	-5.0767e-05	0.0151631	-0.00173269	0.0388535
9.93963e-05	-3.40737e-05	-0.000238448	0.0136789	0.00340345	0.0245917
0.000114662	3.02993e-05	-6.44826e-05	-0.0156421	0.00569487	0.028076
6.02425e-05	1.80896e-05	-6.32411e-05	-0.0116656	0.0166841	0.0435086
0.000172172	-8.02256e-06	-0.000267061	0.000670693	-0.00269392	0.034256
-2.19189e-05	0.000159276	8.34422e-05	-0.0277181	0.00954958	0.038083
-0.000119813	3.28825e-05	-4.42733e-05	-0.00473473	-0.0190082	0.026501
-0.000249823	5.87024e-08	0.000189647	0.00510241	-0.0209617	0.0306591
-0.000213294	-2.55288e-05	0.00017981	0.0196135	-0.035972	0.0303355
-0.000105498	-3.71681e-05	0.000100496	0.00708102	-0.0125636	0.00828888
-0.000131173	-6.97662e-05	-2.72673e-05	0.0114343	-0.0109988	0.0170318
-0.000172412	-6.87888e-05	-0.000250129	0.00996555	-0.0178942	0.025887
-0.000104945	0.000115977	-0.000295744	0.00392741	-0.0189527	0.0408879
-0.000182386	4.10608e-05	2.81481e-05	0.00119366	-0.00725761	0.0113457
-8.80829e-05	3.56987e-05	-2.1318e-05	-0.00597995	-0.00632924	0.00849837
-3.58522e-05	5.28838e-05	9.78335e-05	-0.00694338	-0.0116549	0.0101
-0.000120994	3.39329e-05	-0.000126793	-0.000807934	-0.0130395	0.0245653
-0.000160715	4.36434e-05	3.14208e-05	-0.0128795	-0.00772629	0.0283189
-0.000147698	1.73158e-05	0.000154138	-0.00592966	-0.0124396	0.0240224
-0.000198614	7.02345e-05	7.42237e-05	-0.000648872	-0.023799	0.0402026
-1.89878e-05	-0.000213907	-0.000109856	0.0464429	-0.0179342	0.0471683
0.000105908	8.13237e-05	0.000268392	-0.0221661	-0.00328172	0.0203179
8.05427e-05	1.39262e-05	0.000399749	-0.00372588	-0.0095503	0.0277986
4.77474e-05	-0.000104182	-6.10274e-05	0.0056784	-0.00137705	0.0247051
3.58074e-05	0.000116607	8.53729e-05	-0.0163398	-0.016834	0.0201002
1.57371e-05	5.57996e-05	0.000157749	-0.0124143	-0.00906649	0.0315747
-9.25581e-05	-8.0791e-05	0.000101708	0.00545942	-0.00697847	0.00646356
1.21311e-05	-2.07017e-05	-7.78628e-05	-0.00105209	-0.00631019	0.00826497
0.000102968	6.63266e-05	0.000209603	-0.0111704	0.00502749	0.0253818
-9.05494e-05	6.38849e-05	0.000113968	-0.00308916	-0.006758	0.0285119
-0.000150934	-8.01141e-05	-1.17763e-05	0.00959753	-0.011843	0.0405442
-8.09364e-05	-4.60074e-05	-7.38628e-05	0.0191065	-0.0195577	0.0305527
0.000194284	0.00011029	-0.000107132	0.0159871	-0.0089578	0.0471843
-2.5338e-05	1.77063e-05	-4.02891e-05	0.0137273	-0.0012693	0.0336733
-0.000118688	0.000106865	-5.19214e-05	-0.00586179	0.00445757	0.0400231
-0.000338716	0.000130385	9.27788e-05	-0.0111679	0.00272219	0.0370197
-0.000360174	2.18229e-05	2.43419e-05	0.00360209	-0.00605233	0.0356717
-0.000205206	3.67514e-05	0.000279466	0.00602728	-0.0141874	0.029757
-7.25786e-05	0.00013376	0.000523978	-0.00329252	-0.0109375	0.0473451
-0.000126177	-2.6542e-05	0.000295785	-0.00512867	0.0160176	0.0692583
-0.000259848	-0.000255409	0.000134569	0.00430976	0.0216497	0.0468878
-0.000362039	4.0971e-05	7.08124e-05	0.0115731	0.0106063	0.0703106
-0.000212535	-6.53726e-05	-5.16354e-06	0.00827728	-0.0110842	0.0496809
-3.34416e-05	-7.27576e-05	-0.000228449	0.0116214	-0.0255935	0.0329516
0.000298926	-7.62405e-05	-0.000509991	0.0192279	-0.000103789	0.037843
2.07306e-06	7.1353e-05	-0.000145655	-0.00930361	0.0099444	0.047714
-0.000271459	2.75772e-05	0.000166297	-0.00626569	-0.0118717	0.0352805
-2.12416e-05	-0.000156065	9.01477e-05	0.0329805	0.00127754	0.0540656
-0.000108664	-7.81415e-05	0.000393205	-0.00957656	0.00787386	0.0731884
-0.000127388	9.94071e-05	0.000278462	-0.0199754	-0.0140234	0.0410856
-5.52085e-05	0.00013737	0.000309394	-0.0150341	-0.00978885	0.0555711
-9.95581e-06	-0.000224806	-0.000105479	0.0318615	-0.00175076	0.0518883
0.0002747	6.61957e-05	1.00724e-05	-0.0129299	-0.00190694	0.0688774
0.000258675	8.51419e-06	-3.99422e-05	-0.000388927	-0.0175641	0.0646932
0.000118261	-0.000140273	-5.76322e-05	0.00630634	-0.00622057	0.0624253
0.000297373	-3.24671e-05	-0.000221971	0.0115525	-0.00628614	0.0674638
-0.000262874	-0.000100431	-3.85561e-05	-0.0170614	-0.00981757	0.0514368
-0.000203744	-0.000150758	9.3948e-05	0.0112953	-0.00984845	0.0663704
-0.000321392	-0.000166005	-0.000112518	0.00722657	0.00575506	0.0643068
7.46504e-05	9.95681e-05	5.11069e-05	0.0211123	0.00629707	0.0848383
4.4955e-05	5.61514e-06	0.000147342	-0.010135	0.0221576	0.0495894
-6.73229e-05	-3.35824e-05	-0.000145227	-0.00920009	0.0278769	0.0655133
0.000220475	1.85746e-05	-0.000309831	0.00336348	0.0191137	0.0578594
3.86493e-05	4.29231e-05	-0.00035955	0.0036672	0.00236551	0.0506182
0.000139458	3.41305e-05	-0.000340937	-0.00653508	0.0108259	0.0756323
0.000400193	-5.30125e-05	-8.34762e-05	-0.00573531	0.019718	0.0723644
0.000461462	8.60321e-05	0.00069506	-0.0443168	-0.00761312	0.0721974
0.000266814	0.000237605	0.000408347	-0.0426079	0.000430861	0.0689573
9.11977e-05	0.000254632	0.000686259	-0.0478437	-0.01337	0.0842685
0.000168436	0.000271027	0.000852266	-0.0383346	-0.015319	0.0961027
9.25652e-05	0.000149083	0.00106831	-0.0569284	-0.00576831	0.0795194
0.000121264	-0.000386842	0.000898242	-0.0133624	0.00115551	0.0860555
3.58718e-05	-0.000296544	0.000393206	-0.00495583	0.0051277	0.0752622
-1.96279e-05	7.56781e-06	0.000180533	-0.000482193	-0.00525805	0.0318524
-0.000132411	-0.00014397	-0.000178884	0.0060129	-0.00727649	0.0281423
-3.47782e-05	-4.85827e-05	-0.000143417	-0.00644806	-0.00511633	0.033344
-6.94942e-05	-0.000286194	-0.000266947	0.0328954	-0.0217165	0.0647432
-1.28655e-05	-8.48029e-05	-0.000194582	-0.00171889	-0.0301481	0.0456492
-0.000100547	8.05811e-05	1.14224e-05	-0.00183103	-0.0188979	0.0241638
-5.8398e-05	1.65956e-05	0.000110399	-0.0107803	-0.013916	0.0210536
4.61853e-06	-7.18591e-05	0.000301758	-0.000684119	0.00011701	0.0144137
3.47581e-05	-0.000130409	0.000132415	0.012736	-0.00317383	0.0236344
-5.62874e-05	-9.39883e-05	8.40176e-05	0.0103337	-0.00481285	0.00955723
-5.55901e-05	1.23309e-05	2.19757e-06	-0.00178072	-0.010192	0.000120274
-2.30306e-05	-6.79898e-05	0.000121048	-0.00185699	-0.00569853	0.00946755
1.90986e-05	1.34816e-07	0.000177927	-0.00819428	-0.00127958	0.0279563
2.56358e-05	-1.32841e-05	6.43922e-05	-0.00770148	-0.0153714	0.0313745
-0.000179777	6.45105e-05	1.35206e-05	-0.0165223	-0.0239682	0.0494753
-0.000422752	3.2184e-05	-2.06782e-05	-0.00240687	-0.00596887	0.0398428
-0.000440226	7.25223e-05	0.000274971	0.00957082	-0.0238994	0.0343872
-0.000303612	-3.3607e-05	8.38046e-05	0.00861658	-0.0228923	0.0188577
-0.0002683	-6.66349e-05	0.000184572	0.0277539	-0.0271578	0.0501771
-6.49799e-05	0.000141004	0.000223545	-0.00697646	-0.0375754	0.0363849
-0.000253718	0.0001969	4.44017e-05	-0.0081679	-0.0329801	0.0434647
-5.06135e-05	6.66278e-05	-0.000207709	-0.00674493	-0.00636241	0.0352291
-4.37671e-06	4.27832e-05	-0.000103864	-0.00904619	0.00076392	0.016319
5.30393e-05	-6.32473e-05	-8.84332e-05	-0.00558064	-0.00771466	0.0185976
0.000217229	-5.72933e-05	7.007e-05	-0.0201728	0.00408223	0.0328034
0.00017188	-0.00014057	8.52073e-06	-0.027898	0.000709498	0.042353
8.20211e-05	1.9595e-05	0.000217719	-0.0161524	-0.00283891	0.0280621
0.000181375	-0.000140539	-0.000157668	0.00693203	-0.0111823	0.0387183
-0.000124878	-6.06031e-05	7.31288e-05	0.00103066	-0.0125255	0.0213581
-0.000206825	-4.82821e-05	3.64687e-05	0.00352244	-0.00984479	0.0291148
-0.000195953	0.000153011	-8.56609e-05	-0.00782958	-0.00602217	0.0364002
-0.000128834	5.94824e-05	4.0827e-05	-0.00493626	0.000833348	0.0578058
0.000141801	-5.77059e-06	0.000110197	-0.0129864	0.0138694	0.0375202
9.86671e-05	6.65676e-05	0.000203593	-0.00757699	0.0235055	0.0370076
-1.3722e-05	-5.83545e-05	-1.82207e-06	0.0137172	0.0138173	0.0404323
1.35203e-05	-0.000122423	-0.000165519	0.011553	0.00124432	0.0299207
-5.85512e-06	-0.000223122	-0.000134195	0.012617	-0.00960341	0.0330244
-0.00022809	-0.000133508	-4.51984e-05	-0.00238326	-0.000672403	0.0346781
-0.000150497	-8.52111e-05	0.000172395	0.00663095	0.000126371	0.0230403
-0.000123556	0.000134803	0.000300469	-0.0162521	-0.0186191	0.0431542
-4.3853e-05	-1.64315e-05	6.89434e-05	0.0140065	-0.00243865	0.0544411
-8.46488e-05	5.51635e-05	0.000121434	0.0175361	-0.020238	0.0455537
0.000191646	-0.000101282	0.000163785	0.0164016	-0.0154427	0.0530054
-3.66491e-05	-0.000221319	-0.000328136	0.0268483	-0.0027301	0.0595608
-0.000133751	0.000172139	-0.000382333	0.015778	-0.00532023	0.0439361
-0.000326773	0.000370299	0.000415821	-0.0160828	-0.0270594	0.0598545
-0.000260502	-9.30525e-05	0.000165449	0.0156425	-0.0260254	0.0537679
-0.000117406	-9.31353e-06	8.37142e-05	-0.013748	-0.000176322	0.0456029
7.6923e-06	3.78868e-05	0.000131136	-0.0133989	0.00451994	0.0450961
0.000109231	-0.000109477	9.34306e-05	0.00632636	0.0100902	0.0621596
-1.78017e-06	-7.08575e-05	8.13063e-05	0.0127972	0.0166117	0.0643993
0.000129583	-0.000154784	0.000255372	0.0211752	0.0450458	0.0609595
0.00056193	-0.000175028	0.000357114	0.0295993	0.0500718	0.0839576
0.000120539	-0.000256623	0.000112956	0.0257245	-6.14505e-05	0.0685398
-0.000137109	-0.000448297	-0.000158772	0.0442062	-0.00374584	0.0921884
1.89315e-05	-0.000260054	-0.000169334	0.038123	-0.0103003	0.0807471
3.75721e-05	1.11771e-06	-0.00024731	0.00525941	-0.0125837	0.0708263
3.10516e-05	-9.88759e-06	-0.000285248	0.000982042	-0.0103197	0.0372534
-0.000208547	0.000111356	-0.000115617	-0.0249675	-0.0182651	0.0596884
-0.000169079	3.26166e-05	-0.000170287	-0.00481264	-0.0132638	0.0621558
-0.000293689	8.10906e-05	-1.38726e-06	0.0104813	-0.010895	0.0631013
-0.000379059	-8.27717e-05	-4.57434e-05	0.0268682	-0.0297558	0.0691811
-1.93507e-05	6.70719e-05	0.000120686	0.0194326	-0.0124277	0.0723674
0.000276673	-0.000145417	-0.00040705	0.0369906	4.86327e-05	0.0649471
7.4182e-05	-0.000133766	-0.000273216	0.0140184	-0.00543199	0.0556736
9.55145e-05	-0.000178941	0.000182251	0.0222579	-0.000215161	0.0597166
1.37045e-05	-6.4126e-05	0.000238253	0.0105091	0.00484835	0.0260096
3.41742e-05	-6.19482e-05	0.00018834	-0.0017287	0.000458418	0.015827
0.000105213	9.4733e-08	0.000386197	-0.00454881	0.0154475	0.034521
-6.95013e-05	2.07572e-05	3.03449e-05	-0.00282954	-0.00418555	0.0113017
-4.65655e-05	1.22465e-06	-1.35967e-06	0.000157442	-0.00938277	0.00154045
-0.000284894	5.88485e-05	-0.00011191	-0.00133613	-0.0166484	0.0312917
-0.00016857	3.51231e-05	-0.0001076	0.00226117	-0.01246	0.0151765
-4.45476e-05	-7.44706e-06	1.09599e-06	0.00116653	-0.0084688	-0.000754539
-3.52591e-05	3.297e-05	-3.05751e-05	-0.00168829	-0.00408813	0.00698099
-4.26877e-05	5.56019e-05	-1.5503e-05	0.00196505	-0.00256947	0.0111205
-7.59858e-05	1.22094e-05	1.03435e-05	-0.00148605	-0.0130611	-0.000274694
-0.000139164	-3.35351e-05	-6.62946e-05	-0.00979812	-0.000347072	0.0108334
-6.74803e-05	-1.54781e-05	-6.01815e-06	-0.000423338	-0.00703989	0.00248439
-0.000234495	-0.000141423	1.50076e-05	0.013817	0.00157091	0.027726
1.40494e-05	-3.45701e-05	-7.769e-05	0.00459447	-0.00596093	0.00330216
1.14269e-05	-1.01983e-06	-5.97565e-05	0.00121833	-0.0101368	0.00753389
-1.11171e-05	-3.08645e-05	-6.49279e-05	0.00702802	-0.00475964	0.007538
-5.35453e-05	4.6869e-05	-0.000169775	-0.00471596	-0.00651932	0.0217907
-0.000112763	0.000113632	-0.00012371	-0.0192772	-0.00775509	0.0371468
-0.000370306	0.000169947	-4.28108e-05	-0.0131577	-0.0193141	0.0210972
-5.9502e-05	6.28234e-05	-5.75467e-05	-0.00253563	-0.0301401	0.0232375
-5.71495e-05	-7.70218e-05	-9.43144e-05	-0.0108735	-0.0221089	0.0752561
0.000321866	-0.000275596	0.000167655	-0.0270982	-0.0160396	0.100039
0.000270276	-0.000270036	0.000238133	-0.0299391	-0.00766606	0.0787024
4.00805e-05	-0.000221983	-0.000465874	0.00647685	-0.0110549	0.0329595
-3.57953e-05	1.68905e-05	-0.000428006	-0.00766339	-0.00695483	0.0267613
-0.000201386	8.91179e-05	-0.000171773	-0.00604945	-0.0225107	0.0318688
1.55149e-05	2.22776e-05	5.44018e-05	-0.018474	0.000135191	0.0327544
6.10531e-05	-8.08012e-05	0.000171951	-0.000382763	-0.00318224	0.011453
-0.000206811	-0.00023518	0.00013604	0.0310424	0.0115597	0.0373801
-2.94593e-05	-0.000107681	0.00025383	0.0237953	0.000881211	0.042191
0.000243616	1.14089e-05	7.995e-05	0.0108834	-0.00787767	0.0571902
0.00011466	-1.7104e-05	0.000205174	0.0186846	0.00362005	0.047493
0.000157606	0.000119373	-7.84958e-05	0.0103001	0.00991502	0.0425934
2.77978e-05	8.05602e-05	-0.000150294	-0.00564975	0.00953488	0.0371445
7.20775e-07	8.59163e-06	-0.000236483	0.0146752	0.0177973	0.0646428
7.08494e-05	0.000101679	-3.59571e-05	-0.00332498	0.00249993	0.0712337
-7.50242e-05	-4.82736e-05	0.000140786	-0.00403625	0.00642057	0.0452719
-5.6816e-06	2.99679e-05	3.46446e-05	-0.0129046	0.00943068	0.0391504
7.82935e-06	5.22806e-05	0.000518423	-0.0117937	0.0156388	0.0503313
-0.000141613	-3.60628e-05	0.000253671	-0.00428726	-0.00801584	0.03856
-0.000108321	4.61972e-07	-0.000163053	0.00238695	-0.00732453	0.0375062
-1.02558e-05	0.000126391	-0.000161915	-0.0205465	-0.00873306	0.0307754
-0.00013122	0.000210433	7.40204e-05	-0.0226959	-0.000572008	0.0353393
8.77325e-05	3.74488e-05	-3.39239e-05	-0.00393921	0.0113326	0.0347145
6.64965e-05	9.00486e-05	-3.57741e-05	-0.00656823	0.00674307	0.0565553
6.76844e-05	0.000104198	0.000165476	-0.0175129	0.00923296	0.045366
2.69699e-05	9.70671e-07	-0.000566086	0.0159692	0.00596878	0.0665339
-2.22103e-05	0.00013203	-0.000162546	0.00657511	0.00789481	0.0813827
2.20597e-05	-1.92808e-05	-0.000370329	0.014458	0.00276901	0.0611167
-7.52146e-05	8.62188e-05	-0.000503172	-0.00956932	-0.00562227	0.0431735
-0.000227526	0.000145519	-4.64452e-05	-0.018011	-0.0140212	0.039209
-7.20566e-05	-1.91981e-05	-5.04376e-05	0.0163666	-0.00825494	0.0385411
2.27626e-05	-0.000122804	0.000253831	0.0108419	0.0120196	0.0732574
-0.000238041	8.3847e-05	-2.52452e-06	0.0104867	-0.00577334	0.0349539
-1.32746e-05	0.000195787	6.0543e-06	-0.0140807	-0.0166165	0.0413961
6.61467e-05	-1.79524e-05	4.34505e-05	0.0026362	0.00664912	0.0709645
7.39191e-06	-0.000129693	0.00019018	0.0166115	0.00111597	0.0443244
2.24187e-05	3.37209e-05	-0.000294884	0.00152159	-0.002197	0.0274385
-7.91907e-05	6.96127e-09	-0.000194382	0.00767271	-0.0044651	0.0173225
-6.37608e-05	-0.000146176	-5.6044e-05	0.0111403	-0.00761594	0.0251031
6.29132e-05	-2.89619e-05	-0.000177704	-0.00942739	0.0107294	0.0531343
-0.000162381	-0.0001077	0.000141883	-0.00127386	0.00168033	0.0324517
-0.000106184	4.04125e-05	0.000288702	0.00849939	0.0240529	0.0503687
0.000228226	4.89378e-05	-0.000345897	0.0240976	0.0186485	0.0776003
4.7781e-05	7.07052e-05	-0.000395217	0.0071953	-0.000932027	0.110033
-0.000287391	0.000135878	-0.000158136	-0.000367674	-0.0156526	0.0981359
-0.000198994	8.06849e-05	-0.000163999	0.00881579	-0.0146954	0.0788726
-5.12653e-05	0.000152963	-0.000295369	0.0107913	0.000217399	0.0753041
0.000146974	-5.3391e-05	0.000436965	-0.0184123	-0.00682632	0.0631794
0.000149703	7.97683e-05	0.000784365	-0.0260956	-0.0224257	0.0708844
-0.000162869	4.03771e-05	0.000347461	-0.00514103	-0.00259354	0.062406
-9.45496e-05	-3.44393e-05	0.000393882	0.00573279	-0.0169168	0.0587696
9.99892e-05	-0.000105652	0.000230031	0.00870773	-0.0428691	0.0493
4.01856e-05	-4.8121e-05	0.000221076	0.00903744	-0.0302478	0.048028
8.14208e-05	-3.27254e-05	-0.000112318	0.00721354	-0.0185423	0.0400483
-6.51802e-06	-5.71341e-05	3.52931e-06	0.00320914	-0.0222223	0.04323
0.000205508	8.7973e-06	0.000104323	0.00519356	0.0106923	0.0348124
8.56252e-05	8.55289e-05	0.000425767	-0.0127786	-0.00485816	0.0313018
-0.000230498	-4.65918e-05	0.000806016	0.000791083	-0.00866173	0.0387643
-0.000113673	5.94537e-05	0.000538344	-0.000282333	-0.0162777	0.0319337
1.54663e-05	2.07648e-05	0.000210951	0.00561675	-0.018892	0.0249405
-1.44932e-05	0.000120391	0.000301503	-0.0143159	-0.0192133	0.0259813
2.18031e-05	6.51122e-05	9.25755e-05	0.00758466	-0.0116266	0.0385126
-8.52038e-05	-9.98938e-05	0.000151434	-0.00218356	-0.0124277	0.0411181
8.48482e-05	-0.000116328	0.000170608	-0.00353128	0.00835034	0.0387365
0.000108556	-0.000149329	-2.44316e-05	0.0102618	0.000265487	0.0136978
0.000116591	-5.26784e-05	4.71211e-05	-0.000382167	1.45431e-05	0.0145651
2.44726e-05	-2.18625e-05	-1.35962e-05	0.00556108	-0.00784171	0.0268955
-5.96975e-05	5.4597e-05	7.71759e-05	-0.00402294	-0.00301768	0.012437
-5.59289e-05	-7.40087e-06	3.90841e-05	0.00674151	-0.0116886	0.00964906
-2.67269e-05	4.79717e-05	4.90406e-05	-0.0114141	-0.00754775	0.0199249
-0.000149073	2.11717e-05	-2.11262e-05	0.00307595	-0.0132054	0.011183
-0.000120701	1.10191e-05	-1.8289e-05	-0.00493571	-0.0186015	0.0105975
-0.00014045	-3.0187e-05	-0.000166207	-0.0123407	-0.00628453	0.0164875
-0.000168821	3.71836e-05	-0.000127852	-0.0113538	-0.00251747	0.0323144
-0.000283973	-0.000167903	-0.000224346	0.00633133	-0.0153109	0.0320814
-0.000179867	5.27575e-05	-0.000253541	-0.01707	-0.00635136	0.0198216
6.01499e-05	3.52275e-05	6.46624e-05	-0.00733485	-0.0191197	0.0203138
0.000156607	3.4633e-05	0.000116285	-0.0137511	-0.00747804	0.0205235
-4.10139e-05	0.00015886	2.68708e-05	-0.00362117	-0.0131499	0.0216346
-0.000351958	0.000269403	2.38483e-05	-0.0151479	-0.014933	0.0489079
-0.00046928	0.000397821	0.000334421	-0.0172376	-0.0241253	0.0755101
-0.000575905	8.03488e-06	-6.69036e-05	-0.009968	-0.0326015	0.0498075
-0.000289623	0.000151938	6.56899e-05	-0.0260339	-0.02647	0.0453262
-6.40142e-06	0.000118969	-6.11903e-05	-0.00530502	0.00590824	0.026552
-7.08986e-05	0.000164335	-0.000144406	-0.017498	-0.00908213	0.0333359
-0.000228247	7.67757e-05	1.16155e-05	-0.00962624	-0.013976	0.0346778
-0.00033628	8.30775e-05	-3.93957e-05	-0.00174993	-0.0159083	0.0320466
-0.000100871	-0.000150851	1.51979e-05	-0.00573701	-0.00427135	0.0497328
-0.00012114	-1.17315e-05	0.000562978	-0.012772	-0.0149882	0.0459304
-0.000367188	0.000101078	0.000281632	-0.0156079	-0.0112179	0.0494361
-0.000173744	0.000109041	0.000276815	-0.0230048	-0.0195409	0.0407236
0.000123036	0.000100473	0.000337387	-0.017208	-0.0127959	0.0280773
-2.37294e-06	6.97303e-05	0.000121665	-0.00670271	-0.00790841	0.0105176
-0.000105324	4.8722e-05	0.00027325	-0.00852236	0.00547871	0.0509267
-9.66976e-05	5.63474e-05	-3.35944e-05	-0.00569817	-0.00461845	0.0361411
-6.90227e-05	0.000112277	4.17242e-05	-0.0275785	-0.00651987	0.0390399
1.09314e-05	4.99171e-05	-6.07029e-05	-0.00763388	-0.00720077	0.0406894
-9.66698e-05	5.34427e-05	-9.71454e-06	-0.00991672	-0.00240824	0.0391293
-0.000266974	0.000138252	3.92996e-05	-0.0211412	-0.00649816	0.048763
-3.48889e-05	-1.06354e-05	7.74048e-05	0.00700638	-0.0121918	0.0105049
0.000164337	5.34767e-05	-3.52211e-05	-0.00458744	-0.00873086	0.0237161
2.33309e-05	-1.42746e-05	-0.000375534	0.0159471	-0.0137856	0.0441515
0.000148879	5.68718e-05	-0.000216086	0.00997411	0.00481842	0.0320505
5.97759e-05	7.1312e-05	-6.75334e-05	0.000424691	0.00140852	0.0294498
-0.000191609	0.00021583	2.24919e-05	-0.0133447	-0.00393108	0.0317492
2.81425e-05	-1.76683e-05	0.000167121	0.00484669	-0.0119766	0.0155178
-0.000129294	-0.00012189	9.11151e-05	0.030737	0.0138102	0.0523765
-4.12757e-05	-5.53939e-05	2.39036e-05	0.0227656	0.000976293	0.0300212
-0.000122323	-8.48145e-05	-0.000142804	0.0219172	0.000735515	0.0504304
-4.10431e-06	-0.000111143	-8.55593e-05	0.0173757	-0.000882672	0.0233117
2.83426e-05	1.1495e-05	-0.000257331	-0.000282901	0.00603357	0.0343499
6.21512e-05	2.98592e-06	-0.000150506	-0.00984074	-0.0227788	0.0419414
1.21268e-05	2.12428e-05	1.58421e-06	-0.00722312	-0.011585	0.0324712
4.99202e-05	0.000129196	-7.08504e-05	-0.014388	-0.00478667	0.0276664
4.02586e-05	0.000118901	8.69077e-05	-0.0403228	-0.0118792	0.0693406
-7.39579e-05	0.000111211	-2.80093e-05	-0.0158863	-0.0314573	0.0382101
-3.27792e-05	-5.55808e-05	-4.14004e-05	0.0123436	-0.0197072	0.015741
-2.49037e-05	-7.63974e-05	5.09227e-05	0.0101947	-0.00778925	0.0409945
8.50731e-05	-6.02264e-05	0.00054387	-0.00290943	0.00528951	0.0316086
6.67879e-05	0.000150451	0.00050193	-0.0207709	-0.0246732	0.0410875
-0.00016648	-0.000215384	0.000288178	0.00914488	-0.0292757	0.0539841
-0.00012735	-5.40159e-05	0.000160073	0.00811071	-0.022144	0.0170153
-6.71425e-08	-0.000106312	0.000123855	0.0136907	-0.00425168	0.0190265
-5.83676e-05	1.06986e-05	0.000128222	0.0089516	-0.00829474	0.0284284
-0.000143235	7.28001e-06	-0.000324303	0.00455111	-0.00478783	0.0221372
-0.000222088	9.35709e-05	-0.000297762	-0.0147767	0.000603677	0.0218118
-5.33962e-05	-6.02203e-06	-8.99725e-05	-0.000164402	-0.00972915	0.00378402
8.65401e-05	2.1533e-05	5.74963e-05	-0.0106203	-0.0109509	0.0198807
1.14827e-05	-4.87647e-05	-2.82344e-05	0.00917696	-0.0114081	0.0166805
-5.16534e-05	7.88898e-05	0.000195291	-0.00860118	-0.0162882	0.016849
-0.000105285	4.93371e-05	0.000132866	-0.00771876	-0.0159777	0.0145637
-0.00011914	2.74095e-05	6.2381e-05	-0.00591545	-0.00875267	0.0100758
-0.000111707	-1.86594e-05	0.000331302	-0.00251228	-0.014466	0.0227526
-0.000208211	0.000157524	0.000511264	-0.00278933	-0.0145694	0.0450118
-0.000186693	0.000191848	0.000337067	-0.00670177	-0.0231924	0.0375872
-0.000117861	-7.43427e-05	0.000154885	0.0140042	-0.0233409	0.0191943
-8.1857e-06	-2.10004e-05	-3.97699e-05	0.00473208	-0.00576297	0.00634317
-9.424e-05	5.27302e-06	9.55163e-05	0.00569966	-0.00469138	0.0137272
-0.000189305	6.04009e-06	-4.55065e-06	-0.00460859	0.00341099	0.0189946
-0.000167553	0.000104905	-0.000113166	-0.0202705	-0.0170198	0.033488
-0.000159879	6.89889e-05	0.000118352	-0.0153011	-0.0242226	0.0338993
-0.000179905	-0.0002725	-0.000177275	0.053526	-0.0208015	0.0789245
-0.000289238	-3.91909e-05	-0.000187736	0.0148479	-0.0185462	0.0594947
-0.000344256	6.3477e-05	0.000410151	0.00611979	0.0024204	0.0756221
-2.72699e-05	-0.000110503	0.000274053	0.00163423	0.0242864	0.0670197
-0.000381521	-0.000187692	0.000155769	0.0186539	0.0233744	0.0675858
-0.000368305	-0.000164189	-7.37102e-05	0.00786738	-0.030442	0.0455359
-0.000259581	0.000145382	0.000226637	-0.0203465	-0.0500183	0.0556202
-7.4551e-05	0.000376308	0.000508481	-0.0397468	-0.0415904	0.0708962
-1.87124e-05	9.4202e-05	0.00039954	-0.0131439	-0.0277052	0.0391482
-9.26796e-06	-0.000134139	-0.000304018	0.014634	-0.0253784	0.025482
-8.49926e-05	-5.75541e-05	-8.88171e-05	0.004082	-0.00415891	0.0341118
9.30678e-05	-5.08139e-05	0.000108646	-0.00162495	0.0162297	0.053792
-0.000112267	-0.000104696	0.000132061	0.0316266	-0.00758438	0.0419883
-9.86281e-06	-1.55096e-05	-4.7444e-06	0.00713022	-0.01231	0.00670683
-1.1214e-05	-1.94168e-06	2.25878e-05	-0.00206637	-0.00780959	0.00328012
4.83809e-05	3.88822e-05	0.000223982	-0.00634119	-0.00413692	0.0149782
5.52211e-05	-5.31562e-05	-6.97066e-06	0.0156609	0.00298436	0.0280739
-0.000162232	-0.000109789	-7.05411e-05	0.0176236	-0.0194117	0.0207767
-3.19751e-05	9.97432e-05	-5.83481e-05	-0.0160645	-0.00406958	0.0404283
-0.000154161	-3.73136e-05	-0.000521779	0.0250995	-0.000791462	0.0731137
8.2934e-05	0.000326662	0.000278451	-0.0178129	-0.0136692	0.0678512
-9.20488e-05	-0.000114016	-0.000257037	0.0277994	-0.0265177	0.0569223
-0.000229635	0.000101474	-0.000326878	-0.0114043	-0.0223013	0.0259384
7.08838e-05	0.000176641	-7.266e-05	-0.0175031	-0.00726985	0.0319326
5.72393e-05	0.000164364	0.000224382	-0.0294271	-0.00996545	0.0449574
-6.9914e-05	6.13726e-05	0.000210409	-0.0103806	-0.0161146	0.0297615
-0.000221071	4.79744e-05	0.000353872	-0.0123317	-0.0162306	0.0509394
-4.22388e-05	8.59207e-05	0.000281571	-0.017106	-0.002649	0.0472667
0.000122371	-0.00022119	-7.51371e-05	0.0243032	0.00938475	0.0685499
-0.000131733	8.08229e-05	0.000143217	0.00865227	-0.00976664	0.0703128
-0.000110764	7.114e-05	-7.24346e-05	-0.0143954	0.00995794	0.0506624
0.000146887	0.000110373	-0.000463796	0.00785616	0.0280224	0.0570923
4.27649e-05	7.85669e-05	-0.000694769	-0.0120531	0.019695	0.0618474
0.000209288	4.60303e-06	-0.000298566	0.00107419	0.00813694	0.0416554
-4.64218e-05	7.51104e-05	9.65056e-05	-0.00318644	-0.00253756	0.0137893
-1.14109e-05	4.099e-07	-0.000143126	0.0098534	-0.0116796	0.0156526
-2.66731e-05	-5.02461e-05	-0.000318344	0.0254585	-0.00138287	0.0366317
-0.00019678	9.49001e-05	-0.00023814	-0.0035236	0.00588547	0.0449592
-0.000150434	0.000292036	-0.000411059	-0.0239748	0.00921923	0.0273827
-7.12807e-05	3.3436e-05	-0.000180992	0.00699167	-0.00398449	0.0361998
-0.000102899	4.21614e-05	7.88817e-05	0.00546054	0.000963091	0.0299206
-0.000198525	0.000153581	0.000103716	-0.0119185	-0.00356655	0.0402629
2.84263e-06	0.000199817	0.000490974	-0.00909749	-0.00809126	0.0512316
-0.000350619	0.000125716	0.000293475	-0.0102155	-0.0182933	0.0464941
-0.000232642	8.46197e-05	6.258e-05	-0.0253924	-0.0309922	0.05503
-0.000104033	-0.000165203	-0.000220475	-0.00590636	-0.0171483	0.0480336
-0.000279242	1.28364e-06	-0.000241785	-0.00208438	-0.00569913	0.0317376
-3.79922e-05	-1.63232e-05	0.000129613	-0.014324	-0.0189284	0.0477088
0.000136918	-0.000213436	-0.000561762	0.0110878	-0.00985959	0.0570967
9.28854e-05	8.65907e-06	-0.000295028	-0.01372	0.000955855	0.0697236
-0.000472319	-0.000129664	-0.000425621	0.0177764	-0.025469	0.0708148
-3.58975e-05	-8.20188e-05	-0.000601779	0.0202834	-0.0345644	0.077797
-0.000161028	0.000129769	-0.000476536	-0.0205942	-0.0126037	0.0490699
-0.000159872	8.45046e-05	-0.000526535	-0.0191476	-0.0236053	0.0536296
-4.78715e-06	-8.87774e-05	-0.000129646	0.00305759	-0.0236349	0.0836608
-0.0009576	-0.000271767	0.000128728	-0.000921785	-0.00224628	0.0916128
-0.000526367	-9.10858e-05	6.04893e-05	-0.013133	0.00402794	0.0689634
-0.000347114	-0.000121868	-4.16394e-06	0.0128524	-0.0079825	0.0319136
-0.000201384	4.24322e-05	-0.00042571	-0.00233206	-0.00663861	0.0260981
-7.91668e-05	8.25005e-05	-0.000335977	-0.00664469	0.00687412	0.0399161
-1.13168e-05	-1.10876e-05	-0.000145075	-0.00641774	0.00513786	0.0577336
3.34659e-05	-1.93978e-05	-0.000113425	0.00375545	0.00709058	0.0218613
-0.00013469	7.53206e-05	-0.000185513	-0.0112309	0.00135152	0.0192198
-0.000108113	4.14438e-05	4.06449e-05	-0.0158251	-0.00822645	0.0171778
-2.48964e-05	-0.000121978	0.000143018	0.0131736	0.00347441	0.0230037
4.10173e-05	-0.000114158	0.000119727	0.0159927	0.00391004	0.0319251
0.000107497	-8.06712e-06	0.000162717	0.0178951	-0.0104669	0.0375974
0.000113339	0.000129637	0.000373671	-0.0169686	-0.013505	0.0175243
-2.86072e-05	3.5847e-05	-0.000123315	0.00150443	-0.00431194	0.00673206
-0.000185388	4.0506e-05	2.31323e-05	-0.00477153	-0.00604403	0.0152426
-1.11106e-05	-3.30542e-05	0.000336748	0.000422046	0.00766135	0.0222077
3.37925e-05	-0.000138556	0.000100743	0.00932805	0.00109103	0.0181386
-0.000109828	-0.000106869	-4.81127e-05	0.0156985	-0.0185995	0.0181698
-0.000226296	-7.42614e-05	0.000254023	-0.00808657	-0.0309555	0.0430814
-0.000256984	8.74646e-05	3.2801e-05	-0.0147122	-0.00686726	0.0343182
0.000116444	6.59008e-05	4.19905e-05	-0.00367097	0.0080893	0.0151989
9.09557e-05	1.41536e-05	-0.000116178	0.0128402	-0.0052953	0.014647
-2.64179e-05	-5.14897e-05	3.77421e-05	0.00656702	0.000461963	0.00861508
-3.01578e-05	-1.25337e-05	-0.000143775	0.00254934	-0.0111451	0.0090471
0.000110796	6.13709e-05	0.000115309	-0.00151732	-0.00530102	0.0200154
-0.000184432	-0.000111762	0.000434722	0.0350392	-0.00883746	0.0472186
7.38573e-05	1.39718e-05	0.000345458	0.0174645	0.0177395	0.0523514
0.000399316	-0.000400508	-0.000619646	0.0433089	0.0189106	0.0544941
0.00012713	-3.72784e-05	-0.000121842	-0.000338733	2.818e-05	0.0319674
0.00023967	-0.000170489	0.000821726	-0.0103173	0.0110734	0.0495534
-6.36283e-05	-0.00016845	0.000415293	0.0222008	-0.00931528	0.045475
-0.000107004	-3.19103e-05	8.62575e-05	0.00566962	-0.0290058	0.0386838
-8.83539e-05	-0.000121287	-0.000171366	0.00898392	-0.00728966	0.0209775
0.000129141	-1.96759e-05	-0.000162619	-0.006015	-0.00295223	0.0204656
0.000158522	0.000178763	-6.15921e-05	-0.0277505	0.00602639	0.0351976
-0.000312144	1.28297e-05	-0.00018334	-0.00538951	-0.000908136	0.0548264
-8.68079e-05	-0.000177962	-0.000331598	0.0400877	-0.0094659	0.0544959
-9.81845e-05	-3.15397e-05	-8.74333e-05	0.00182174	-0.0154814	0.0175975
1.44892e-05	-7.24762e-05	-8.27442e-05	0.0135096	-0.00620982	0.0141072
4.76417e-05	-6.13821e-05	0.000149525	-0.0120002	-0.0047421	0.0149524
4.28234e-05	-0.000152527	-1.73739e-05	0.0170648	-0.00232237	0.0233357
-6.18663e-05	3.62927e-05	-4.97475e-05	0.00550401	-0.0157908	0.0253397
1.05731e-05	1.54641e-05	-0.00014707	0.0141834	-0.0145015	0.0240514
-0.000103037	0.000145834	-5.38827e-05	-0.014989	-0.00134838	0.0152074
-6.0394e-05	-2.43688e-05	-6.41724e-05	3.117e-05	-0.0128199	0.00194351
7.65795e-07	-5.1585e-05	2.58255e-05	0.0193495	-0.0252661	0.0270126
-1.20959e-05	-9.69837e-05	-7.56679e-05	0.0163513	-0.0180172	0.0239856
4.87495e-05	-0.000100363	-0.000439667	-0.00364273	-0.00971629	0.0323954
0.00019957	0.000170224	0.00010001	-0.0290166	-0.0226232	0.044739
9.48569e-05	3.79396e-05	0.000212417	-0.00320825	-0.0332713	0.0375435
2.24446e-06	-4.85338e-05	-3.8254e-06	0.0131656	-0.00998404	0.0171806
-0.000148876	1.59367e-06	-0.000131227	0.00579143	-0.0212051	0.0212708
9.87865e-05	6.25913e-05	-0.000207393	-0.00446617	-0.0211725	0.0319387
0.000195892	7.27961e-05	-0.000240879	-0.0139588	-0.0352872	0.0520216
0.000210699	0.000139498	0.000274667	-0.0196745	-0.0104527	0.0493054
-0.000307797	5.12685e-05	-0.000105596	-0.0052295	-0.00101232	0.04081
-9.35454e-05	0.000179882	0.000145111	-0.0277318	-0.00557231	0.0371546
-0.000240241	9.35777e-05	0.0002172	-0.00552169	-0.026458	0.0261064
-0.00024271	-8.72514e-05	2.52228e-05	0.0129268	-0.0277197	0.0327982
2.20075e-05	-8.26612e-05	-0.000164556	0.0100391	-0.0213131	0.0215197
-0.00010668	7.58807e-05	8.93799e-05	0.0010254	-0.0113624	0.0214378
-0.000185517	7.69243e-05	1.13324e-05	-0.00741595	-0.0150641	0.0270618
-0.000435711	-2.17515e-05	0.000481517	-0.00791096	-0.0299565	0.0590394
-0.000691429	-0.000217253	0.000511233	0.0170055	-0.0369511	0.0692614
-0.000348618	-0.000287004	0.000643429	0.00855761	0.00875169	0.0853929
-0.000599794	-5.05672e-05	0.000146965	-0.0140478	-0.00584135	0.0810374
-0.000539806	-0.000453743	0.000271562	0.0392509	0.00371196	0.0562078
-0.000249622	-0.000433305	0.000335533	0.0222009	-0.0151561	0.0426443
-0.000106106	-0.000647146	0.000342116	0.0378714	0.00900243	0.0583604
0.000422789	7.97318e-05	0.00080681	-0.0289729	0.0185438	0.0629995
0.000152176	-0.00021587	0.000521172	-0.0220084	-0.00517614	0.075805
0.000201388	-8.79511e-05	-2.39157e-05	-0.00225678	0.0191709	0.0821289
-0.000142477	-8.81335e-05	0.000111297	-0.00714681	0.00479573	0.0644016
-0.000218024	0.000220356	1.67578e-05	-0.0336578	-0.0211438	0.054937
-7.99622e-05	-8.60665e-05	0.000139375	0.0176999	-0.016504	0.0476104
-0.000298084	-1.67603e-06	0.000251361	0.00463833	-0.000856927	0.0470435
1.58128e-05	0.000235254	0.000302397	-0.0157869	-0.00233924	0.063035
-0.000283865	0.000326691	0.000181436	-0.0170411	-0.0152239	0.0541871
-0.000298123	-6.43613e-05	-0.000219562	0.00201936	-0.0374354	0.0457919
-0.000298538	-6.82393e-05	0.000270965	-0.00261223	-0.0114728	0.0507928
9.77887e-05	-0.000171731	0.000312748	0.0255025	-0.00218486	0.0458629
-1.26254e-06	-0.000135351	-0.000862986	-0.00382858	-0.0110706	0.0541671
-0.000234794	0.000131862	-0.000351994	-0.018921	0.00148939	0.0780427
2.82228e-05	4.42577e-05	-0.000244866	-0.00757696	0.0113226	0.0492802
-4.44617e-05	0.00014955	-0.000249338	0.00574639	-0.0033773	0.043375
5.74408e-05	6.44895e-05	-0.000159004	-0.00617614	-0.000535694	0.0503225
0.000107311	9.73527e-05	-3.14346e-05	-0.0189353	0.0139151	0.0581815
9.71402e-05	-3.48701e-05	-4.18164e-05	0.00391472	-0.000908112	0.0389096
0.000342005	-4.23809e-05	-0.000193748	0.028365	0.00890935	0.0715236
0.000365851	1.75153e-05	-0.000238356	-0.00674499	-0.00753533	0.0905287
0.000200907	8.18424e-05	-0.000223719	-0.0144842	0.0296459	0.0553791
0.000167583	1.18046e-05	-0.000182063	-0.00938939	0.022768	0.0665727
-0.000109254	-3.38088e-06	-0.00026338	-0.00901193	0.0048859	0.0284941
-0.000172655	-3.69588e-05	-0.000120351	-0.00636524	0.00469737	0.0392078
-3.45779e-05	-9.32034e-05	-0.000138784	0.00454111	0.00263304	0.0279819
-0.00013637	-0.0001112	-7.14226e-05	0.00502807	-0.00184724	0.0330621
8.97645e-06	1.94774e-05	8.14547e-05	-0.0118917	-0.011685	0.026971
-9.54905e-05	0.000139582	-2.06911e-05	-0.0108705	-0.0164663	0.0391781
-0.000136183	-3.24561e-05	-0.000245828	0.0128464	0.00802503	0.0612817
-0.000422296	-0.000153771	-8.49403e-05	0.0185621	-0.00949347	0.0618236
-0.000236859	-3.0933e-05	-5.90777e-05	0.0174383	-0.013645	0.0616062
-0.000446684	-0.000144163	-8.87786e-05	-0.00226394	-0.0231062	0.0723778
-0.00029237	-0.000182732	0.000210918	0.00666343	-0.00916955	0.0299978
-0.000329204	-0.000101569	-0.00014986	0.0108956	-0.0109506	0.0276955
-0.000163416	-0.000110582	3.21843e-05	0.00842325	-0.0155619	0.0116278
8.23333e-05	-6.19364e-05	8.70542e-05	-0.00263599	0.00265219	0.021034
5.51078e-06	-7.36627e-05	0.00012806	-0.00205559	-0.00749371	0.0407953
-6.12121e-05	-5.90236e-05	0.000238648	0.0042826	-0.012952	0.0367784
1.81591e-05	-0.0001562	0.000223667	0.0119348	-0.00315367	0.0381735
5.96079e-05	1.82583e-05	5.89194e-05	0.00386287	-0.0181464	0.0274476
8.56504e-05	5.33652e-05	0.000258857	-0.00351964	-0.0181402	0.0263416
-8.31656e-08	7.54721e-05	0.000138347	-0.00353715	-0.0205412	0.0181393
-8.83853e-05	0.000125698	9.32376e-05	-0.010264	-0.00913042	0.0196186
-3.85351e-05	9.73014e-05	5.20853e-05	-0.0118312	-0.0113971	0.0336155
2.91662e-05	0.000175514	0.000535709	-0.00933484	0.00426175	0.073363
-0.000434692	0.000104019	0.00055495	0.0211749	0.0147761	0.0844513
-0.000149687	0.000134696	0.000196799	0.0246319	0.01374	0.0908298
0.000152145	0.00010028	8.16396e-05	-0.0107229	0.00263693	0.0488789
-4.97948e-05	-2.43273e-06	0.000206146	-0.0153311	0.0179823	0.065639
0.000265472	8.60065e-05	-7.59335e-06	-0.00402526	0.00636466	0.0360575
2.09168e-05	1.59071e-05	-0.000273339	6.19246e-05	-0.00526135	0.0330266
-0.00013004	-9.37975e-05	-0.000270584	0.00370622	-0.0108113	0.0249188
-0.000131076	-7.38989e-05	-0.000138585	-0.00292313	-0.009373	0.0404368
8.53098e-06	2.26651e-05	7.62232e-06	-0.00392648	0.00310285	0.0403082
0.000138892	2.71141e-05	-4.65396e-05	0.0131411	0.00224927	0.0424732
0.000118484	0.000112987	-0.000139062	-0.000949164	0.0121067	0.0478388
0.000119945	-7.52753e-06	-0.000104878	0.00910214	0.00534325	0.0347892
-9.45768e-06	-3.5608e-06	-0.000138524	0.000550513	-0.0192975	0.0291518
-9.1051e-05	-6.67968e-05	-6.13881e-05	0.0269142	0.00032511	0.0500277
2.78151e-05	6.7206e-05	-4.81486e-05	-0.0126586	-0.0069282	0.033732
-6.7354e-05	1.85979e-05	9.12614e-05	-0.0163972	-0.00545063	0.0355004
-2.01634e-05	4.47893e-05	0.000102429	-0.019908	-0.00359558	0.0333666
6.73195e-05	5.51186e-05	0.000197691	-0.00631563	-0.000846455	0.0348875
-0.000127923	-9.73931e-06	0.000158101	0.00452682	-0.00794876	0.0227093
-0.000188319	3.16363e-05	0.000198453	-0.00877504	-0.00947154	0.0374805
-0.000335587	5.5909e-05	-3.38626e-05	-0.0112906	-0.0390531	0.0442945
-0.000131134	-1.48442e-05	-0.000135953	0.00717042	-0.00651803	0.0632918
-0.000456615	3.63743e-05	0.000141847	-0.021644	-0.00781362	0.0569732
-0.000396741	5.13857e-06	9.8952e-06	0.00368251	-0.0161595	0.0254246
-0.00029332	0.000110947	0.000282938	-0.00705065	-0.03349	0.0282008
-5.47539e-05	-4.56838e-05	7.52937e-05	0.00252229	-0.0131048	0.0332446
0.000128671	2.49694e-05	-0.000216172	0.00526645	-0.00368063	0.0268587
0.000187956	0.00013752	0.000151358	-0.0147576	0.014482	0.0318611
0.000242843	-9.83651e-06	0.000124194	-0.00362124	0.000171019	0.0228516
3.07468e-06	-4.21079e-05	0.000126639	0.00895546	0.00508885	0.0265999
2.0132e-06	2.06272e-05	-2.87588e-05	0.0123999	-0.00946478	0.0261946
-4.04811e-05	0.000199498	0.000372918	-0.0106466	-0.0160648	0.0221056
-6.74146e-05	9.08122e-05	9.78716e-05	-0.00575964	-0.014543	0.0127161
-0.000104508	5.30097e-05	-0.000166702	0.00192406	-0.0121265	0.0252442
2.60378e-05	-3.37496e-05	-0.000108793	0.00395786	-0.0138448	0.00992235
2.94884e-05	-9.47748e-05	-9.71036e-05	0.0142081	-0.0143364	0.0207319
8.09708e-05	-3.29426e-05	0.000186479	-0.00352699	-0.00307728	0.0199986
-1.26372e-05	-4.13876e-05	0.000288542	0.00480518	-0.00714182	0.0170352
-0.000141461	-5.39473e-05	0.000284146	0.0168756	-0.00586316	0.0267369
-0.000220167	2.20907e-05	0.000141436	-0.000747779	-0.0179765	0.0296622
-2.46624e-05	2.46518e-05	0.000244725	0.00680641	-0.0100421	0.0494178
-0.00016949	0.000141568	0.000149734	0.00927064	-0.00431234	0.0513358
3.18565e-05	7.21556e-05	0.000247893	0.00118481	-0.00527954	0.0476908
-4.3213e-05	0.000146756	-4.72367e-05	0.00155854	-0.0066036	0.049265
-0.000326529	0.00012916	-6.90088e-05	0.00469602	-0.00418802	0.0518246
0.000130369	-4.4524e-05	-0.000500685	0.0182149	0.00537271	0.0360007
0.000291746	9.63522e-05	-4.70579e-05	-0.0142604	0.0111461	0.0365139
-3.32764e-06	8.92782e-05	-0.000226978	-0.0111526	-0.00017159	0.0287828
-0.000102778	0.000164694	0.000129455	-0.0193203	-0.010895	0.0201649
-8.52691e-05	-3.47125e-05	2.31983e-05	0.00593641	-0.0141141	0.0156293
-0.000140646	-0.000118087	-9.77897e-05	0.0265942	-0.00800365	0.0264399
1.46013e-05	-0.000104738	-0.000338803	0.0157501	-0.0319249	0.0413853
1.31163e-05	-6.56382e-05	-0.000155633	-0.00193246	-0.012612	0.0113576
-0.000119504	4.14722e-05	-0.000170884	-0.0184173	-0.0167886	0.0279973
-0.000154008	8.88671e-05	-0.000149716	-0.0162077	-0.00947056	0.0238077
0.000160112	-1.0333e-06	-0.000241799	-0.00287633	-0.00693569	0.0251592
0.000172107	-2.68237e-05	-0.00019541	0.00659788	-0.00152112	0.0279633
-5.66071e-05	-6.75122e-06	4.92979e-05	-0.00329903	-0.00975001	0.0227989
-9.73928e-05	-0.000108118	0.000151412	0.0126252	-0.00176487	0.0274675
-9.14099e-05	-0.000194222	8.93756e-05	0.0172071	-0.0162599	0.034014
-1.10978e-05	4.86721e-05	0.000396518	-0.00792443	-0.0114638	0.0372528
-0.000125298	-9.04415e-05	2.17643e-05	0.03465	-0.0293038	0.0392815
7.58443e-05	-7.67139e-05	1.55315e-05	0.0179607	-0.0145184	0.0459985
6.93825e-05	-8.91368e-05	9.39105e-05	0.00755613	-0.0212393	0.0467717
-0.000259633	1.17689e-05	0.000190457	-0.00530402	-0.0082705	0.0449018
-6.35838e-05	-0.00012083	0.000126303	0.0217166	-0.00293715	0.0288805
-0.000109484	3.09484e-05	0.000119583	-0.00483207	-0.00164256	0.0251714
5.89271e-05	-4.84872e-05	0.00024671	-0.00307454	-0.000703019	0.0199231
-0.000147289	-6.01166e-05	-9.63068e-05	0.00592378	-0.017784	0.0202092
-3.90668e-05	4.71395e-06	-3.45209e-06	0.00107404	-0.0128117	0.0117431
-6.16407e-05	-1.31107e-05	-9.84196e-05	0.0038733	-0.00465535	0.010741
-3.04663e-05	4.03624e-06	-0.000143548	-0.00591646	-0.0140203	0.0168889
3.96263e-05	-0.000111883	-7.83718e-05	0.00437868	-0.0137619	0.014293
-0.000187939	-2.26789e-05	-5.45405e-05	-0.00356189	-0.0337466	0.0277886
-0.000207626	-4.98303e-05	0.000169119	-0.00360876	-0.0270867	0.0463509
-5.18322e-05	-1.44786e-05	0.000186631	-0.00821674	-0.0269431	0.0360892
-5.84293e-05	-1.96289e-05	0.000376921	-0.0112053	-0.0162139	0.0288852
-0.000185577	-7.32816e-05	0.000306	0.00988234	-0.0161721	0.0368995
-4.33441e-05	-9.62557e-05	-6.22263e-05	0.0131991	-0.0104702	0.0563664
2.71974e-05	0.000121245	0.00010086	0.00237702	-0.0248724	0.0427452
-0.000252514	0.000112805	-1.41311e-05	0.00438652	-0.0370951	0.0416
-0.000251973	-1.12209e-05	4.882e-05	0.00930248	-0.0416424	0.0513809
-2.51905e-05	-8.30368e-05	-0.000139454	0.0210115	-0.0211601	0.062681
-0.0001483	-3.20552e-05	9.17226e-05	-0.00517923	-0.0259288	0.072616
-0.000114558	0.000115661	0.000200544	-0.0181801	-0.0261651	0.0666533
-0.000148349	0.000200771	-9.76626e-05	-0.0141141	-0.012514	0.0707675
-2.5575e-05	7.64428e-05	0.000167452	0.00122845	-0.0103566	0.0370873
-5.01067e-05	0.000110401	7.0887e-05	-0.0105135	-0.0117783	0.0403863
-9.02922e-05	4.74168e-05	0.000103356	-0.00538484	-0.0242439	0.0394118
-0.000164875	9.45106e-06	-0.000136773	0.0162067	-0.0225006	0.0548135
-0.000110333	0.000312497	8.47125e-05	-0.0195759	-0.0353042	0.0708038
-0.000241507	0.000223668	-0.000542363	0.0135674	-0.00672952	0.0618247
0.000113405	0.000120407	-0.000282645	-0.00683144	-0.013041	0.058568
-5.76354e-05	3.41538e-05	-0.000240199	0.00019923	-0.0115202	0.0568513
5.58712e-05	-0.000219362	-9.89539e-05	0.0145631	-0.0101871	0.0478591
-0.0002075	-8.10194e-05	-8.12481e-05	0.00583343	-0.0134661	0.0370244
-0.000131906	3.7954e-05	-1.84342e-05	-0.00143137	-0.0192292	0.0234388
-0.000332351	3.57129e-05	-0.000166797	0.00566544	-0.026039	0.0622929
-7.6197e-05	1.26041e-05	-5.76724e-05	-0.00194501	-0.0261739	0.0239954
-0.00023431	3.7836e-05	-0.000127929	-0.00275009	-0.0382353	0.0577413
-0.000327973	0.00019798	0.000104107	-0.0152708	-0.0187876	0.0874799
-0.000271131	0.000171089	6.89399e-05	-0.0223496	-0.0176564	0.0765401
-0.00033397	0.000146723	3.33221e-06	-0.00394821	-0.0291384	0.0766314
-0.000338818	0.000214728	0.000119084	-0.0125921	-0.0334624	0.088228
-0.000308579	0.000143899	0.000399656	-0.00580276	-0.0182422	0.0994683
-0.000563867	5.90767e-05	0.00039954	0.0112459	-0.00797641	0.10525
-0.000261047	7.69579e-05	4.28338e-05	0.0183469	-0.0132365	0.0826657
-0.000136256	-4.74587e-05	-0.000513279	0.0275295	-0.0112065	0.065388
5.56185e-05	0.000117229	-9.26784e-05	-0.00356986	0.00238954	0.0817239
0.000400729	0.000135225	0.000222258	-0.0206748	-0.00520847	0.0837919
-9.36248e-05	0.000232099	0.000123424	-0.0125695	-0.00946886	0.0400923
0.000112402	0.000254036	0.000139293	-0.0153998	-0.00526928	0.0506893
-4.00247e-05	0.000101227	0.000133195	-0.00968616	-0.0186975	0.0413912
0.000152023	7.01332e-06	-1.26687e-05	0.00946466	-0.00521341	0.0488033
-0.000166343	-0.000141249	7.78674e-05	0.0111039	-0.00381029	0.0954457
0.000100399	-0.000364955	-0.000387096	0.0397553	-0.00469929	0.057416
-9.25213e-06	-2.21646e-05	-4.65621e-06	0.0120152	0.0111243	0.0573228
0.000114875	0.000114001	-0.000132158	0.000191334	0.0347643	0.0830782
-3.43075e-05	0.000296426	-0.000194552	-0.0115457	0.0253601	0.0983196
0.000206443	-2.7315e-05	-1.66722e-05	0.00230305	-0.0115632	0.0643366
0.000262529	5.41306e-05	1.51715e-05	-0.00154587	-0.0369157	0.0689467
-3.22985e-05	5.50923e-05	0.000122191	-0.00531937	-0.015607	0.0642153
9.93127e-06	-2.72231e-06	-8.55916e-05	0.00756614	-0.0237843	0.0517818
-0.000313651	0.000122726	-4.02258e-05	-0.00260616	-0.0265556	0.0705038
-0.000357567	-5.18718e-05	8.04556e-05	0.000780603	-0.0171741	0.0806936
-0.000267285	0.000143704	2.86097e-05	-0.00727605	-0.0250332	0.0703629
-8.38803e-05	3.32344e-05	0.000371475	-0.00654217	-0.0163141	0.0672054
-8.51284e-05	6.06067e-05	0.00044457	-0.00804482	-0.0314365	0.0745171
-2.47225e-05	-0.000160872	1.10967e-05	-0.000991339	-0.034074	0.0655082
-0.000509929	4.27681e-05	0.00012355	-0.0224971	-0.0390094	0.0830275
-0.000131192	-0.000176146	0.000369826	-0.00101048	-0.0161231	0.0675345
0.000119229	-8.10784e-05	0.000414159	0.00673781	-0.0140199	0.0604644
-5.91659e-05	-0.000262502	0.000137874	0.0450894	0.0127956	0.0679466
-5.47865e-05	7.62509e-06	0.000518599	-0.00527904	-0.00126089	0.0466793
-1.78054e-05	-0.000110486	5.5299e-05	0.015519	0.0011771	0.0312377
0.000134139	-1.60947e-05	6.35874e-06	0.00337518	0.0075987	0.0154611
-7.63247e-05	0.00012255	3.72315e-05	-0.0233144	0.00749482	0.0508892
-0.000106912	-0.000100102	-0.000322632	0.024641	0.000504033	0.0571123
-2.73757e-05	-0.000240036	-0.00027568	0.0213616	0.00420179	0.0714948
-0.00010342	-0.000204092	3.08109e-05	0.023917	-0.0176979	0.0485224
-0.000127857	-7.48108e-06	-1.65952e-05	0.00573033	-0.0124656	0.0363808
-0.000109334	-4.2735e-05	-0.000161474	-0.00854922	-0.0174499	0.0132339
0.000123415	-5.44651e-05	8.63842e-06	0.00316243	-0.0076355	0.0273642
-4.01737e-05	-0.000103479	4.55398e-05	0.0174413	-0.00495837	0.0223757
7.31697e-05	2.22598e-06	0.000130561	-0.00789663	-0.0002105	0.0207005
0.000212393	-1.29605e-05	-0.000231741	0.0037345	0.00791269	0.0509961
-0.000138168	-9.57802e-05	-0.000485254	-0.00354495	-0.0139614	0.0417679
-0.000130725	3.03746e-05	-0.000378447	-0.0212315	-0.0350319	0.0437121
-0.000193061	-5.98249e-05	-4.62749e-05	-0.00478494	-0.0370729	0.033736
-0.000252265	-2.53075e-06	0.000102676	-0.0090163	-0.017638	0.0397927
-3.57386e-05	-2.59862e-05	0.00021977	-0.00364115	-0.004104	0.0557471
-0.000462609	0.000130491	-0.000287983	-0.0324497	-0.0236431	0.0727668
-0.000491168	0.000263405	0.000110148	-0.0151789	-0.0218714	0.071612
-8.97291e-05	0.000166462	0.00102493	-0.00320396	-0.0201287	0.073316
-0.000150666	8.2005e-05	0.00111491	-0.0121244	-0.0380289	0.082134
-0.000186913	6.44617e-05	0.00125828	-0.00930717	0.0033863	0.0724373
-0.000369246	0.000114763	0.00102058	0.0117528	-0.00298218	0.0783166
-0.000185017	9.72215e-05	7.13438e-05	-0.004798	-0.0160465	0.0490824
-0.000327485	-0.000161954	8.92843e-05	0.024028	-0.021749	0.0345014
-0.000114171	-0.000216445	-0.000191156	0.045416	-0.0121397	0.0677849
-0.000117682	9.31905e-05	-0.000452435	-0.00302748	-0.00940577	0.0552295
4.00377e-05	-0.000163172	-0.000437699	0.00456384	0.000698841	0.0461323
8.19486e-05	0.000159118	-0.00092235	-0.0310968	-0.00715374	0.0613093
0.00014444	-0.000203607	-0.000691472	-0.00634731	-0.0127835	0.0568524
7.58714e-05	-0.000386176	-0.000529993	0.0151186	-0.024443	0.0394326
5.98483e-05	-0.000120127	-0.000794864	0.0169186	-0.0150839	0.0394308
3.95654e-05	2.36763e-05	-0.000253327	-0.00586237	-0.0234373	0.05103
-0.000184035	-9.84641e-05	-0.000359369	0.0029723	0.000359245	0.0896095
-0.000514541	4.99842e-05	0.000177801	-0.0203248	-0.0663253	0.0722858
-0.000265603	0.000197645	0.000587118	-0.0131045	-0.0519468	0.0520497
-6.23419e-05	7.87204e-05	0.00037222	-0.0187737	-0.0210792	0.0336769
6.98747e-05	0.000103039	0.000306927	-0.0203981	-0.0110505	0.057364
2.36303e-05	3.20366e-05	8.44997e-05	-0.00433619	0.0190239	0.0600353
-0.000195737	0.000197155	0.000247896	-0.0223812	-0.017039	0.0379559
-4.61969e-07	6.68538e-06	0.000695296	0.0195196	-0.0192266	0.0552268
7.40211e-05	-0.000189018	0.000162391	0.0570264	0.000367978	0.0647534
4.81886e-05	-0.000145827	0.000158871	0.01579	-0.000219945	0.0491666
6.62568e-06	-0.000204155	0.000118752	0.0278242	-0.0184032	0.0392436
1.96595e-05	-4.58199e-05	-4.89579e-06	0.00730608	-0.00637939	0.00618011
-0.000120669	7.27363e-06	1.44172e-05	0.000778883	-0.0157838	0.00291732
8.24468e-05	2.67199e-05	-0.00016052	0.0112287	0.00213222	0.00851286
0.000149753	0.000297009	0.000148369	-0.0177308	-0.00668665	0.026616
0.000115529	0.000122537	-0.000139713	0.00899898	-0.0208277	0.022921
0.000194284	0.000192594	-2.69164e-05	-0.00989849	0.000811164	0.0233846
0.000238561	0.000170465	-2.78949e-06	-0.00788582	-0.0131216	0.0338589
-7.68728e-05	0.000248229	0.000342848	-0.00370928	-0.0332911	0.0329773
0.000106686	0.000285688	0.000471327	-0.01517	-0.0258419	0.0177176
3.76218e-05	0.000247303	0.000324153	-0.000474265	-0.0135585	0.0271704
-0.000192212	2.20627e-05	0.000206716	-0.00674132	0.00090029	0.022016
-0.000190762	-6.04589e-05	3.85251e-05	0.00466753	-0.0103717	0.0120356
-8.12626e-05	0.000110543	6.6957e-05	-0.00758049	-0.0135193	0.00897944
-9.79923e-05	-5.53078e-06	0.000265027	0.00919949	-0.00720335	0.0149399
-8.04197e-05	1.80779e-05	7.64459e-05	0.00220926	-0.0124852	0.00414424
-0.000160697	-7.22409e-05	0.000226049	0.0109687	-0.0103769	0.0191703
5.95989e-05	-5.44743e-05	0.000121015	-0.0100854	-0.0103401	0.0133692
-9.49236e-05	4.05882e-05	-5.389e-05	-0.00212144	-0.00572567	0.00385727
-5.51519e-05	2.53506e-06	-0.000137072	0.004724	-0.00565839	0.00846384
3.23555e-06	1.1087e-05	3.56071e-05	0.0114614	0.00611065	0.0151005
-5.14852e-05	3.3082e-05	1.70257e-06	0.00865142	-0.00390604	0.00929543
-0.000154344	5.84137e-05	0.000130337	-0.00609486	-0.0017456	0.0166601
-7.68618e-06	-0.000105296	-6.5969e-05	0.0110396	-0.00649609	0.0126958
-3.10453e-05	2.63785e-05	8.08273e-05	-0.000713846	-0.00900542	0.00528917
6.65228e-05	0.000141701	-0.00018603	-0.0061447	-0.00132122	0.0179563
-9.7849e-05	0.000260908	-0.000142913	-0.0156147	-0.000411506	0.0275416
0.000187981	0.000371193	-0.000118714	-0.0260541	0.0240029	0.0391598
0.000131892	0.000237343	9.03136e-05	-0.0184876	0.00554611	0.0219325
7.70492e-05	2.22315e-05	5.87107e-05	0.00930179	0.0083551	0.0248383
-3.13689e-05	6.10205e-05	-0.00010308	0.0132712	0.0143366	0.0352699
-2.87099e-05	0.000140492	-5.14799e-05	-0.0110236	0.0103119	0.0239235
-3.33007e-05	1.76167e-05	0.000151146	-0.00139925	0.00260588	0.0257684
2.6037e-05	2.2823e-05	2.01509e-06	-0.00493388	0.0077052	0.0509043
0.000197953	0.000218494	6.13466e-05	-0.0198438	0.018911	0.0480988
-0.00016979	1.1645e-06	0.000142218	0.00303131	0.0140702	0.0341209
-0.000337019	0.000106491	-0.000240814	-0.027345	0.00045318	0.0371115
-0.000292356	8.88009e-05	-0.000237405	-0.00291701	-0.00302182	0.0231546
-0.000119982	0.000310179	3.10468e-06	-0.0277245	-0.018008	0.0273415
1.39465e-05	4.69914e-05	-0.000311607	0.0248982	-0.00181125	0.0486716
8.95362e-05	7.93531e-05	0.000132478	-0.0197716	0.0011134	0.0479622
-1.63158e-05	0.000260949	4.51846e-05	-0.0367767	-0.00135812	0.0354492
6.42015e-05	-8.58074e-06	-6.35282e-05	0.0020429	0.00574091	0.0307285
-8.42047e-05	-5.40435e-05	7.00555e-05	0.010472	0.000398599	0.0184698
-4.18191e-05	-0.000171195	-0.000511021	0.00075634	-0.00500258	0.0498447
0.000149693	-0.00014054	7.81181e-05	0.0127151	0.00343553	0.043276
-0.000103547	-8.97809e-05	-0.000204675	0.0123571	-0.0216549	0.055172
-5.90607e-05	-0.000127711	-0.000572709	0.0498473	-0.0144205	0.0717681
-6.89027e-06	-4.80353e-06	0.000193403	0.0113255	-0.0173694	0.0227682
-7.87482e-05	0.000160015	2.9255e-05	-0.0228696	-0.0199335	0.0362184
8.57676e-05	0.000120101	0.000157244	-0.0327365	-0.0174354	0.0521281
3.31816e-05	2.15753e-05	0.000132137	-0.0176495	-0.00269523	0.0165334
-8.66011e-05	1.0275e-05	-0.000268944	-0.00170449	-0.0144167	0.0207693
-0.000111945	-2.45994e-05	-0.000131818	0.00376242	-0.0179761	0.0660801
0.000173831	-1.19554e-05	0.000278824	-0.015804	0.00260357	0.0480398
0.00011553	8.20693e-06	0.000177729	0.00567926	0.0101527	0.0226161
0.000287662	-2.17e-05	-1.17632e-05	0.0100613	0.00982112	0.0269046
-3.6834e-05	5.58895e-05	0.000298815	-0.000896928	-0.00566279	0.0344672
-2.87797e-05	-1.94584e-05	4.48341e-05	-0.000230546	-0.00207031	0.00525212
-2.43188e-05	7.74325e-06	-2.26854e-05	0.00155285	-0.00564288	0.00941211
-5.78548e-05	-6.69604e-05	0.00014577	0.00207055	-0.0024378	0.0250685
-9.8188e-05	0.000107828	6.08998e-05	-0.00709606	-0.0121456	0.0283987
0.000149206	-2.07101e-05	-2.81277e-05	-0.000292043	0.0100574	0.0375295
-0.000170486	7.9532e-06	-0.000152872	0.0131308	0.00851865	0.0313504
-0.000261045	-6.35082e-05	-0.00023663	0.0213876	0.0088096	0.0539472
-0.000319696	-0.000137448	1.59069e-05	0.0127398	-0.0153678	0.0388567
-8.87508e-05	2.26205e-06	3.4537e-05	-0.0109215	-0.0177379	0.0260461
-6.47584e-05	3.29268e-05	-4.75091e-07	-0.0150087	-0.0136395	0.0290202
-9.06101e-06	-4.86941e-05	6.17537e-05	-0.00426148	-0.00419689	0.0196014
2.73944e-05	-7.5868e-05	1.75672e-05	0.00235688	-0.0076301	0.0282207
-8.74832e-05	-1.89416e-05	-5.8587e-05	0.0012924	-0.000680747	0.0125232
-3.40529e-05	-1.59425e-05	0.000175599	-0.00474957	-0.00220379	0.0191306
5.26382e-06	1.33393e-05	0.000175222	-0.0133155	0.0051855	0.0207318
-2.60114e-05	2.70099e-05	-3.83383e-05	-0.00223186	-0.00807104	0.0190855
-3.03795e-05	-2.19236e-06	-0.000463078	0.00218611	-0.00472593	0.0206976
-5.04289e-05	8.91442e-06	-4.12614e-06	-0.00307053	-0.00429829	0.00285021
-2.11341e-05	-1.383e-05	-8.06285e-05	0.00848022	0.00508945	0.0209986
5.95008e-07	8.89977e-05	-5.70379e-05	-0.00616501	0.00319807	0.0295727
-0.000147806	-3.69807e-05	-1.13147e-05	0.00594658	-0.0117862	0.0192789
-8.18512e-05	1.80879e-05	-5.20925e-05	0.000989929	-0.00920175	0.00669598
-1.32495e-05	2.60581e-05	-4.38545e-05	9.02681e-05	-0.00832573	0.00558342
-0.000120106	2.41616e-05	-4.13255e-05	-0.00244707	-0.0160992	0.00467758
-4.28745e-05	3.18642e-05	-9.54073e-05	0.00172507	-0.00921508	0.00792648
-2.3361e-05	6.57542e-05	6.05263e-05	-0.0103401	-0.00951208	0.0124113
2.21264e-05	-8.19314e-06	7.29076e-05	-0.0065398	-0.00712106	0.0116866
-8.73419e-05	3.23265e-05	0.000252393	-0.00341646	-0.0140324	0.0144314
-0.000111802	4.4289e-06	0.000127178	-0.00611996	-0.0168206	0.0184322
-1.07783e-05	-5.90656e-05	0.000125877	0.00483974	-0.00603991	0.0095214
-4.56166e-05	-1.59948e-05	-3.45716e-05	0.000929253	-0.00518422	0.00999602
-0.000130684	-6.09432e-05	2.04618e-05	-0.00986296	-0.0207191	0.0333583
-0.000460468	6.59567e-05	-0.000241023	-0.0206882	-0.044539	0.0516793
-0.000246652	-6.41982e-05	-0.000269493	0.00110607	-0.00891578	0.04858
-0.000176891	-2.58613e-05	-0.000314476	0.00374594	0.000111164	0.0609787
-6.22791e-05	0.000176848	-0.000371117	-0.00715481	-0.0155495	0.0403556
-0.000221775	0.000256666	-0.000183623	-0.018401	-0.0213831	0.0557774
-0.000168772	-3.87811e-05	-0.000282984	0.00175309	-0.019995	0.038794
-5.04292e-06	9.73537e-05	-5.1827e-05	-0.0172027	-0.0153482	0.040761
-2.17367e-05	1.80278e-05	6.54868e-05	-0.0108888	-0.0117988	0.0147658
3.46024e-05	-1.20493e-05	0.000146242	0.000192522	0.000447605	0.0274672
-3.76761e-05	-0.000126555	6.91265e-05	0.00886807	0.00018071	0.0297296
-0.000195332	-7.97757e-05	0.000264549	0.00425733	-0.00934317	0.023026
-2.77335e-05	-4.66622e-05	4.25965e-05	0.00482556	-0.000822844	0.0231945
2.16964e-05	0.000128969	-1.03042e-05	-0.0113791	-0.00453279	0.027465
-3.9487e-05	1.43691e-05	4.1797e-05	0.00103299	-0.00809873	0.0320348
3.67709e-05	-2.86648e-05	-2.62602e-05	0.0095442	-0.00619694	0.0382693
3.74364e-05	2.81906e-06	-4.08041e-05	0.00140038	-0.00435768	0.0321834
-8.13848e-05	-6.05853e-05	-0.000192893	0.00615858	-0.0100673	0.0372826
-0.000137349	-6.40065e-05	-0.000139541	0.00908242	-0.00259647	0.0579086
-6.5673e-05	-0.000312042	-0.000301048	0.0236954	-0.0079575	0.0673305
-0.000180523	-0.000210386	-5.03858e-05	-0.00245203	-0.00525827	0.0298608
-0.000162221	4.10985e-05	3.31997e-05	-0.0219973	-0.0067071	0.0227002
-0.000119153	-0.000172317	4.74423e-05	0.0110695	-0.0136429	0.042835
-0.000140686	-0.000196513	-0.000267219	0.0104238	-0.0152427	0.0656236
-0.000340499	-0.000211978	-0.000616171	0.00504468	-0.0111401	0.0887961
-0.000173963	2.32565e-05	-0.000244291	0.00184368	-0.032421	0.0389981
-0.000133193	8.90546e-05	0.00015552	0.000766611	-0.0418792	0.0370792
0.000240575	5.21878e-05	0.000260243	0.00165002	0.00905464	0.0522311
-9.71506e-05	-3.3356e-05	0.000156361	-0.00922963	0.00670944	0.0569936
6.64663e-05	-7.05238e-06	-4.95996e-05	0.00032315	-0.0101023	0.0504808
2.925e-06	-7.18111e-05	-0.000214679	0.00586979	0.0095246	0.0791981
-0.000106069	2.6735e-05	-8.9089e-05	-0.0108948	-0.0234466	0.0613245
-7.65385e-05	0.000128014	8.01861e-05	-0.0161327	-0.0347294	0.0580644
-0.000102329	-0.000130567	-0.000114282	-0.00267879	-0.0160739	0.0397008
-0.000417016	-0.000250329	-0.000139821	0.0253419	-0.0217267	0.0395796
-0.000265456	-0.000151003	-0.000154481	0.0164079	-0.0106963	0.0329687
-4.59004e-05	-0.000138135	-0.000230571	0.0103927	-0.0219907	0.0214601
-0.000124455	1.29273e-06	-0.000125554	-0.000300019	-0.0275611	0.0272426
-7.639e-05	8.9737e-06	-0.000285479	0.0048407	-0.0167003	0.045675
-0.000107924	-2.70235e-06	-0.000424215	-0.00372203	-0.0241763	0.052303
-0.000211729	6.29994e-05	-0.000330219	-0.0124428	-0.0199817	0.0457903
-0.00021442	3.06639e-05	-7.3473e-05	-0.0133615	-0.00873088	0.0529046
3.41398e-05	-1.85113e-05	-0.000263216	0.0153819	0.000844997	0.0452632
0.000182208	0.000126846	-0.000311519	0.000323241	-0.0199419	0.0493127
0.000162678	1.97233e-05	-0.000213598	0.0116241	-0.00151337	0.043883
7.21704e-05	0.000153667	-0.000138727	0.0135318	-0.00914787	0.0462722
-1.49555e-05	0.000196233	-0.000212959	-0.00794182	0.00661363	0.0433006
-0.000131953	4.42367e-05	-7.18816e-05	-0.00345503	0.00558546	0.0353885
-6.81948e-05	-1.95757e-05	-0.00025852	0.0127175	-0.000907501	0.0346502
5.85669e-06	7.83695e-05	6.09399e-06	-0.0143629	-0.00711609	0.0258389
-0.000167739	-5.28572e-06	-2.18489e-05	-0.00260952	-0.00933219	0.0452199
-0.000121955	-8.03852e-05	-5.92748e-05	-0.00250107	-0.0142921	0.0326972
-9.21737e-05	4.91237e-05	-4.77042e-05	-0.0022257	-0.0176507	0.0335607
-0.000161156	4.75039e-05	-0.000307592	0.00123049	-0.0126169	0.0511671
3.13222e-05	2.08212e-05	-0.000172746	-0.0063307	-0.0114247	0.0479638
9.02817e-05	-2.55528e-05	-3.89103e-05	-0.010518	-0.00256622	0.0235689
2.66523e-05	1.36941e-05	-9.17032e-05	-0.0114596	-0.00947802	0.0436642
6.05028e-05	-3.14898e-05	-0.000171202	-0.0106516	-0.0182039	0.0653213
-0.000215075	-0.000171722	-0.000431011	0.00819867	-0.0131977	0.053151
-0.000247457	-0.000192884	-0.000255197	0.00786232	-0.00892365	0.0688271
-0.000350089	-4.88985e-06	-0.000107391	0.00277336	-0.024077	0.0587138
-0.000358913	0.000180661	-8.07711e-07	-0.0232048	-0.0339107	0.0427276
-0.000397964	0.000159136	-8.39476e-05	-0.00897342	-0.0322289	0.0225522
1.14656e-05	2.31452e-05	-0.000196987	0.00061817	-0.0121941	0.0154727
-2.29686e-05	6.78794e-05	6.23753e-05	0.000599911	-0.0171613	0.00901278
-0.000118596	4.55359e-06	-0.000149746	0.00928774	-0.0177007	0.0244821
9.6457e-06	-4.51499e-05	-0.000313695	0.0221181	-0.02094	0.0346805
0.000102978	5.13872e-05	-0.000259859	0.0125998	-0.0156591	0.0280176
4.88517e-05	-1.71983e-05	-0.000269938	0.0191266	-0.0140192	0.0263684
-0.000300416	-5.1739e-05	8.71204e-05	0.00412871	-0.0220968	0.0397915
-0.000100253	5.15037e-05	0.000192989	0.0106947	-0.0182826	0.0340363
-0.000280341	0.000106846	-5.28597e-05	-0.0169905	-0.0197884	0.0520087
-0.000163614	-3.83965e-05	-0.000167433	-0.00151948	-0.00714953	0.0354891
-0.000114396	-9.54138e-05	-0.000234245	-0.00208182	-0.00551325	0.0389782
-5.48346e-05	2.50452e-05	-0.000298931	-0.000292784	-0.00441533	0.0388389
-7.99789e-05	0.000131947	-0.000174038	-0.00232941	-0.0156036	0.0400896
-4.49317e-05	7.56782e-05	-0.000271556	0.0001214	-0.00623683	0.0465396
-0.000204419	-0.000106458	-0.000134344	0.0233886	-0.00346337	0.035998
-0.000169124	-6.11792e-05	0.000294616	0.0163357	-0.0181598	0.0325469
-0.000251329	-7.14372e-05	0.0005131	0.00276991	-0.0235319	0.042633
4.19356e-05	-0.000150455	0.000332359	0.0063116	0.00667378	0.0339007
7.12911e-05	-7.85018e-05	0.000207091	-0.0120457	0.00585981	0.0297526
5.70127e-05	-8.89194e-05	0.000238781	-0.0019115	0.000137578	0.0627056
-2.2898e-05	6.93975e-06	3.78785e-05	0.00606219	-0.0148508	0.0348332
-1.0211e-05	5.84225e-05	-0.000150622	0.0132278	-0.0188701	0.0462947
-0.000207337	-1.2021e-06	-0.000157993	0.00742371	-0.0196758	0.0312171
-0.000209387	6.34214e-05	3.51962e-05	0.000644448	-0.0215593	0.0303156
-0.000172537	-4.39491e-05	-3.69039e-05	0.0090999	-0.0129533	0.03315
-0.000239442	5.53002e-05	0.000168448	-0.00408054	-0.0076836	0.052065
1.86783e-05	0.000200108	7.70013e-05	-0.0112924	-0.00795471	0.049637
-6.82484e-05	8.58392e-05	0.000362297	-0.007202	-0.0274297	0.0436331
-0.000198961	2.50567e-05	0.00016825	-0.00582975	-0.0134888	0.0232692
-0.000124646	-4.20132e-05	0.000148852	-0.00685145	-0.0186238	0.0234895
-8.96881e-05	-1.55392e-05	0.000157067	-0.00375566	-0.0168112	0.026115
-3.42332e-05	-1.4331e-05	8.53431e-06	-0.00475275	-0.019348	0.0199871
4.15807e-05	2.78956e-05	-2.4004e-06	0.000800141	-0.0146578	0.0139909
-2.57212e-05	1.90765e-05	-3.81545e-05	0.000694181	-0.0106429	0.00177193
2.36995e-06	4.09945e-06	-0.00010267	0.00508865	-0.00694047	0.00692492
9.18692e-07	2.57526e-05	5.60728e-05	-0.00947803	-0.00605869	0.00698171
-7.23698e-05	-1.95822e-06	-4.93718e-05	-0.00166231	-0.000105825	0.00665205
-7.73759e-05	-2.23278e-05	4.22976e-05	0.00274776	-0.00557729	0.00711169
-7.00333e-06	2.7419e-05	-1.58179e-07	0.00320011	-0.00288143	0.0223028
-0.000103061	4.33803e-05	1.10918e-05	0.00175846	-0.00829384	0.0281518
-1.84801e-05	0.000100347	-0.000145115	-0.00409233	-0.00478776	0.0292784
-2.83263e-05	0.000114004	-0.000134099	-0.00316095	-0.000795595	0.018694
-0.000124766	9.76439e-05	-0.000105153	0.00897288	-0.00619332	0.0430325
-6.05694e-05	-7.57604e-05	-4.10082e-05	0.0168186	-0.0103475	0.035772
7.06495e-05	8.85436e-05	0.000218646	-0.0089636	-0.00650718	0.0615578
0.000184655	9.07521e-05	0.000362345	-0.0163437	0.00229378	0.0558024
0.000224477	0.00011262	0.000543001	-0.0124032	0.00114127	0.0676028
-0.000183744	2.31077e-05	0.000571289	-0.00579981	-0.025403	0.0428831
-2.33172e-05	-0.000152036	-1.44519e-05	0.0198839	-0.0139195	0.0280696
-1.91129e-05	6.85337e-07	-0.000153448	-0.00348009	-0.00476452	0.0241584
-7.2018e-05	0.000167586	-0.000115958	-0.0160263	-0.00552307	0.0358158
2.83134e-05	0.00010235	-1.8289e-05	0.00178217	-0.00377196	0.0185737
-0.00012168	1.50258e-05	0.000105329	0.015967	-0.00931631	0.0532084
-0.000146652	0.000292652	0.000104573	-0.0188714	-0.00229612	0.0568126
-0.000327971	0.000130373	-0.000268301	-0.0241755	-0.00292976	0.0449502
-0.000181364	7.26242e-05	-3.82316e-05	-0.0193477	-0.000573725	0.0482375
-0.000249394	-0.000132295	-6.4885e-05	0.0213367	-0.00502179	0.0345015
5.55126e-05	1.99984e-05	-0.000225638	0.0109161	0.0155511	0.0378714
-4.52292e-05	-6.63109e-05	-0.000145252	0.016016	0.00797647	0.0378817
6.39218e-05	9.87288e-05	-7.00264e-05	-0.0114037	0.0385002	0.0602913
-0.000145094	0.000166987	-0.000320889	-0.0441258	0.00432139	0.0609782
-0.000121935	9.91666e-06	-0.000398391	-0.0280566	0.00119616	0.0779957
-6.96927e-05	-3.3081e-05	-5.87193e-05	-0.0404512	-0.00696292	0.0646877
-0.000124027	0.000108201	0.000158188	-0.0318438	-0.00544991	0.0634597
-0.000134356	0.00025974	0.000114238	-0.0268714	-0.019545	0.0285683
9.41164e-06	3.85235e-05	6.8725e-05	-0.0109146	-0.0058381	0.0305865
5.5381e-07	-4.97574e-06	6.61449e-05	-0.000342326	-0.00464723	0.0250402
-2.60757e-05	2.46749e-05	1.01582e-05	0.00278939	-0.0162685	0.0428972
0.000179105	9.25952e-05	0.000173638	-0.0155984	-0.0293242	0.0399407
-0.000194806	4.06022e-06	-0.000255765	-0.00471348	-0.0259459	0.0290613
-0.000223934	1.57572e-05	5.13821e-05	-0.00397375	-0.0168795	0.0322787
0.000107841	1.16666e-05	-2.60345e-05	-6.2225e-05	0.000167637	0.0380939
-1.26171e-05	-0.000106079	-0.000221498	0.00371755	-0.0040599	0.0443849
-6.19669e-05	-5.20758e-05	-0.000155517	-0.00896678	-0.0317526	0.0225555
3.22268e-05	-0.000137452	-0.000166777	0.00606926	-0.0139146	0.0314432
0.000175672	-0.000210479	-6.3003e-05	0.00975637	0.000393749	0.0375111
0.000164784	-0.000207683	5.50342e-06	-0.0154907	0.00116622	0.0355278
-5.63999e-05	-9.08204e-05	-0.000167499	-0.00431133	0.00134248	0.0234836
-0.000213298	2.62144e-06	-0.000236412	-3.63996e-05	-0.0242433	0.0386542
-0.000137871	4.95891e-05	-0.000180941	-0.00644879	-0.0208404	0.0276147
-7.5517e-05	-9.33293e-05	-0.000518113	-0.00536693	-0.0121989	0.0542376
-0.000211045	-0.000122629	-0.000417984	-0.00184929	0.00156812	0.0452319
-0.000184924	-4.92434e-05	-0.000498123	0.00498734	-0.00963854	0.0529377
-0.000122325	0.000105591	-0.000322027	0.00126065	-0.00403134	0.0334543
-1.45173e-05	-3.89853e-05	-0.000114898	0.00122428	-0.00731863	0.0256223
-0.00011427	3.30731e-05	-0.000100299	0.00106588	-0.0211313	0.0347404
-0.000102286	5.73253e-05	0.00012131	-0.00209807	-0.0254414	0.0514847
-0.000251183	1.82272e-05	-5.96979e-05	0.0031369	-0.0257168	0.0358862
6.1991e-05	-7.0465e-05	-0.000103953	0.00370644	-0.0171133	0.0110935
-6.89477e-05	-5.87699e-06	-3.31567e-05	-0.00702034	-0.00875726	0.00755872
-0.000105143	-2.32812e-05	-0.000176089	-0.000493794	-0.0142461	0.0141125
-4.41912e-05	-1.58941e-05	1.981e-06	0.00283295	-0.00753182	0.000134463
-6.2024e-05	1.31863e-05	9.1754e-06	-0.00135857	-0.00759207	0.00218461
-2.64111e-05	-3.0871e-06	3.83203e-05	0.00295675	-0.00368654	0.00763103
-4.04531e-05	6.27362e-05	-9.27916e-05	-0.00124973	-0.000334345	0.00899792
-0.000107187	6.67053e-05	-9.40442e-05	-0.004531	-0.00334655	0.0119724
-0.000104015	-0.000147254	-6.50452e-05	0.00905853	-0.00127857	0.0317659
0.000119865	-0.000335707	-0.000108526	0.0249253	0.00950721	0.038982
9.64399e-05	-0.000249255	-0.000137072	-0.0069579	-0.00402143	0.0302419
