0.000196907	-5.28345e-06	-3.38118e-06	-4.92624e-05	-0.00926808	0.0829042
0.000127213	0.000177302	2.94094e-05	0.0024773	-0.00954438	0.104409
0.000710852	0.000162602	-3.41371e-05	0.00640378	-0.0144746	0.108509
0.000994693	0.00022449	-5.27354e-05	0.00347291	-0.0175352	0.130761
0.00102562	-0.000136687	0.000115707	-0.00515942	-0.0219735	0.123949
0.000904472	-0.000430348	2.5465e-05	-0.00955526	-0.0141107	0.120943
0.00132352	-0.000407755	0.000151622	-0.00861672	-0.0172938	0.138255
0.000699288	0.000251887	-0.000114405	0.00913137	-0.01305	0.101422
0.000316355	-2.37591e-05	1.64228e-06	0.00065363	-0.0111183	0.0780005
0.000911986	-3.51755e-05	-7.47791e-05	0.00108242	-0.0162161	0.114562
0.000114519	0.000128445	6.88794e-06	0.00542731	-0.00862049	0.0714972
0.000786681	9.71284e-05	-6.81316e-06	0.000815214	-0.0141023	0.0956316
0.000320896	1.96488e-05	-8.47313e-06	0.000521618	-0.00942308	0.0686201
0.000157904	-5.90301e-05	-7.92301e-06	-0.00277019	-0.00903586	0.0645262
0.000642074	2.795e-05	3.00633e-06	7.93718e-05	-0.0149542	0.0964965
0.00102423	1.94618e-05	-8.29187e-06	-0.000212541	-0.00899599	0.109948
0.00114839	-5.00857e-05	-1.84729e-05	-0.00131674	-0.0201906	0.117836
0.000915641	0.000129989	-0.00011557	0.00482811	-0.0200153	0.100768
0.000753056	0.000350369	-7.88838e-05	0.00774774	-0.018994	0.0929663
0.000809712	0.000410455	-8.73923e-05	0.00748804	-0.0169877	0.0961595
0.000346649	-0.000217082	-2.60528e-05	-0.00358637	-0.011595	0.0724838
0.000595337	-0.000313445	1.69046e-05	-0.00752595	-0.0145697	0.0868515
-6.18573e-05	-0.00011851	-5.53504e-06	-0.00136811	-0.00719335	0.0556969
0.000167874	-0.000232729	-2.72887e-06	-0.00297617	-0.00925186	0.074778
0.000356514	-0.00028228	4.25149e-06	-0.0139628	-0.00930727	0.0822962
0.000501415	-0.000293156	3.04956e-05	-0.0142877	-0.00895831	0.0825943
0.000653485	-0.000331852	2.18964e-05	-0.00549424	-0.0136021	0.086679
4.88686e-05	-3.66995e-05	3.77601e-06	-0.000100115	-0.00893141	0.0483849
5.40594e-05	-9.14329e-05	-7.56115e-07	-0.00289493	-0.00916463	0.05791
0.000185014	-9.31792e-05	-5.36249e-07	-0.000751708	-0.0117236	0.0594647
0.000116521	4.46486e-05	-7.59954e-06	0.00159841	-0.00961293	0.0528418
7.41741e-05	-0.00011393	-4.10326e-06	-0.00661421	-0.00890433	0.0694972
3.4828e-05	2.44153e-05	-3.30819e-06	2.34462e-05	-0.00935322	0.0488063
1.64318e-05	0.000126523	-1.42917e-05	0.00274246	-0.00840005	0.0600652
3.33684e-05	0.000120876	1.6194e-05	0.00346182	-0.00891739	0.0650748
0.000163703	0.000156297	2.52072e-05	0.00330839	-0.0116262	0.0702017
0.000386637	0.0002576	2.24331e-06	0.00595604	-0.00843432	0.0805375
0.00071814	0.000293187	-1.97342e-05	0.00366297	-0.0130152	0.0820328
0.000909388	0.000146844	-3.16458e-05	0.00549816	-0.0151214	0.0958059
-2.89676e-05	5.40675e-05	1.73222e-05	0.000802867	-0.00894819	0.0528626
0.000184395	0.000129963	-1.01709e-06	0.00227499	-0.0117303	0.0717665
0.000702046	6.60762e-05	-3.34219e-05	0.000461382	-0.0164398	0.0826158
0.00089634	3.00402e-05	3.67063e-05	-0.00111274	-0.0175665	0.0962441
0.000584551	-0.000293633	9.29048e-05	-0.0103048	-0.0080982	0.0759415
0.000684263	-0.000317675	6.77651e-05	-0.00557129	-0.0157455	0.0837779
0.000936593	-0.00024694	0.000114752	-0.00784075	-0.00863616	0.0977564
0.00077726	-0.000375637	2.90975e-05	-0.00551844	-0.0145283	0.0890928
0.000799163	-0.000378112	2.58651e-05	-0.00184178	-0.0151067	0.0917386
0.000838586	-0.000418234	6.90204e-05	-0.00598354	-0.0164076	0.0921169
0.000816789	-0.000412244	5.684e-05	-0.0100454	-0.0167343	0.0922444
0.000922648	-0.000453108	0.000180581	-0.0105504	-0.00688204	0.0938552
-5.48027e-05	6.34666e-05	-3.63547e-06	0.000775009	-0.00862839	0.0585482
0.000219421	-0.000119293	4.21987e-05	-0.00342155	-0.00825319	0.0715848
2.89472e-05	5.14241e-05	-4.60156e-06	0.00233586	-0.00872311	0.065091
0.000145098	8.0981e-05	-4.88261e-06	-4.04265e-05	-0.0093411	0.0676936
0.000100254	2.54345e-06	-1.42888e-06	9.97666e-06	-0.00938124	0.0506582
0.000485301	-4.85417e-05	-1.05919e-05	-0.00176667	-0.0124143	0.0809804
0.000822182	-7.897e-05	3.87182e-05	-0.00203538	-0.0163371	0.100812
0.000543826	-7.2969e-05	3.56347e-05	-0.00123811	-0.0194529	0.0817295
0.000277222	-1.96798e-05	7.58152e-06	-0.000916525	-0.011958	0.0652383
0.000364039	-0.000158944	-1.34083e-05	-0.00114282	-0.0103798	0.0785948
0.0004402	-8.1914e-05	3.46515e-05	-0.0033974	-0.0105025	0.0699978
0.000260777	1.02864e-05	-5.47148e-06	-0.00189266	-0.00960263	0.0708937
1.18578e-05	7.39701e-05	4.6285e-06	0.0014951	-0.0096881	0.0816241
0.000294663	0.000262228	-4.19855e-06	0.00556339	-0.0134664	0.094145
0.000602103	2.41573e-05	-1.95603e-05	0.00610793	-0.0110874	0.0920089
0.000629964	-0.000298194	1.6527e-05	-0.00405571	-0.0129166	0.0912208
0.000716416	-0.000416707	-4.01155e-05	-0.00824396	-0.014342	0.0991922
0.00081345	-0.000477724	4.26524e-05	-0.00869015	-0.0152773	0.104085
0.000953633	-0.000462156	8.20219e-05	-0.00729479	-0.0192177	0.110911
0.000480911	0.000178669	-3.10582e-05	0.00236977	-0.0141415	0.0840778
0.000626557	-1.88496e-05	-8.7695e-06	0.00355238	-0.0140391	0.0994062
0.000260074	-7.52024e-05	-8.40538e-06	-0.00448186	-0.00629031	0.090058
0.000205057	0.000188356	3.29096e-06	0.00281106	-0.0105595	0.100927
-0.000122056	-0.000175497	-2.55327e-05	-0.00144017	-0.00865278	0.093067
-2.06666e-06	-0.000187342	-1.10785e-05	-0.00572276	-0.00498718	0.0949841
-0.000222568	-0.000150861	-2.22282e-05	-0.000954415	-0.00650644	0.0964435
0.000258399	1.65526e-05	-1.28286e-05	-0.00314656	-0.0109442	0.112278
0.000589945	0.000136198	-1.0224e-05	0.000349493	-0.0133269	0.113087
-0.000133723	-6.15681e-05	-4.512e-06	-0.00120474	-0.00527978	0.0842829
0.000417759	-0.000119109	-4.03777e-06	-0.000587234	-0.0137962	0.118083
1.83485e-05	8.06281e-05	2.26332e-05	0.0014566	-0.00883278	0.0772393
0.000426709	0.000211734	-3.60778e-06	0.00633388	-0.00885705	0.10933
0.000717781	2.79539e-05	2.14287e-05	-0.00420508	-0.0172923	0.11669
-4.40109e-05	0.000168149	3.06205e-07	0.00550066	-0.00699766	0.0935278
-8.20369e-05	8.69923e-06	-1.20457e-05	-0.00120011	-0.00470239	0.101779
0.000380175	0.000174476	1.9049e-05	0.00092897	-0.00933189	0.106514
0.00111191	0.000100314	1.15132e-05	0.00312274	-0.0208817	0.129599
0.00148578	8.74067e-05	-3.89317e-05	0.00272527	-0.0090954	0.148391
0.00159565	0.000102399	-9.05372e-05	0.00476526	-0.0228615	0.161369
0.00118225	0.00053453	1.16918e-05	0.00821417	-0.0186792	0.132761
0.00118471	0.000514927	-0.000101415	0.00910135	-0.0213357	0.136452
0.000308693	7.63154e-05	2.3471e-05	-0.000756672	-0.0110139	0.0791383
0.000905202	0.000137442	3.31102e-05	0.00344499	-0.0189338	0.124541
0.000584826	-6.72527e-05	7.29707e-05	-0.00403774	-0.00910728	0.0911653
0.000695341	0.000285067	6.58865e-06	0.00346838	-0.0105889	0.110968
0.000630831	0.000101635	1.09331e-05	0.00419819	-0.0116469	0.123898
0.000898516	-0.000399169	-1.41628e-05	-0.00721847	-0.0136568	0.126155
0.000461116	0.000222555	1.12978e-05	0.00480598	-0.0112026	0.118088
0.000632392	-0.000109552	1.49299e-05	-0.00237319	-0.0104593	0.0997709
0.000984395	-0.000263311	-3.14931e-05	-0.00658741	-0.017328	0.124861
0.000434526	-0.00032357	-4.04277e-05	-0.0016148	-0.0154913	0.108339
1.57172e-05	-0.000229904	7.79237e-06	-0.00662733	-0.00757088	0.102876
-0.000118728	2.12594e-05	-1.5779e-05	0.00108974	-0.00377609	0.111741
-9.47406e-05	-5.23462e-05	-2.81976e-05	-0.00113455	-0.00346561	0.0926395
0.000175148	-4.6729e-05	1.44802e-05	0.000397621	-0.0077147	0.0966461
-9.67115e-05	-0.000139864	-1.51314e-05	-0.0046252	-0.00399252	0.107345
0.000538435	-0.000292717	-1.43285e-05	-0.0114617	-0.0111464	0.133061
0.00129593	-0.00022382	-6.23948e-06	-0.0117354	-0.0090189	0.15873
0.000903152	-0.000552121	-1.40313e-05	-0.0127094	-0.0150847	0.1396
0.00109037	-0.000489687	6.07227e-05	-0.0126637	-0.0210143	0.147631
0.00148876	-0.000444993	0.000150052	-0.00970035	-0.0189829	0.161522
0.000532251	0.000341653	-1.34997e-05	0.0100966	-0.010819	0.121221
0.00093809	0.000423637	6.99888e-05	0.00921426	-0.0153391	0.14041
0.00155247	0.000333769	-2.24121e-05	0.00948455	-0.0214511	0.16133
0.00151918	0.000438027	-0.000124209	0.0172021	-0.0253676	0.161008
0.000207252	-7.62128e-05	-7.79748e-06	-0.000602098	-0.00963759	0.0897316
0.000289425	-0.000131629	-2.73547e-05	-0.00230688	-0.0139856	0.102413
0.000280552	-0.000345852	3.05694e-07	-0.00714077	-0.0108671	0.11812
0.000106747	1.04667e-05	1.47034e-06	-0.000686996	-0.00671297	0.0862526
0.000317008	0.000214425	2.03477e-06	0.00225868	-0.00852062	0.123809
-0.000144036	6.95564e-05	-6.21194e-05	-0.00105733	-0.00640047	0.0999494
0.000159436	0.000145451	-1.26132e-05	0.00563758	-0.0107765	0.117371
-0.000136628	4.63399e-05	2.33156e-05	0.00119251	-0.00731746	0.120497
0.000893222	-0.000198419	5.0591e-05	-0.0090068	-0.0160103	0.141276
0.00145151	-4.12991e-05	2.76674e-06	-0.00151321	-0.0162801	0.162534
0.000208333	1.19841e-05	-7.51764e-06	-0.00011877	-0.00999434	0.079934
0.000584856	0.000159306	-1.49041e-05	0.00226159	-0.011549	0.115248
0.00103453	0.00020761	-4.42916e-05	0.0112908	-0.0143185	0.13987
0.00113903	0.000437728	-5.9304e-05	0.00926031	-0.0178932	0.144432
0.00112606	0.000613339	3.02842e-05	0.0110265	-0.0317841	0.146284
0.000193355	-4.1314e-06	-2.5355e-06	-0.000314087	-0.0094179	0.0805117
0.000749769	-7.67381e-05	-1.99205e-06	-0.00370547	-0.0167427	0.128775
0.0010441	0.000155092	4.17664e-05	-0.00345187	-0.0124288	0.136928
0.000484783	0.000191672	-2.70802e-05	0.00644842	-0.00601069	0.11515
0.000367246	8.66191e-05	6.74472e-06	0.00245103	-0.0137298	0.0891752
0.000874765	0.000327459	-1.47131e-05	0.00880394	-0.0189215	0.129337
0.000502042	0.000254536	-7.60141e-05	0.0102187	-0.0134722	0.123767
0.000123059	0.000249754	-4.54889e-06	0.0119179	-0.0073923	0.129378
0.000197504	0.000134354	3.10027e-05	0.00825028	-0.00416811	0.126683
0.000680312	-0.000129602	3.94911e-05	-0.00497924	-0.0179571	0.128747
0.000504296	-9.15675e-05	4.10189e-05	-0.00447467	-0.00797662	0.120246
0.000964695	0.000114447	4.66954e-06	0.00659712	-0.0103449	0.139954
0.000732838	-0.000422585	5.02135e-06	-0.00900389	-0.0136891	0.129299
0.000412616	-0.000201797	-3.11594e-06	-0.0115649	-0.00659969	0.125542
0.000159508	0.000142706	-2.34025e-05	-0.00246033	-0.00683158	0.118695
0.000583841	0.000449646	-1.04854e-05	0.00981202	-0.0124733	0.138096
0.000450386	0.000104841	1.6506e-05	0.0100823	-0.0115612	0.121333
-0.000178792	-0.000215467	-2.65875e-05	-0.00261491	-0.00977018	0.104583
0.000517066	-0.000240141	1.92527e-05	-0.00758404	-0.0157607	0.12679
0.00108614	0.000163558	3.89761e-05	-0.00171149	-0.0156881	0.137136
0.00104824	0.000478782	-4.08774e-06	0.00940653	-0.0184408	0.146863
0.00088338	4.58606e-05	7.57806e-07	0.00822257	-0.0105062	0.14233
0.000779119	-0.000391303	-3.28176e-05	-0.0101306	-0.0204796	0.137896
0.00144477	-0.000312572	3.52556e-05	-0.00235637	-0.0260469	0.16151
0.000197574	-4.93493e-07	1.07987e-05	-0.000251147	-0.00974551	0.0817291
0.000257513	8.87228e-05	1.54815e-05	0.00330315	-0.00988803	0.0957419
0.000314886	0.000126624	1.52239e-05	0.00534154	-0.00894921	0.0936408
0.000517463	0.000178137	2.88224e-05	0.000286396	-0.0160475	0.107094
0.000815699	-0.000118242	1.38529e-05	-0.00169374	-0.0136169	0.13068
0.00139091	-0.000135143	-5.03942e-07	-0.00232295	-0.0197568	0.163722
0.00175933	-0.000119818	1.86684e-05	-0.0029528	-0.0278897	0.180819
0.00191649	-7.12571e-05	9.12896e-05	-0.0015658	-0.0287964	0.189666
0.00159618	0.000239128	8.55876e-05	-0.00171817	-0.014831	0.164164
0.000422974	-0.000318903	-7.12283e-06	-0.00347072	-0.0108529	0.113759
0.00101478	-0.000326754	4.80965e-05	-0.00857209	-0.0195589	0.14841
0.00140921	-0.000164535	-2.10151e-05	-0.00291873	-0.0235215	0.165174
0.00136263	-0.000260575	-2.2137e-06	-9.46811e-05	-0.0178625	0.157421
0.00147354	-0.000333231	0.000108163	-0.00873239	-0.0246167	0.165489
0.00137076	0.000162439	4.71053e-05	-0.0036388	-0.0148507	0.150926
0.000123442	-8.69033e-05	1.31009e-06	-0.00416185	-0.00898509	0.103422
-0.0002241	-2.26933e-05	-2.3292e-05	-0.00111973	-0.00630593	0.107558
0.000565468	3.16736e-05	-9.90809e-06	0.00117339	-0.00997303	0.097524
0.000961861	0.000228917	-2.82258e-05	0.00824212	-0.019526	0.131732
0.00040991	3.41258e-05	3.50199e-06	0.000979686	-0.00916843	0.0998271
0.000923796	-0.000312023	-7.30612e-06	-0.00606944	-0.0140237	0.12297
0.0014232	-0.000219754	9.94685e-05	-0.00605644	-0.0224169	0.155899
0.00172285	-7.79245e-05	7.78161e-05	-0.00251796	-0.0265571	0.17941
0.00156147	-0.000388867	-7.14933e-05	-0.00220044	-0.0189956	0.16423
0.000671198	-0.000272825	9.40336e-05	-0.00568485	-0.00411099	0.12183
-4.2907e-05	-2.56813e-05	4.39752e-05	-0.000503153	-0.00547114	0.114104
2.83866e-06	-0.000146954	-6.27265e-06	-0.00373008	-0.00955668	0.117108
0.000576862	-0.000171921	-7.41211e-06	-0.00497247	-0.0150284	0.14032
0.000428949	1.58609e-05	1.28368e-05	-0.000307049	-0.0147671	0.0997742
0.00110038	6.59155e-05	6.0026e-05	7.22881e-05	-0.0208109	0.150579
0.00025644	-0.000143538	-2.14189e-05	-0.000297229	-0.0110093	0.091965
0.000296995	-0.000164116	-7.4293e-06	-0.00790726	-0.00824982	0.116521
0.00103512	0.000115066	-4.74201e-05	0.00145302	-0.0161744	0.131996
0.00149048	2.64535e-05	2.14462e-05	0.000915016	-0.0240462	0.161429
0.00175443	-9.50579e-05	-5.31239e-05	0.00267509	-0.0240211	0.178546
0.00191732	1.3657e-06	7.90874e-05	0.00184932	-0.0264091	0.189499
0.000213964	-0.000204442	1.12985e-05	-0.00817714	-0.00910776	0.0995139
0.000992664	-0.000170208	3.37487e-05	-0.00632106	-0.0107746	0.136404
0.000304399	0.000116894	1.19002e-05	0.00362058	-0.0063042	0.090313
0.000446805	0.000105363	6.74654e-06	0.00322385	-0.0148931	0.106096
0.000728979	0.000168051	-1.28503e-06	0.00313109	-0.0125862	0.112024
0.00012603	0.000249069	3.21409e-05	0.00994184	-0.00886171	0.102504
5.43677e-05	0.000218722	-2.64444e-05	0.00526728	-0.00461387	0.116737
0.00030112	0.000418569	-5.08354e-06	0.00949433	-0.00845034	0.137193
0.000309198	0.000167269	7.2482e-07	0.00071278	-0.0139892	0.133015
2.93134e-05	0.000291192	-9.85131e-06	0.00834156	-0.00627076	0.111038
0.000389211	0.000562955	7.83046e-05	0.0150363	-0.0103721	0.134665
-0.000260561	0.000226555	3.58571e-05	0.00457607	-0.00764507	0.106828
-8.91846e-05	0.00012946	6.89042e-06	0.00288093	-0.0112793	0.130628
0.000259212	-9.80293e-05	-9.73108e-06	-0.00365395	-0.00834921	0.111154
0.000693311	0.000182645	-2.89354e-05	0.00276938	-0.0152999	0.109719
0.00101737	0.000334238	2.04465e-06	0.00344979	-0.0144644	0.13932
0.000216876	-8.78042e-05	9.48324e-07	7.39218e-05	-0.00944389	0.0958313
-3.23102e-05	8.79451e-06	1.27769e-06	0.000110828	-0.00846302	0.0927027
0.000174873	-0.000134199	-2.52603e-05	-0.00537842	-0.00864652	0.10389
0.000455952	-0.000297143	-4.05955e-05	-0.00735029	-0.0126305	0.108866
0.000253521	7.58199e-05	4.02688e-06	0.00262501	-0.00921176	0.0968769
0.000519272	0.000316498	2.24418e-05	0.00293996	-0.0126162	0.116311
9.07209e-05	0.000106765	2.07325e-05	0.00274602	-0.00772851	0.108362
0.000384995	-2.73175e-05	5.26605e-05	-0.00138554	-0.00686305	0.132779
0.000450927	0.000473729	2.8194e-06	0.0127397	-0.00983719	0.129315
0.00110605	0.000331459	-3.10026e-05	0.0168948	-0.0251389	0.152751
0.00118339	-0.000174682	-2.06858e-05	0.00143146	-0.0151012	0.148692
0.00111641	-0.000464866	8.74336e-07	-0.010438	-0.0196358	0.14423
0.00125583	-0.000599839	5.91061e-06	-0.0123943	-0.0226111	0.151546
0.00178866	-0.000385136	0.000184277	-0.0135009	-0.00836124	0.174994
0.000263881	-6.74934e-05	-2.33721e-06	-0.0034119	-0.00869208	0.0964376
0.000429075	-6.79909e-05	-1.22151e-05	-0.00274234	-0.00841009	0.100905
0.000846893	-0.000280143	4.10217e-05	-0.00440273	-0.00878735	0.119913
0.0014852	-0.000175992	-6.1305e-06	-0.0013515	-0.01908	0.158912
0.00136426	-0.000409486	0.00012667	-0.00905574	-0.0221949	0.158631
0.00136912	-0.000677992	8.30153e-05	-0.0119432	-0.0206364	0.15523
0.000736118	-0.000338614	-4.54284e-05	0.0023743	-0.0176521	0.123073
0.000421021	4.30913e-05	-1.66707e-05	0.00273056	-0.00824977	0.0989059
7.25204e-05	0.000103558	-3.35667e-05	0.0014312	-0.00695086	0.0894947
0.000859715	0.000127471	-4.58688e-05	0.00690209	-0.0137912	0.132883
0.000693899	5.28113e-05	1.51655e-05	0.00150297	-0.0196764	0.121525
0.000551462	-0.000183311	-8.75388e-06	-0.000900978	-0.01338	0.123205
0.000782097	-0.000261522	-8.5957e-07	-0.00694531	-0.0167357	0.148472
-7.80819e-05	0.000159133	3.3093e-05	0.00500529	-0.0104823	0.114271
0.000628178	0.000110742	2.26993e-05	0.00339062	-0.016164	0.135852
0.000277087	0.000108903	1.16282e-05	0.00563459	-0.010721	0.105319
0.000327821	0.00018892	-1.46124e-05	0.00486412	-0.00515027	0.10211
0.000817548	8.92553e-06	-8.36616e-05	0.00111825	-0.0149854	0.126111
0.000520584	0.000273265	1.74986e-05	0.00067165	-0.0110879	0.104496
0.00074297	0.000139273	4.42467e-06	0.00143482	-0.0116251	0.10676
0.000705327	-4.572e-06	-7.24556e-05	0.00293161	-0.0153043	0.111177
0.000398907	-0.000234024	-6.84014e-06	-0.00985835	-0.00578022	0.118269
0.00024285	-1.34981e-05	5.05035e-06	-0.000736997	-0.00692642	0.0818394
0.000271735	6.56914e-05	9.93054e-07	0.000504883	-0.00912301	0.0973706
0.000709988	0.000190304	2.6892e-05	0.00464865	-0.0139731	0.112454
0.00135549	4.00549e-05	-0.000108561	0.00924247	-0.0239671	0.15422
0.00106758	0.000552524	-8.58415e-05	0.0131606	-0.0164662	0.131984
0.000501953	2.32825e-05	-4.16369e-05	-0.000200432	-0.0151691	0.0965285
0.00121285	2.51592e-05	2.55713e-05	-0.000482754	-0.0235517	0.143126
0.00036886	-7.081e-05	-4.10925e-06	0.000621725	-0.0133991	0.0979967
0.000427335	-0.000108898	1.27863e-05	-0.00238061	-0.00950527	0.117343
0.00038469	-0.000299924	6.53981e-07	-0.00637744	-0.0104841	0.126588
0.00121248	-0.000321177	6.36347e-05	-0.0146412	-0.012521	0.151437
0.00120411	-0.000613351	4.00241e-05	-0.012447	-0.0150286	0.149984
0.00163418	-0.000436705	7.2573e-05	-0.00614836	-0.0179236	0.168259
0.00153618	-0.00053125	0.000168712	-0.0115983	-0.0251751	0.165388
0.0015432	-0.000725265	0.000163197	-0.0115627	-0.0182236	0.160723
0.0015966	-0.000770468	0.000131341	-0.012281	-0.022134	0.161466
0.00144762	-0.000763783	9.81965e-05	-0.0124936	-0.0162846	0.157148
0.00100685	-0.000212844	-4.60845e-05	0.00846299	-0.0167218	0.138697
0.000652132	0.000463158	2.75258e-05	0.00949472	-0.00952099	0.128908
0.00101503	0.000500908	0.000120394	0.00599262	-0.0139784	0.14619
0.000220085	-8.38172e-05	-2.35089e-05	-0.00169729	-0.00860419	0.0960662
0.000271564	-0.000172021	-6.14225e-05	-0.00106577	-0.00997018	0.0959929
0.000835059	-0.000277332	-8.21375e-06	-0.0087388	-0.0130954	0.125337
0.00104496	-0.000469718	0.00016291	-0.0187609	-0.0131875	0.139287
0.000178259	-2.78461e-05	1.72039e-05	-0.0012928	-0.00945691	0.111443
0.000766829	-9.96822e-05	3.99732e-05	-0.00254954	-0.00869917	0.142634
0.00145939	-5.89043e-05	-2.62294e-05	0.000192811	-0.0212609	0.158143
0.00131183	0.000256782	-9.22871e-05	0.0104265	-0.0235226	0.154572
0.000410442	-3.83826e-05	9.68298e-06	-0.00135017	-0.00819854	0.0972306
0.00121208	-6.31415e-05	-2.26853e-05	-5.26549e-05	-0.0222916	0.142995
0.0017126	5.84689e-05	4.86719e-05	0.00398368	-0.0211851	0.171601
0.00131868	0.000485629	-0.000200841	0.0125022	-0.0221159	0.147164
0.000675588	-0.000318664	-6.65527e-05	-0.00709282	-0.0143738	0.129566
0.00107856	4.06112e-05	-8.62193e-05	-0.000981976	-0.0132381	0.137326
0.000983066	0.000494499	1.47643e-05	0.0117279	-0.0157048	0.133635
0.00152836	0.000520844	-0.000117698	0.00813887	-0.0212626	0.160274
0.000298602	-7.34646e-05	5.10804e-06	-0.00337364	-0.00968674	0.0933281
0.000642228	-0.000329327	7.68976e-06	-0.00764441	-0.00949804	0.132263
0.00100308	-0.000554832	4.61263e-06	-0.00852339	-0.0136031	0.14436
0.000576582	-0.000296753	-6.4761e-05	-0.00074755	-0.0210976	0.116102
6.08589e-05	0.000179369	3.01487e-05	0.00257537	-0.00733876	0.110125
9.64327e-05	-6.58636e-05	-1.93175e-06	0.00084765	-0.00602946	0.103572
0.000205335	-0.000130159	-2.5056e-05	-0.000110148	-0.0107942	0.0959049
0.000426908	-0.000341925	-1.15175e-05	-0.00584001	-0.0128384	0.112577
6.19487e-05	6.67962e-05	3.9042e-06	0.0024058	-0.00885284	0.109292
-2.71872e-05	-9.11311e-05	2.64861e-05	-0.00485233	-0.00645138	0.115819
0.000660492	0.000138095	-1.66698e-05	0.00213835	-0.0162344	0.111731
0.00042292	-0.000330131	-6.37855e-06	-0.00669266	-0.0168515	0.130274
0.0005241	-9.47777e-05	1.51542e-05	-0.0103357	-0.0132076	0.118036
0.000640638	-0.000119404	3.87379e-07	0.00151435	-0.0120242	0.123569
0.000711055	-0.000444325	-4.1515e-05	-0.00780829	-0.0144805	0.134325
0.00045772	0.000200343	4.56067e-05	-0.000311332	-0.0136683	0.112638
0.0011338	0.000328001	-8.2708e-06	0.00507512	-0.0219404	0.146933
0.00162202	0.000242593	-0.000104428	0.00650028	-0.00871808	0.169213
0.000472374	-0.000133795	1.33276e-05	0.00341247	-0.0137408	0.119181
0.000571375	0.000309427	-2.24673e-05	0.00510728	-0.0171875	0.133293
0.000374009	-0.000215882	1.0653e-06	-0.00460767	-0.0128366	0.125898
0.000411654	1.87394e-05	-8.82134e-06	-0.000209769	-0.0142274	0.0995598
0.000971692	-5.33438e-06	4.92674e-05	-0.00585135	-0.0183838	0.149603
0.00116191	0.0002193	0.000110095	-0.0024151	-0.0185262	0.142441
0.000484381	0.000191709	-1.31763e-05	0.00956361	-0.00618025	0.12422
0.000283175	-0.000143057	1.82286e-05	-0.00853446	-0.0109249	0.133719
0.000971509	-7.91131e-05	1.99204e-05	-0.00240078	-0.0161387	0.15755
0.00165009	-3.89253e-05	5.17987e-05	-0.000391145	-0.0231442	0.175518
0.00106394	0.000547842	-7.19646e-05	0.00985616	-0.017817	0.139639
0.00126056	0.000471395	-2.63557e-05	0.0112674	-0.0221682	0.151084
0.000726516	0.000200394	3.81433e-07	-1.60895e-05	-0.0221425	0.13011
0.000109463	5.50434e-05	-5.00789e-06	-0.00099811	-0.00825185	0.108475
0.000244058	-8.26945e-05	-2.04027e-05	-0.00330565	-0.00933018	0.109384
0.000354932	0.000240093	-3.93847e-05	0.00995407	-0.00906347	0.124606
0.00066604	0.000379167	2.49037e-07	0.00895069	-0.0125442	0.144169
-7.23125e-05	3.75508e-06	1.09708e-05	-0.000947764	-0.00365981	0.118152
0.000132455	-7.11626e-05	1.03439e-06	-0.0024531	-0.00576584	0.10742
0.000512764	0.00023319	1.03699e-05	0.0064837	-0.00884708	0.12954
0.000946324	0.000561328	-0.000128917	0.0114407	-0.0149962	0.140818
0.000519243	0.000337201	2.14085e-05	0.000974921	-0.0169875	0.122421
0.000406246	8.24449e-05	-3.88341e-05	0.00262962	-0.00887097	0.0905283
0.000144873	-5.61622e-05	-2.00704e-06	-0.0024766	-0.00563422	0.10608
6.34713e-05	2.87197e-05	-6.78184e-06	0.00231014	-0.00297061	0.126007
0.00103727	-0.000100896	-3.84973e-05	-0.000881952	-0.0149159	0.155111
0.00148655	-1.17165e-05	2.60629e-05	-0.00197086	-0.0171055	0.171439
0.000627247	0.000288523	6.67751e-05	-0.000766611	-0.011211	0.106782
0.000924358	5.18811e-05	6.18608e-06	-0.000554015	-0.0109725	0.134695
0.000759896	-3.42389e-05	2.02829e-05	0.000802302	-0.0174187	0.119369
-2.25746e-05	-9.53044e-05	-4.73194e-06	-0.00388514	-0.00463104	0.0966485
0.00016171	-4.82138e-06	-1.11018e-05	-0.000353245	-0.00758777	0.0820539
0.000522808	0.000197498	-3.30585e-05	0.00598443	-0.0101861	0.121978
0.000422244	-5.00227e-05	-1.30807e-05	-0.00241194	-0.00691647	0.0972587
0.000176608	-1.47365e-05	-1.29472e-05	-0.000501244	-0.00755586	0.0812866
0.000318814	0.000192458	-3.90081e-06	0.00269022	-0.00836641	0.121918
0.000233702	-0.000108338	-1.38907e-05	-0.00271864	-0.00622847	0.10137
0.000398526	0.00018786	-1.00086e-05	0.00423231	-0.00855304	0.124825
0.000229522	-0.000286847	-3.44119e-05	-0.00959076	-0.00744989	0.131671
0.00041658	-0.000216771	-4.17653e-05	-0.0013136	-0.00886476	0.116059
0.000865419	0.000125595	-2.86882e-05	0.00170631	-0.0115251	0.135254
0.000893323	-0.000394566	4.87572e-05	-0.0133229	-0.00770988	0.123883
0.000620509	-0.000197196	1.96418e-06	-0.0115833	-0.0150778	0.11279
0.000518502	-0.000316761	-4.76158e-05	-0.00586205	-0.0135737	0.117793
0.00091718	-0.000487862	-4.99418e-05	-0.0108877	-0.0178016	0.143537
0.000224383	0.000141967	-2.38902e-05	-0.000217073	-0.0122067	0.128884
0.000108305	-0.000120261	-3.25575e-05	-0.00711677	-0.00796522	0.103415
0.00010319	7.40758e-05	-3.49517e-05	-0.00131513	-0.0117092	0.108842
0.000238974	-8.03175e-05	-2.34642e-05	-0.004754	-0.00737466	0.102729
0.00036517	-3.07012e-05	-2.22438e-05	-0.00513896	-0.00759075	0.105956
0.0009948	-0.000223689	5.96205e-05	-0.0039666	-0.0131546	0.126643
0.0013416	-0.000284157	9.21326e-05	-0.00461482	-0.0230223	0.153101
0.00160124	-0.000163239	4.43234e-06	-0.00240578	-0.0213602	0.171268
0.00135477	0.000240038	3.01282e-05	0.00434048	-0.0238744	0.155126
0.000258316	6.47038e-05	2.59864e-05	0.00113616	-0.0117423	0.0990874
0.000210811	1.5746e-05	-1.2142e-05	0.000253592	-0.0101398	0.0813527
0.000353548	7.96352e-05	-5.21179e-05	0.00249396	-0.0102637	0.0858132
0.000972561	0.000119818	-2.01199e-05	0.00327926	-0.0147547	0.133917
0.00146886	0.000179934	7.06261e-05	0.00427217	-0.0322354	0.165152
0.000473239	-9.18074e-05	-2.66302e-06	-0.00623607	-0.00808425	0.124246
7.59961e-05	0.000275256	-2.37378e-05	0.00647823	-0.00944536	0.118723
-0.000329855	0.000219175	1.54611e-05	0.00187261	-0.00684517	0.1162
0.000328655	0.000287777	2.4624e-05	0.0107024	-0.0135195	0.141711
0.00131286	0.000152102	-2.19304e-05	-0.00243111	-0.0233974	0.150083
0.00166643	0.000112126	-2.92602e-05	0.000221905	-0.0178648	0.172026
0.000160655	-0.00012865	-1.15696e-05	-0.00651183	-0.00723952	0.102814
0.00010112	-8.20508e-05	-2.12863e-05	-0.00776203	-0.0117383	0.118347
0.000817161	-0.000341165	-1.42617e-05	-0.0135226	-0.0130794	0.150222
0.00126528	-0.000215108	6.52651e-07	-0.00766343	-0.0128855	0.170284
0.000355766	-0.000300385	1.30934e-05	-0.0133653	-0.00675709	0.122668
8.91968e-05	-0.000254348	-1.10843e-05	-0.00455866	-0.0118576	0.12989
0.00104784	-0.000340351	-1.75062e-05	-0.00997799	-0.02543	0.154062
0.000437165	-0.000268911	6.07147e-05	-0.010235	-0.00468489	0.122872
0.000442731	3.42427e-06	-8.29565e-07	-0.00373253	-0.0161106	0.12251
0.000946796	-2.00529e-05	1.16531e-05	-0.000609709	-0.013458	0.121003
0.00121995	-0.000224321	0.000124284	-0.00814592	-0.0256931	0.143175
0.00134168	-0.000342122	0.000160251	-0.0169894	-0.0209397	0.154385
0.00120417	-0.00053544	6.00924e-05	-0.0125594	-0.0202496	0.153616
0.000620674	-0.000352229	-6.67691e-05	-0.00115047	-0.0133069	0.122268
0.000345279	0.000137081	-1.12412e-05	0.00524218	-0.00741136	0.0931776
0.000444475	-4.57141e-05	-1.2859e-05	-0.000529732	-0.00653698	0.126722
0.00137267	-7.27118e-06	4.28506e-05	-0.00170665	-0.0172503	0.159825
0.00164489	1.40811e-05	1.85431e-05	-4.26839e-05	-0.0215172	0.172988
0.00111714	-0.000462648	2.779e-06	-0.00758161	-0.0131615	0.14387
0.000259798	-6.24445e-05	-1.3845e-05	-0.0032097	-0.00699561	0.0961894
-4.50755e-05	0.000110997	-3.06717e-05	0.00390192	-0.00544175	0.113131
2.23059e-05	-0.000156665	-3.97976e-06	-0.00268126	-0.0101829	0.133611
0.000127582	1.35878e-06	-4.2496e-05	-0.00590321	-0.00960021	0.121783
0.000433809	6.23766e-05	9.05447e-06	0.000539581	-0.0149206	0.0998476
0.000391963	6.90758e-05	-7.08251e-05	0.0032957	-0.0170245	0.10046
0.000886534	0.000315825	-0.000155424	0.0066572	-0.0201869	0.127948
0.000412706	6.69028e-05	-2.99274e-05	0.000386735	-0.00831441	0.0878713
0.000973402	0.000129271	-1.51698e-05	0.00588093	-0.0158225	0.139343
0.000892666	0.000454403	-8.50053e-05	0.0133886	-0.0156224	0.141346
0.0014187	0.000254491	-3.73777e-05	0.00131376	-0.0223079	0.16745
0.000468846	3.58153e-06	-2.43389e-05	-0.00145736	-0.00865185	0.0994275
0.000871989	-0.000280902	-2.56142e-05	-0.00682361	-0.00975145	0.124811
0.00142342	-0.000214499	-2.62069e-05	-0.00366236	-0.0197169	0.160316
0.000337909	0.0002625	-3.61808e-05	0.00713039	-0.00893851	0.112304
0.000414681	0.000312533	-1.37125e-05	0.00292044	-0.012853	0.128036
-9.04914e-05	-0.000127128	-4.16266e-05	-0.00636986	-0.010302	0.108456
-0.000155906	2.80679e-05	4.42619e-05	-0.00236942	-0.0105588	0.101533
0.000638949	0.000147714	2.70274e-05	0.00339871	-0.016509	0.137474
0.00134756	4.11553e-05	-6.92505e-05	0.00440585	-0.0261269	0.162782
0.00110838	0.000477594	-7.85039e-05	0.00653621	-0.0246923	0.137913
0.0015792	0.000255367	-7.74645e-05	0.00837877	-0.0300996	0.168914
0.00153602	0.000445027	1.47261e-05	0.00145181	-0.0244565	0.161913
0.00141613	0.000670801	-0.000150569	0.00757222	-0.0249969	0.157137
0.00168155	0.000410971	-5.12535e-05	0.0139918	-0.0358991	0.174499
0.000883935	0.000222915	-3.35949e-05	0.00481439	-0.0121977	0.132925
0.000202908	-5.83713e-05	2.86933e-06	0.00109734	-0.0126099	0.0965639
0.00042041	-0.000213088	-7.11089e-07	-0.000703564	-0.0173485	0.120419
2.96179e-06	4.36329e-05	-5.99631e-06	0.00498801	-0.00666348	0.114732
0.000938601	-0.000329864	8.05207e-06	-0.00351128	-0.0158688	0.124672
0.000693112	0.000321039	-0.000107236	0.0129274	-0.00951943	0.114352
0.00026693	-0.000214864	2.49186e-05	-0.00457254	-0.0105886	0.121376
0.000156058	3.75792e-05	3.32466e-06	0.00715605	-0.0125543	0.101861
0.000254008	7.27326e-05	5.06899e-07	0.00591916	-0.0152616	0.0968464
-7.4098e-05	-5.34764e-05	2.16264e-05	0.00506825	-0.0102718	0.115833
0.000718748	1.93422e-05	1.75773e-05	-0.00286703	-0.020423	0.121662
0.00050781	-0.00010059	-1.85699e-05	-0.00126509	-0.0205989	0.120654
0.000581573	0.000359488	8.53031e-05	0.0108763	-0.0165988	0.132084
0.000527108	0.000229473	-1.13418e-05	0.0132193	-0.0083066	0.110677
0.000392733	-5.73565e-05	-2.19368e-05	7.9326e-05	-0.0133536	0.0980347
0.000529105	-6.15075e-05	-2.00679e-06	-0.00543115	-0.0119151	0.11981
0.000502568	-0.000361173	9.49876e-06	-0.00981828	-0.0102088	0.139509
0.000684102	-9.31238e-05	2.30589e-05	0.00516189	-0.0121163	0.145691
-9.52821e-05	3.46726e-05	8.17787e-05	0.00067643	-0.00454775	0.11792
0.000551305	0.000299972	3.2002e-05	0.00497332	-0.0185066	0.140798
0.000243629	8.2274e-05	1.01109e-05	-0.000101517	-0.0130855	0.097778
0.000779993	0.000368998	-1.50218e-05	0.00538072	-0.0175723	0.114414
0.000876254	-5.24425e-05	-9.21414e-05	0.00537515	-0.0167488	0.127636
0.000887783	-0.000420563	-7.67257e-05	-0.00747494	-0.0204646	0.139742
0.00112861	-0.00058825	-3.84859e-05	-0.00815323	-0.027439	0.151223
0.00169924	-0.000397862	0.00013289	-0.0111844	-0.0134888	0.171871
0.00184017	-0.000163193	0.000153867	-0.0100933	-0.0304068	0.184698
0.000453651	0.000183123	-3.3536e-05	0.0107902	-0.0141248	0.118786
0.00015931	4.12905e-05	2.83594e-05	-0.00104411	-0.00954042	0.0999442
0.000134593	0.00019348	2.51419e-05	0.00298654	-0.00725918	0.104376
0.000526637	0.000395886	5.51502e-05	0.00768214	-0.010865	0.135088
0.000406312	0.000146548	6.10289e-05	0.00233732	-0.0200612	0.129471
0.000198908	2.29751e-05	2.65307e-05	-0.00327238	-0.00847769	0.0804189
0.000188954	7.28969e-05	5.90937e-05	-0.00225598	-0.0110036	0.097145
0.000631064	-0.000129656	0.000134506	-0.00981034	-0.0141088	0.114462
0.000196548	-8.7338e-05	-2.74391e-05	-0.00882399	-0.0138933	0.101703
0.00114438	-0.000119821	3.91925e-05	-0.0044361	-0.0117741	0.137765
0.00119987	0.000193929	-2.77026e-05	0.00703635	-0.0206835	0.143489
0.00089907	6.17879e-05	5.87927e-05	-0.00763026	-0.018711	0.133437
0.000815285	-0.00032412	9.46489e-06	-0.0105577	-0.0126311	0.139799
0.00078932	-0.000259312	-1.87225e-05	-0.0013177	-0.0154532	0.116502
0.000209213	2.71419e-05	3.76872e-05	-0.00271742	-0.00558815	0.0823703
0.000388577	3.79971e-05	3.21088e-05	-0.00024777	-0.0112418	0.0990852
0.0005497	-0.000243356	2.8932e-05	-0.00669199	-0.0190138	0.118178
0.00113719	-0.000137334	3.94179e-05	-0.00615815	-0.0238794	0.155741
0.000805622	0.000455688	3.66106e-05	0.00680509	-0.0193199	0.137482
0.000619729	0.00023179	-1.19213e-05	0.0104373	-0.0119594	0.115962
0.00087043	-4.03233e-05	-3.52659e-05	-0.00202215	-0.0202586	0.127728
0.00144058	-1.10799e-05	6.79478e-05	-0.000611763	-0.0221133	0.158099
0.00182328	-6.58561e-05	9.69975e-05	-0.00336944	-0.0216204	0.180039
0.00190946	-5.96506e-07	0.000215176	-0.00421462	-0.0348174	0.191781
0.00102854	-1.78249e-06	-3.73721e-05	0.00638352	-0.0148412	0.143125
0.000343742	7.8739e-05	3.81664e-05	0.00276504	-0.00922039	0.101417
3.47678e-05	-5.27717e-05	4.46531e-05	-0.00345562	-0.00516279	0.106642
0.000268311	-9.63068e-05	7.17058e-05	0.00077492	-0.0111524	0.0962253
0.000611967	-0.000264472	4.21939e-05	-0.00632987	-0.0110072	0.132835
0.00121675	-0.000220259	6.07532e-05	-0.000434411	-0.0202998	0.16183
0.000767175	0.000389323	4.03714e-05	0.0182813	-0.0098668	0.134296
0.00111307	0.000480668	0.000134175	0.00813816	-0.0117137	0.150539
0.00128806	0.00060988	-2.33363e-05	0.0162527	-0.0165639	0.149413
0.00140867	0.000594697	-0.000126801	0.0178547	-0.0219913	0.16196
0.000281225	0.000114971	8.17402e-05	0.00605552	-0.00999917	0.093245
0.000588621	0.000382559	0.000152361	0.0183552	-0.0128953	0.129368
0.000878523	-6.96051e-05	-1.85667e-05	0.00822952	-0.022801	0.126548
0.00123073	-0.000218332	2.22251e-05	0.00142387	-0.0214155	0.141335
0.00159685	-0.000151153	3.60929e-05	0.00832723	-0.0247193	0.168124
0.0017898	-0.000103834	5.6398e-05	0.00160063	-0.0305873	0.183242
0.00195101	-0.000132261	1.987e-05	0.0125523	-0.0330596	0.192411
0.00210657	1.33386e-06	-9.30914e-05	0.00772511	-0.0251133	0.200949
0.00214375	7.39182e-05	9.37298e-05	-0.00105221	-0.0297027	0.205657
0.00214687	6.9712e-05	-5.89422e-05	0.00256152	-0.0298971	0.204971
0.00211819	0.00010212	-6.7742e-05	0.00243581	-0.0285139	0.201506
0.00206844	9.30037e-05	-6.96354e-05	0.00382359	-0.0277748	0.199944
0.00166554	-0.000295991	0.000135752	-0.00953353	-0.025636	0.173588
0.00135265	-0.000665773	0.000269319	-0.0237165	-0.019741	0.150713
0.000344402	0.000189016	4.54944e-05	0.00902434	-0.0108599	0.121611
0.000683775	0.000373133	-1.39231e-05	0.0112648	-0.0134382	0.142699
-0.000141526	-0.000104774	2.19005e-05	0.00054691	-0.0101352	0.114628
0.000480524	-7.97499e-05	2.03184e-05	-0.00743614	-0.0121573	0.129749
0.000758416	0.000244174	6.15567e-05	0.0063415	-0.0255059	0.139245
0.000630795	-0.000368651	-2.85952e-05	-0.00796081	-0.0218824	0.119987
0.0010405	-0.000466688	6.99616e-05	-0.0095375	-0.025895	0.142124
0.0015565	-0.000484057	0.000110409	-0.0101551	-0.0196797	0.16417
0.0003449	8.56274e-05	-5.83639e-05	0.00389508	-0.0149503	0.118629
0.000912024	-3.70267e-05	-0.000112435	0.00349258	-0.0186097	0.141557
0.000431252	0.000125078	-3.90115e-05	0.00264197	-0.0147336	0.119337
0.000438865	3.38578e-05	-5.7494e-05	0.00172252	-0.00863791	0.0986954
0.00108644	7.04675e-05	-7.53269e-05	0.00188205	-0.0153634	0.152177
0.000784407	0.000592519	-0.000118504	0.00468119	-0.0155675	0.138308
0.00132729	0.000475498	-0.000185335	0.0137566	-0.02071	0.161525
0.00141233	0.000551605	-0.00011232	0.0111223	-0.0224118	0.161111
0.00134982	0.00068702	-0.000125461	0.0116176	-0.0211902	0.148714
0.000616893	-6.87589e-05	-7.90843e-06	-0.00665021	-0.0125295	0.119209
0.00140443	4.94153e-06	-5.83104e-05	-0.000311827	-0.0234226	0.157139
0.00123561	-0.000430976	-3.23712e-05	-0.00976359	-0.0226807	0.147148
0.00145969	-0.000530111	4.15227e-05	-0.00561929	-0.0209271	0.159813
0.000765409	-0.000170971	8.58455e-05	-0.0109498	-0.0182813	0.131534
6.82855e-05	0.000101895	-4.24772e-05	0.0055025	-0.0072407	0.115184
7.07438e-05	-0.000227629	-3.12047e-05	-0.0013699	-0.0149361	0.135016
0.000114666	0.000196007	4.20392e-05	0.00994805	-0.0176875	0.133177
0.000813148	0.000401078	-1.27335e-05	0.0178571	-0.0174003	0.144615
0.000366677	8.15732e-05	-3.47476e-05	0.000288254	-0.0075696	0.103865
0.00128931	-6.01724e-05	-2.49881e-05	7.31507e-06	-0.0203975	0.147815
0.000430302	-4.35965e-05	-3.48204e-05	0.000891961	-0.0093369	0.0963627
0.000603515	9.63376e-06	2.36764e-05	-0.00100174	-0.0149625	0.110129
0.000169035	0.000137087	-1.62999e-05	0.0082972	-0.00733862	0.101236
0.000416849	-0.000279229	-1.08123e-05	-0.00901905	-0.00976602	0.117014
0.000933921	-0.000474289	1.85658e-05	-0.00506147	-0.0108637	0.136004
0.00159891	-0.00020283	3.4042e-05	-0.0030963	-0.0205953	0.166073
0.00187399	-9.03523e-05	2.90623e-05	9.42969e-05	-0.0232193	0.185326
0.00152537	0.00031095	-0.000146028	0.0118087	-0.0242541	0.170058
0.000420249	3.44162e-05	-3.9781e-05	-0.00135182	-0.00680101	0.0991884
0.000838273	-0.000236233	8.79918e-06	-0.00832304	-0.0126484	0.122206
0.00143143	-0.000256918	4.86727e-05	-0.005779	-0.0165647	0.154433
0.0012256	-0.000604714	0.000156578	-0.00943556	-0.00845684	0.142095
0.000692753	-0.000258615	2.4032e-05	-0.00973283	-0.0245735	0.118431
0.000427871	-6.23932e-05	2.03916e-05	-0.00470942	-0.0138927	0.120205
0.000141084	-1.43763e-05	3.15999e-05	-0.00618105	-0.0145782	0.116732
0.000924938	-0.000210208	-1.37572e-05	-0.00778478	-0.0218792	0.132872
0.000244879	2.61465e-05	5.54231e-06	-0.00405968	-0.0093251	0.0808615
0.000263669	-5.3648e-05	5.0618e-06	-0.00537807	-0.008254	0.0949339
0.000669043	-0.000408434	8.50137e-07	-0.0122652	-0.0129494	0.12767
0.000953451	-0.00057597	5.62291e-06	-0.0126999	-0.0178198	0.144558
0.000899101	-0.000258641	8.24624e-05	-0.00787784	-0.0115458	0.120431
0.000661095	0.000132492	9.2389e-07	-0.00193586	-0.0112705	0.113772
0.000601526	0.000163887	-4.92678e-05	0.00361063	-0.0163273	0.106648
0.000173815	9.01263e-06	-3.36877e-06	-0.00344248	-0.012818	0.0815092
0.000265661	0.000101845	1.36479e-06	-0.00274944	-0.0121682	0.0964383
0.000966004	6.75119e-05	2.86047e-06	-0.00436861	-0.0217281	0.142209
0.00149016	0.000131722	-6.45756e-05	0.000851009	-0.0282729	0.165311
0.000797259	-1.73233e-05	-6.27432e-05	-0.00480083	-0.026867	0.133749
0.000237827	-0.000149185	1.48528e-06	-0.00198896	-0.0104424	0.115598
0.000301241	0.000101512	-3.13546e-06	0.000331097	-0.00901117	0.0952884
0.000960845	0.000112302	-2.21091e-05	-0.000694505	-0.0132962	0.146008
0.00141703	0.00016416	-0.000102204	0.0010366	-0.0195195	0.162402
0.00103252	-0.000407669	5.99039e-05	-0.011069	-0.0139926	0.130236
0.00143003	-0.00022697	-2.53627e-05	-0.00544458	-0.0291678	0.162154
0.0018795	-0.00016268	4.14976e-06	-0.00306602	-0.0177335	0.179882
0.00092211	1.55989e-05	-7.72355e-05	-0.00512729	-0.0247934	0.139556
0.000210728	1.72875e-05	-2.75989e-05	-0.000389403	-0.0117255	0.0799938
0.000438186	-0.000274201	-2.42184e-05	-0.00546209	-0.0156966	0.115316
0.000430268	-6.61521e-05	-3.9321e-06	-0.00752264	-0.0110059	0.118797
0.000237837	-0.00013723	-2.0951e-05	0.00111494	-0.0158441	0.0901579
0.000103913	0.000163101	7.89884e-06	0.00394748	-0.0151974	0.10345
0.000543046	1.64345e-05	-0.000104018	0.000863275	-0.0146816	0.133503
0.000712983	-0.000276123	-3.17186e-05	-0.00623314	-0.0173367	0.146867
0.00149677	-0.000160285	-2.83037e-05	0.0020666	-0.0246355	0.163246
0.00175066	-0.000120637	-5.44406e-05	0.0020579	-0.0208252	0.176938
0.0018819	-4.56031e-05	4.8883e-05	-0.00555886	-0.0274831	0.187949
0.0015328	-0.000292784	-8.3816e-06	-0.00732367	-0.0298039	0.169008
0.00162855	-0.000382393	0.000135063	-0.00587898	-0.016961	0.167435
0.00176756	-0.000279162	4.39489e-06	-0.00445638	-0.0223374	0.179332
0.000526021	0.000170592	7.63847e-06	-0.0019912	-0.0177477	0.11876
0.000318959	-0.000182928	4.9786e-06	-0.00134757	-0.00698405	0.104596
0.000338224	-0.000237995	-1.11159e-05	-0.00843649	-0.00718931	0.11861
0.000412095	-0.000174976	-9.85349e-06	-0.00419031	-0.0106194	0.113605
0.000162754	3.41341e-06	1.02655e-05	0.00136596	-0.0096445	0.104107
0.000283127	0.000330394	2.66595e-05	0.0139313	-0.00760737	0.124228
0.000646476	0.000501651	7.96129e-06	0.0127999	-0.0155904	0.143377
0.000892571	0.00063564	0.000183204	0.0119916	-0.0213053	0.14377
0.000693882	0.000251588	-8.76524e-05	0.00702905	-0.0128414	0.123233
0.000364439	-0.000390718	-3.82696e-05	-0.00283535	-0.0158	0.118124
0.000518075	-0.000153672	2.19297e-05	-0.00414289	-0.0119545	0.114288
0.000438702	-7.47336e-05	2.10254e-05	0.00316504	-0.00960272	0.100723
0.000245536	-0.000192053	1.41606e-05	0.000761637	-0.00861736	0.109082
0.00109704	-0.00019036	2.09748e-05	0.000906899	-0.0175198	0.158479
0.000877228	-0.000557641	2.66097e-05	-0.00987118	-0.01485	0.139111
0.000298769	6.02031e-05	5.38905e-05	0.00775336	-0.00602387	0.109683
0.000282677	-9.02759e-05	3.3139e-05	0.00152453	-0.00916085	0.104302
0.000438585	-0.00028863	3.99347e-05	-0.00774841	-0.0052658	0.117548
0.000454322	-0.000300511	1.31981e-05	-0.00169631	-0.0142655	0.121793
0.000720986	-0.000258227	2.7996e-05	-0.00924906	-0.00854785	0.14391
0.000347236	9.44171e-05	-8.22801e-06	-0.000278539	-0.00459352	0.0879882
0.00107858	0.000193637	4.47752e-06	0.0030386	-0.0121671	0.139894
0.00158992	6.3863e-05	6.80285e-05	0.00014024	-0.0198613	0.167304
0.00132467	-0.000255893	5.53372e-05	-0.0118643	-0.0210403	0.159481
0.000905051	-0.000558288	-0.000143939	-0.0122536	-0.0260032	0.149193
0.000129272	6.53132e-05	7.01042e-05	-0.000169354	-0.0108947	0.112585
0.000817006	9.43898e-05	4.80734e-05	0.000146695	-0.0204029	0.150367
0.000508843	5.60288e-05	-4.51338e-05	0.00613229	-0.0164627	0.112843
0.000662696	-0.000365017	-5.04251e-06	-0.00673137	-0.0200844	0.124074
0.000792972	-4.84186e-05	7.88197e-05	-0.00667793	-0.0141343	0.129091
0.000828897	0.000397347	-2.93361e-05	0.00475099	-0.014398	0.13053
0.00116625	0.000587463	-4.14416e-05	0.00989648	-0.019586	0.13968
0.000147736	4.9794e-05	2.97108e-05	-0.00432036	-0.00845588	0.107816
0.000686311	0.00039389	4.94896e-05	-1.60892e-06	-0.0162902	0.132571
0.000610135	0.000283144	-3.36844e-07	0.00485212	-0.0179492	0.118433
0.000439849	1.31411e-05	4.57154e-05	-0.00829738	-0.0120863	0.101609
0.00126282	4.63983e-05	6.01833e-05	-0.00528089	-0.0176511	0.146276
0.00160002	3.62769e-05	-3.6263e-06	-0.0064435	-0.0233605	0.167635
0.00126782	0.000263623	-0.000118402	-0.00165921	-0.0245615	0.154799
0.000283682	-3.07951e-05	-4.12429e-05	-0.00529436	-0.0121607	0.106599
-7.91486e-05	-0.000114618	-3.84385e-05	-0.00973937	-0.00904292	0.110521
0.000613812	-0.000137487	7.19069e-05	-0.01071	-0.0135804	0.14831
0.000590979	-5.06803e-05	1.70937e-05	-0.00650539	-0.0160411	0.121538
0.000790422	-9.1196e-05	3.12484e-05	-0.00413094	-0.0102719	0.127943
0.000996043	-0.000335044	-1.01153e-05	-0.00757158	-0.0171811	0.145092
0.000535426	-0.000162285	2.132e-05	-0.0114047	-0.00705203	0.124309
0.000427195	0.000323706	-4.5936e-05	0.00619757	-0.00658007	0.133268
-9.58689e-05	-1.00428e-05	-6.02133e-05	-0.00202479	-0.00357284	0.11459
0.000212731	6.96167e-07	1.20709e-06	7.20324e-05	-0.0121106	0.0799945
0.000233446	2.36864e-05	-4.07491e-05	0.00287576	-0.0132355	0.0931208
0.000150625	3.20778e-05	-3.69935e-06	0.000771935	-0.010366	0.0991714
0.000347978	-0.000167593	2.41002e-06	-0.00829773	-0.0107544	0.120391
0.00120608	-0.00016223	0.000161942	-0.00556192	-0.0194692	0.155518
0.00168473	-8.52861e-05	6.3706e-05	-0.0049594	-0.0221876	0.173285
0.00130009	-0.000527913	-7.34101e-06	-0.00809055	-0.0086027	0.14719
0.00026561	6.29139e-05	2.06154e-05	0.000102665	-0.00897042	0.110068
0.000140747	-0.000193689	5.21778e-05	-0.00917522	-0.00915368	0.116465
0.000511882	-0.000221884	0.000145586	-0.0130305	-0.0196063	0.141781
0.00109907	-0.000214218	0.000124521	-0.0115681	-0.0334338	0.167448
0.00112638	-0.000550533	0.000190808	-0.00842735	-0.0210524	0.133894
0.000623752	0.0001739	4.34967e-05	0.0057096	-0.0226455	0.111682
0.000910669	-0.000181381	9.99995e-05	0.00253098	-0.0204075	0.131369
0.00100692	-0.000474065	0.000125019	-0.00444083	-0.021363	0.139358
8.51357e-05	0.000195278	0.000162668	0.00536437	-0.0167636	0.0992728
0.000459515	7.8334e-05	0.000108368	0.00478249	-0.0143363	0.127697
0.000449484	-0.000268838	0.000117642	-0.00936254	-0.0144876	0.140992
-2.41605e-07	0.000112599	0.000104215	0.00277233	-0.00317166	0.124827
0.000993636	0.000279293	0.000148728	0.00531851	-0.0146043	0.152042
0.00120673	0.000268342	-4.32955e-05	0.00668259	-0.0201507	0.14224
0.000944552	8.51529e-05	0.00017711	-0.00299668	-0.0128553	0.12443
0.00125677	-0.000151636	0.000168347	-0.00534567	-0.0121638	0.14033
0.000184123	-0.000192898	0.000118851	-0.00633039	-0.00427713	0.0976421
0.000549766	-0.000449929	7.39385e-05	-0.0117812	-0.00402126	0.131092
0.000443256	-0.000361941	2.87459e-05	-3.95817e-05	-0.00490318	0.127454
0.000195053	-0.000235646	2.20375e-05	-0.00927134	0.00403895	0.129086
-8.01784e-05	8.29863e-05	8.16354e-05	0.000662187	-0.00387594	0.115649
0.000172471	-0.000248386	7.40059e-05	-0.000349758	-0.0103394	0.113866
0.00089608	-0.000221679	5.18644e-05	0.00112417	-0.0179349	0.155122
-8.82733e-05	-9.85317e-05	5.23839e-05	0.00259161	-0.0114713	0.108491
0.000389171	6.44959e-05	9.29232e-05	0.0118993	-0.0164218	0.103023
0.000954994	-0.000170177	0.00011276	0.00400247	-0.0117664	0.1338
0.000398091	-0.000126095	0.000132246	0.00628692	-0.0106973	0.0854531
0.00105265	-0.000162766	0.000141869	0.00433992	-0.0158986	0.131368
0.0011347	0.000162141	9.44706e-05	0.0124447	-0.0231289	0.142482
0.00112004	0.000486769	0.000114881	0.022941	-0.012508	0.141867
4.09815e-06	-0.00019093	0.000116402	0.00366446	-0.00129042	0.10881
0.000513947	1.51217e-05	0.000111221	0.00935069	-0.0033479	0.0999872
0.000802687	-0.00039848	0.000147952	-0.000454339	-0.00700469	0.114068
0.00132623	-0.000311202	0.000231236	-0.00291257	-0.013698	0.147916
0.00174595	-0.000193432	0.000103575	-0.00274639	-0.0153204	0.171632
0.000103225	-4.57075e-06	0.000126096	0.00156101	0.00036841	0.088765
0.000277064	-0.000141964	6.07561e-05	-0.00389727	-0.001654	0.0928299
0.000178796	-2.30106e-06	8.03277e-05	-0.00339095	-0.00662218	0.101785
0.000102028	-9.50269e-05	0.000119852	-0.00496154	-0.00332626	0.118436
7.45832e-05	-5.4526e-05	8.60419e-05	-0.00718103	-0.0103578	0.106226
0.000751577	-0.000153889	0.000138645	-0.010178	-0.0170369	0.110331
0.000216596	0.000211833	5.78557e-05	0.00218391	-0.000652584	0.0982868
0.00057561	0.000462067	0.000144319	0.00539374	-0.00526166	0.123602
0.00131205	0.000311013	-2.07292e-05	0.00217543	-0.0126555	0.146903
0.00137874	0.000370145	-7.02272e-05	0.00704546	-0.0175523	0.155559
0.000566295	-0.00024258	6.3418e-05	-0.00687182	-0.0041538	0.117208
0.000341498	-0.000113436	0.000140912	-0.00140453	-0.00260004	0.11857
0.000427692	-0.00042111	1.05157e-05	-0.0113057	-0.0161539	0.130878
0.000625825	-0.000238318	9.12781e-05	-0.0151925	-0.0128739	0.125669
0.00061125	0.000108664	8.03831e-05	0.000292342	-0.00617561	0.105011
0.00102458	-0.000173615	-3.84848e-07	-0.00630282	-0.0113455	0.138734
0.00117846	0.00014546	4.39618e-05	0.00602852	-0.0167522	0.145696
0.000654759	-5.64348e-05	2.14613e-05	-0.00196917	-0.00247932	0.106903
0.000616018	0.000380322	1.82699e-05	0.00610185	-0.00425232	0.129626
0.00120942	0.00052635	4.63543e-05	0.00692106	-0.00893407	0.143391
0.00167178	0.000212323	-0.000139206	0.00614043	-0.0125289	0.167548
0.000851614	-0.000387145	-5.53732e-05	-0.0134458	-0.00084888	0.133251
0.0012872	-0.000279437	2.3083e-05	-0.00693387	-0.0086467	0.158693
0.000705607	-0.000287206	0.000191824	-0.00991539	-0.010441	0.109234
0.000860932	-3.43128e-05	-2.723e-05	0.00234617	-0.0194706	0.119575
0.00100283	-0.000278843	1.14819e-05	0.000767899	-0.0158241	0.136912
0.000991898	-0.000549037	0.000130874	-0.00431545	-0.0145079	0.141245
0.000399984	-0.000306231	3.2321e-05	-0.00820518	-0.0192969	0.121022
0.000457126	-4.11022e-05	2.02372e-06	0.00132773	-0.00606038	0.0995839
0.000494265	3.34253e-05	1.54436e-05	-0.00423687	-0.00650317	0.0945542
0.00114074	7.49133e-05	2.72561e-05	-0.00339907	-0.0128527	0.141573
0.000741077	5.41464e-05	-1.37839e-05	-0.000372265	-0.0116941	0.126712
0.000716366	0.000227509	3.96994e-05	-0.00162969	-0.00309771	0.111379
0.000835573	0.000436383	3.85012e-05	0.00311595	-0.00793824	0.132737
0.000732573	0.00024497	-2.73186e-05	-0.00324074	-0.0100108	0.114924
0.000105235	4.9557e-05	1.47695e-05	0.000732507	0.00315557	0.105486
0.000186341	-0.000251765	4.41264e-05	-0.00194752	0.00392027	0.11716
0.000620082	-0.000513227	-8.59831e-05	-0.00581245	-0.00688343	0.138361
0.00149642	-0.000199124	0.000131435	-0.000747195	-0.00972919	0.156891
0.000963125	-5.64617e-05	5.85921e-05	0.00482067	-0.00578851	0.124955
0.000191396	-2.82644e-05	2.05543e-05	0.0063947	-0.0133387	0.0798123
0.000859191	2.07035e-05	-7.85425e-05	0.00985992	-0.0227935	0.132098
0.000255087	-2.15682e-05	9.05002e-05	0.00556016	-0.011105	0.0803877
0.000190789	-8.80448e-06	0.000133259	0.00462114	-0.0093537	0.0790844
0.000179522	-8.13821e-06	0.000127684	0.00337113	-0.00816761	0.114844
-9.4936e-05	5.34606e-05	0.000104015	0.00414466	-0.000169266	0.119622
0.000551614	0.000270725	1.81671e-05	0.0118067	-0.0182209	0.14425
0.000832777	0.000567097	0.00012763	0.0217105	-0.0200797	0.137145
0.00104516	-7.01299e-06	3.58891e-05	0.0122679	-0.00767005	0.134451
0.000305465	-9.61875e-05	0.000100041	0.0124766	-0.00338897	0.0944005
0.00109085	-0.000107879	3.65441e-05	0.0126375	-0.0108812	0.137131
0.00169611	-0.000101694	3.03601e-05	0.00500858	-0.00825116	0.167386
0.00149298	0.000161855	-0.000124367	0.01133	-0.0147509	0.15488
0.00141595	0.000373736	-7.18158e-05	0.00773846	-0.0113517	0.15606
0.000720114	-0.00047974	2.19778e-05	-0.007952	-0.00225089	0.124081
0.0013174	-0.000412202	0.000194982	-0.00734797	-0.000898476	0.154496
0.000393519	-0.000104972	9.0647e-05	0.000533448	0.00805392	0.0937862
0.000738923	-0.000325445	0.000121081	-0.00707182	0.00588305	0.132368
0.000715754	-0.000301932	1.1063e-05	0.000553356	-0.000358913	0.105413
0.00038706	2.0698e-05	0.000113834	0.00948423	-0.00194293	0.109262
0.000386175	0.000119045	0.000111206	0.0112569	0.00444931	0.105252
0.000279392	-0.000110942	8.83978e-05	0.00516513	-0.00519264	0.0957244
0.000160324	0.000142254	9.68649e-05	0.00961787	0.00340214	0.101123
0.000410888	4.2265e-05	0.000103695	0.00852625	0.00375517	0.126028
0.00104812	0.00019047	-6.90107e-06	0.0162246	-0.00557002	0.135361
0.000741575	0.000207293	8.86248e-06	0.0118325	-0.0086597	0.112973
0.000718245	1.69032e-05	-3.33071e-05	0.0106578	-0.0103816	0.127167
0.000266005	0.000258075	6.86463e-05	0.0160928	-0.00416811	0.111577
0.000227236	-0.000132245	1.63222e-05	0.00358455	-0.00433479	0.128597
0.00105095	-0.000446104	3.57453e-05	0.00329801	-0.011191	0.128189
0.000902052	0.000203633	-8.66115e-05	0.0132176	-0.00817951	0.114455
0.000724823	0.000108219	5.06424e-05	0.0028114	-0.02024	0.116259
0.000790848	0.000121787	2.10614e-05	0.00588446	-0.0150158	0.130129
0.00136385	0.000112475	-5.24852e-05	0.00665307	-0.0235258	0.158945
0.000396995	-0.000243076	-2.75225e-05	0.000284452	-0.0192063	0.1118
0.000123129	7.76726e-05	2.61725e-05	0.00435942	-0.012624	0.0963743
0.000463289	0.000379591	2.29734e-05	0.0118498	-0.0110898	0.129825
0.000191753	0.000169418	5.37797e-05	0.00400311	-0.0143277	0.0955356
0.00105394	0.000130693	8.93854e-05	0.00434525	-0.0244499	0.135122
0.00158216	5.11589e-05	-6.48886e-05	0.00610908	-0.0218878	0.165092
0.000522259	-0.000143226	0.000102429	-0.0146537	-0.00545324	0.115459
0.000396222	0.000267608	5.85025e-05	0.00210043	-0.00834967	0.125916
0.00138382	9.82207e-05	3.633e-06	7.12001e-05	-0.014805	0.150955
0.00139127	-0.000250922	-2.77649e-07	-0.00364484	-0.00319576	0.149048
0.00114058	-0.000459727	0.000107356	-0.0209151	-0.00889835	0.144634
0.00112418	-0.000617157	-2.42136e-05	-0.0107827	-0.0200948	0.14356
2.01829e-05	0.000169766	0.000191185	0.00219697	-0.00469183	0.107738
0.000160071	8.85655e-06	8.26188e-05	-0.00422836	-0.00694357	0.103017
0.000217635	-7.13571e-05	4.66191e-05	-0.00388889	-0.00905952	0.095535
0.000380993	-4.64161e-05	7.18403e-05	-7.95008e-05	-0.013827	0.105268
0.000147634	-0.000221796	5.48884e-05	-0.00733733	-0.0123499	0.123226
0.000108859	-3.35057e-05	3.02802e-05	-0.0035665	-0.0151325	0.0862052
7.35404e-06	-0.000221642	-9.12022e-05	-0.00666901	-0.00989313	0.110763
0.000335284	7.50934e-05	-0.000110118	-0.000738108	-0.0098249	0.0885692
0.00110995	0.000141965	-0.000140751	0.00254157	-0.019746	0.140832
0.00112295	0.00045978	-7.75991e-05	0.00632511	-0.0232638	0.139328
0.00154937	0.000365324	1.95961e-05	0.00668075	-0.0391792	0.171107
0.00189158	0.00034782	0.00010745	-0.00119687	-0.0246537	0.184726
0.00145905	-0.000119618	-8.39906e-05	-0.00174019	-0.0273213	0.15916
0.00122092	-0.000524288	2.13565e-05	-0.0142889	-0.0222199	0.144727
0.00146367	-0.00059981	0.000109858	-0.0157379	-0.0128748	0.156059
0.000214236	8.20964e-05	-1.90304e-07	0.00266456	-0.010738	0.0942689
0.000585331	0.000343011	3.63773e-05	0.00838739	-0.0154943	0.125468
0.000249321	-7.76851e-05	5.21888e-05	-0.0064769	-0.0148935	0.106299
0.000645275	3.72453e-05	0.00012955	-0.00458712	-0.0150858	0.1261
0.000583802	0.000115361	5.39153e-05	0.0047234	-0.023479	0.134626
0.00101123	0.000385205	2.505e-05	0.00969037	-0.0221265	0.131032
0.00151351	0.00025978	-8.67791e-05	0.00980368	-0.029271	0.161728
0.00144691	0.000357821	-7.30435e-05	0.0161056	-0.0258331	0.159578
0.000102294	-7.99687e-05	2.60612e-05	0.00163246	-0.0134239	0.104977
0.000220004	0.000208886	3.51876e-05	0.0126967	-0.0127488	0.12493
-2.55435e-05	-2.86906e-05	2.58319e-05	0.00668812	-0.00736156	0.123536
0.000470872	-7.42037e-05	-1.89439e-05	0.00218263	-0.0151696	0.0996013
0.000709294	0.000321074	4.27609e-05	0.00885521	-0.0278038	0.111486
0.000615065	0.000148717	-0.000116822	0.00874295	-0.0167533	0.111545
0.000531883	0.000286731	6.27119e-06	0.00513151	-0.0103602	0.112858
0.000537598	0.00019169	-4.90704e-05	0.0090334	-0.00274093	0.108165
0.000165388	-6.24768e-05	-7.71839e-06	0.0014038	-0.00170784	0.116689
0.000851303	-9.4865e-05	-5.38241e-06	-0.00432345	-0.0124941	0.147113
0.00157328	-0.000146379	0.000117075	-0.00760478	-0.0207171	0.162747
0.00180867	-0.000137792	-8.10952e-05	0.00143756	-0.0207136	0.181473
0.00205236	-4.18061e-05	2.73182e-05	0.00681402	-0.0196829	0.191012
0.00129198	0.000548225	-0.000111204	0.0156633	-0.0269636	0.154688
0.00161714	0.000376581	-9.96586e-05	0.0146156	-0.0238127	0.172003
0.00174935	0.000281172	-2.46586e-05	0.00591022	-0.0262192	0.178613
0.00156539	0.000406902	-0.000219079	0.0115199	-0.0298947	0.167187
0.000676121	0.000305692	4.80527e-05	-0.00121218	-0.0222653	0.120569
1.01813e-06	-0.000199435	-1.4247e-05	-0.00187924	-0.00223594	0.0992723
0.000759533	-0.000134633	-4.75769e-05	0.000896273	-0.00733562	0.111132
0.000583286	-7.69015e-05	8.083e-05	-0.00390446	-0.0115828	0.111658
0.000905434	-9.60122e-06	4.04671e-05	-0.00417457	-0.0144956	0.123768
0.00085455	0.000302571	-7.40542e-05	0.00820499	-0.014632	0.134381
0.00105585	0.000359022	2.25792e-05	0.0139727	-0.0221405	0.1451
0.00116913	0.000630305	-5.08415e-05	0.0113184	-0.0189989	0.140099
0.0014885	0.000522295	-8.82877e-05	0.0165803	-0.0324564	0.164661
0.000409659	-2.31426e-05	8.8756e-06	-0.00121671	-0.0183558	0.113469
-5.10216e-05	6.74511e-05	1.53298e-05	0.00193119	-0.0109636	0.114282
0.000725488	0.000444774	8.29233e-06	0.00732499	-0.0175017	0.13371
0.00118716	0.000538086	6.69802e-05	0.00427058	-0.018537	0.151134
0.00160424	0.000344683	-6.19311e-05	0.00348482	-0.0283628	0.171295
0.00179994	0.000278046	-6.69476e-05	0.0018528	-0.0344633	0.181999
0.00137974	-8.70964e-05	9.66017e-05	-0.00592332	-0.0308524	0.163262
3.391e-05	8.71133e-05	1.47532e-05	0.0030724	-0.0131618	0.110668
0.000480989	0.000310595	-9.55238e-05	0.00928001	-0.0198339	0.140259
0.00103406	0.000414615	4.28299e-06	0.00840627	-0.0123296	0.154594
0.00113501	0.000528179	-2.65842e-05	0.0118954	-0.0120768	0.157449
0.00140602	0.000724901	-0.000144286	0.0149301	-0.0117292	0.151143
0.00149036	0.000638685	-0.000156823	0.0134826	-0.0255067	0.162213
0.00187298	0.000423766	-6.78119e-05	0.0120519	-0.020442	0.182224
0.00194678	0.000369538	-0.00012435	0.00197824	-0.0263449	0.191361
0.0020438	0.000414943	-0.000152013	-0.00182178	-0.0355442	0.196019
0.00110907	0.000104008	1.11409e-05	0.00534244	-0.030157	0.139812
0.00065637	-0.000230346	1.44121e-05	-0.0061419	-0.0128702	0.112084
0.000338302	0.000125377	-5.23629e-05	0.00304037	-0.0107652	0.106108
0.000580842	0.000409471	-0.000101732	0.0139009	-0.00904781	0.131161
0.000199048	-0.000138828	-0.00010451	-0.00745532	-0.0057734	0.123518
0.000747016	-0.000173693	-0.00010302	-0.00758547	-0.0114624	0.148053
0.00150595	-0.000226712	-4.07343e-05	-0.0109618	-0.0237652	0.160615
0.00180019	-0.000138785	-0.000114983	-0.00496119	-0.0200999	0.178723
0.00153335	-0.000315716	-0.000152727	-0.000272255	-0.0155283	0.163636
0.00144552	-0.000609581	5.92585e-06	-0.00698882	-0.0127082	0.152228
0.00165903	-0.000391321	-6.69828e-05	-0.00518278	-0.0153392	0.171378
0.00122535	-0.000711277	-0.000262235	-0.00327465	-0.0226024	0.145066
0.00163828	-0.000546264	6.35278e-05	-0.0113019	-0.00487552	0.164262
0.00133235	2.71115e-06	-0.00020188	-0.00303191	-0.0174317	0.148213
0.000721216	0.000122981	-0.000194536	0.00563433	-0.00634554	0.107552
0.000519929	2.46804e-05	-6.82737e-05	-0.00248172	-0.00933292	0.0949899
0.00073623	-0.000352998	-7.17921e-05	-0.00429531	-0.00950267	0.110169
0.00060995	0.000195627	-9.44407e-05	0.0034486	-0.00942566	0.108437
0.00122956	0.000128617	-8.54455e-05	0.00702731	-0.00958017	0.147351
0.00159092	7.59803e-05	-4.29007e-05	0.00454353	-0.0192084	0.166879
0.000960431	-0.000470769	-6.93549e-05	-0.0103163	-0.0134302	0.135394
0.000697262	-0.00028969	-7.74489e-07	0.000752603	-0.00679919	0.120746
0.000951579	0.000149558	-7.32599e-05	0.00468194	-0.0178887	0.135009
0.000793537	0.000505287	-0.000120966	0.0126259	-0.0176307	0.134494
0.00105883	0.000602517	-0.000105407	0.0132016	-0.0208997	0.146316
0.00113292	0.000746145	-6.61307e-05	0.00757656	-0.0184969	0.150633
4.17452e-05	-2.25523e-05	-6.99211e-05	0.000720561	-0.00794379	0.0870916
0.000829598	5.67049e-05	-7.20751e-05	0.0039252	-0.0128029	0.126063
0.000659617	-5.86716e-05	-0.000188165	0.00511004	-0.0173805	0.120103
0.000349978	-0.000398011	-6.07434e-05	-0.00679889	-0.0173881	0.119403
-7.28944e-05	-7.95409e-05	-7.12081e-05	0.000398429	-0.00796361	0.115113
4.37371e-06	-3.8948e-05	-0.000121543	-0.00209777	-0.0129018	0.125445
0.000129419	-0.000178883	-5.09192e-05	0.000497223	-0.0123928	0.104311
0.000250684	3.37589e-05	-4.003e-05	0.00243344	-0.0146833	0.0960207
0.000182328	2.46535e-06	-9.26425e-05	-0.00298307	-0.0145564	0.113535
0.00052627	-9.00631e-05	-4.07553e-05	0.00144134	-0.00830698	0.119183
0.000297615	-0.00025273	-5.67611e-05	-0.00978909	-0.00669445	0.113199
0.000393475	-0.000316068	-7.11529e-05	-0.00492169	-0.0127548	0.128524
0.000448563	-0.000199847	-5.5153e-05	-0.00940732	-0.00533849	0.110896
0.000587458	-0.00028268	-8.01976e-06	-0.00757219	-0.00450163	0.106025
0.00033831	-8.59026e-05	-2.72806e-05	-0.00349675	-0.00784691	0.0880208
0.00101388	-0.000142646	-7.52869e-05	-0.0034493	-0.0156786	0.135589
0.000143245	0.000226605	-1.86938e-05	-0.000736621	-0.00609066	0.0983339
0.00101409	9.84355e-05	-2.00475e-05	-0.000841089	-0.0150435	0.13066
0.000980939	-0.0002874	4.91837e-05	-0.00621049	-0.011451	0.125486
0.000861965	-7.70419e-05	-3.83369e-05	-0.00259505	-0.0078298	0.11887
0.00031857	-8.20021e-05	-9.74954e-05	-0.00257054	-0.00711087	0.0946072
0.000218085	9.09203e-05	-8.3938e-07	0.00238691	-0.00732583	0.0998142
0.000613089	-0.000108749	-4.26537e-05	-0.00386143	-0.00667505	0.114586
0.00091812	-0.000337342	9.56624e-05	-0.0126166	-0.00929464	0.137851
0.000936923	-0.000555391	4.11455e-05	-0.0220905	-0.0252779	0.140057
0.000159006	-4.77742e-05	-1.61085e-05	-0.00478509	-0.0112789	0.114415
0.000114761	-5.019e-05	-3.46647e-05	-0.00448159	-0.0124629	0.121625
0.000588398	0.000190424	-2.57607e-05	0.010674	-0.0150146	0.130828
0.00102231	0.000363232	-6.86681e-05	0.00860681	-0.0173564	0.155677
4.86079e-05	1.55866e-07	-7.29939e-06	0.00183102	-0.00428575	0.109816
0.0009239	-0.000166064	-6.05993e-05	-0.00517671	-0.0155023	0.136648
0.00112493	-0.000274195	-7.44023e-05	-0.00133639	-0.016562	0.143518
0.00114258	-0.000541904	0.000116021	-0.0177699	-0.00671576	0.140612
9.67926e-06	0.000176261	-3.89573e-05	0.00517188	-0.00857694	0.104686
9.66363e-05	0.000110194	-4.47433e-05	0.000312423	-0.00751254	0.0899429
0.000141772	0.00010921	6.84109e-06	0.0020441	-0.013597	0.0989725
0.000361531	8.37904e-05	3.04842e-05	0.00340761	-0.0100551	0.103492
0.000816483	0.000274508	6.56312e-06	0.00690835	-0.0222235	0.132947
0.00104555	0.00050949	-6.14898e-05	0.0125416	-0.0122203	0.142489
0.00155648	0.000486531	-0.000128151	0.00642658	-0.024014	0.163802
0.0013928	0.000485894	-6.37384e-05	0.00878333	-0.0221432	0.159663
0.000844228	0.000264096	-0.000177943	0.0109413	-0.00692089	0.12811
0.00010187	7.57215e-05	-1.56291e-05	0.00397294	-0.00417439	0.118571
2.08191e-05	6.53625e-05	3.39305e-05	0.000890527	-0.00436822	0.0937467
0.000742628	0.000190908	-3.36605e-05	0.000264346	-0.0128699	0.112826
0.00087932	-0.000280755	8.12347e-05	-0.00564001	-0.0134408	0.119321
0.00146429	-0.00023493	7.09106e-05	-0.00346107	-0.0172544	0.155392
0.00169007	-0.000150863	7.3911e-05	-0.00772509	-0.00927676	0.172894
0.000796547	0.000519161	6.68734e-05	0.00731153	-0.0221986	0.134483
0.000344251	4.11642e-05	-4.21471e-05	-0.00071467	-0.00705927	0.103474
0.00110367	-0.000159782	-4.78313e-06	-0.0059547	-0.0162004	0.147082
0.00126571	-0.000288817	0.000118586	-0.0113453	-0.0153035	0.149995
0.00120712	-0.00056882	0.000142083	-0.00626718	-0.00771836	0.13939
0.000497613	9.80677e-05	-2.04808e-05	0.000612161	-0.0090675	0.114369
0.00115501	-4.02704e-06	-1.12175e-05	-0.000276003	-0.0219282	0.14972
0.000836684	-0.000425237	-0.000124743	-0.0152478	-0.0195551	0.135551
0.000413861	0.000192917	-1.07414e-05	0.0051553	-0.0135168	0.126495
0.000877994	0.000431407	-0.000124066	0.00970728	-0.0174205	0.138526
0.00109109	0.0005703	-8.1401e-05	0.0096754	-0.0210534	0.143388
0.000416998	3.30342e-05	-4.26347e-07	-0.0010331	-0.0104397	0.0987465
0.000809528	-0.000267462	3.30479e-05	-0.00488244	-0.0144325	0.11636
4.87063e-05	-1.87496e-05	-1.63955e-05	-0.00187622	-0.00902703	0.0865118
0.000254475	0.000158046	1.72042e-05	0.00172234	-0.00855126	0.126895
0.000457853	0.000112481	1.8136e-05	-0.0023626	-0.0162654	0.109512
0.000208406	-0.000111849	-3.93691e-06	-0.000110799	-0.0112276	0.0984645
0.000496196	9.74915e-05	-6.8844e-06	-0.00219424	-0.00879079	0.119685
0.000178848	8.98241e-05	-5.06251e-05	0.0024687	-0.0097316	0.121092
0.000214068	0.000119643	-2.9076e-06	-6.81534e-05	-0.00653584	0.097222
0.000949953	0.000248989	1.0434e-05	0.00501286	-0.0143074	0.147124
0.000390227	-8.7632e-05	-2.22324e-05	-0.000340718	-0.00749607	0.0873192
0.00100716	-0.000147136	-2.59967e-05	-0.00466983	-0.0151868	0.138692
0.000497553	0.000250775	-0.000122984	0.00731028	-0.00524363	0.103172
0.000511728	0.000245176	1.90612e-06	0.00958968	-0.00664884	0.124853
0.000775398	-0.00034671	3.81741e-05	-0.00727649	-0.0130186	0.109826
0.00108936	-0.000424494	1.8762e-05	-0.0116788	-0.0199099	0.141348
0.00131215	-0.000575952	0.000179993	-0.0145666	-0.0243078	0.150189
0.00163132	-0.000582794	8.96467e-05	-0.0132489	-0.0259791	0.169256
0.00125334	-4.56417e-05	-0.000110905	0.00428361	-0.0324141	0.153038
3.72031e-05	-8.0858e-05	3.75544e-06	-0.00409515	-0.00941626	0.107027
0.000405077	4.74402e-05	-4.92766e-06	0.00251153	-0.0120378	0.0989649
0.00035233	0.000367951	-8.25598e-05	0.0161008	-0.0186427	0.126944
-0.000198401	-0.000100992	-7.29307e-05	-0.00457782	-0.00653151	0.105421
0.000412229	-0.000379443	-2.1145e-05	-0.00822419	-0.0110913	0.129339
0.00072372	3.23521e-05	1.97198e-05	-0.00175558	-0.0165629	0.135883
0.000494409	-0.000154696	1.98596e-05	-0.00541662	-0.0102783	0.122588
0.000663464	-5.55703e-05	3.42802e-05	-0.00238512	-0.0150061	0.12317
9.12012e-05	-0.000119092	-5.58086e-05	-0.00228905	-0.00810414	0.103922
4.39356e-05	-0.000301498	-6.20956e-06	-0.00856172	-0.00505468	0.109772
0.000636837	-0.000162111	-1.83342e-06	-0.00785075	-0.00874241	0.116249
0.000241278	-9.11883e-05	-1.47769e-05	-0.00169788	-0.00812808	0.10882
0.000339926	-0.000424952	-4.17161e-05	-0.0108855	-0.0123037	0.131184
0.000355306	0.000189676	7.11821e-06	0.000172607	-0.0125867	0.112555
0.000291928	-0.000135051	-2.18939e-05	-0.000536077	-0.00753446	0.0923316
0.000864566	-0.000205462	7.26186e-07	-0.0047411	-0.0156344	0.141524
0.00149502	-1.19205e-05	1.1733e-05	0.0016289	-0.0209004	0.159869
0.000958134	5.7467e-05	-1.05892e-05	-0.00349478	-0.00816491	0.130913
0.000241467	-7.79027e-05	-2.53527e-05	-0.00212923	-0.00698651	0.0970916
0.000152936	8.27192e-05	-3.90062e-06	-0.000156057	-0.0127037	0.100973
0.000713005	0.000414212	2.3353e-05	0.00611523	-0.015888	0.12423
0.00082819	0.000231835	-6.86551e-05	0.00250531	-0.00733343	0.113313
0.000896778	4.55705e-05	-2.36645e-05	-0.00310451	-0.00913281	0.124309
0.00071133	3.40471e-05	-3.98947e-05	0.00073158	-0.0204501	0.119349
0.000442882	-0.000125267	-1.88266e-05	-0.00291521	-0.00771476	0.130002
0.000624158	0.000178936	-1.66817e-05	0.00173378	-0.0104855	0.13467
0.00105177	0.000242229	-9.35451e-05	0.00851127	-0.0185415	0.143423
0.00119111	0.000651918	-8.68811e-05	0.0114305	-0.0179936	0.139567
0.000275831	9.33225e-05	5.59676e-05	0.00346739	-0.0134036	0.105672
0.000711086	-9.22083e-05	-2.73936e-05	0.00230876	-0.0122187	0.119076
0.000842616	-0.000402528	5.77515e-05	-0.00998397	-0.0162073	0.131671
0.00048293	6.17048e-05	-6.3311e-05	0.00267503	-0.0086589	0.104554
0.000440145	0.000173327	1.00939e-05	0.00549716	-0.0118004	0.128787
0.000844921	-0.000158397	-2.49309e-05	-0.00470791	-0.0123447	0.142321
0.000943907	-0.000414916	1.16917e-05	-0.0123175	-0.0132952	0.150776
0.00129597	-0.000514704	3.37074e-05	-0.0164444	-0.0196395	0.150067
0.000843337	-9.67737e-05	0.000150179	-0.0114232	-0.0196148	0.12973
0.000461808	0.000368646	-4.59664e-05	0.0127901	-0.00538984	0.114874
0.000542821	0.000166948	4.12023e-05	0.000274782	-0.00989707	0.113077
0.000120968	7.12776e-05	-1.9449e-06	0.00155828	-0.00574538	0.121273
-1.94021e-05	4.33325e-05	9.57683e-07	-0.00264459	-0.00884977	0.127806
6.18136e-05	0.000132424	-2.40082e-05	-0.000608639	-0.00769598	0.0911981
0.000358599	-0.000106658	3.85564e-05	-0.00369576	-0.0105678	0.088399
0.000531384	0.000179075	-1.28514e-05	0.00520483	-0.0102513	0.122249
0.00138681	0.000140772	4.89302e-06	0.00309544	-0.0221225	0.154639
0.00116551	0.000562218	-4.67641e-05	0.012905	-0.0195958	0.144866
0.00148479	0.000506036	-9.25165e-05	0.00750775	-0.0199866	0.166514
0.00176006	0.000385335	-4.90435e-05	0.00716847	-0.0282069	0.177651
0.00196684	0.000322923	-3.93778e-05	0.00205238	-0.0257701	0.194069
8.19076e-05	-0.000184698	-1.31312e-05	-0.00249509	-0.00929985	0.103768
0.000776077	-0.000334201	7.2816e-05	-0.00482592	-0.0171262	0.116626
0.00062457	-8.22292e-05	-7.18431e-06	-0.0102381	-0.0100638	0.129704
-4.73313e-05	0.000209879	-2.07634e-05	-0.00025038	-0.00832636	0.111978
3.45776e-05	1.29052e-05	-2.06248e-05	-0.0006408	-0.00951486	0.0910973
0.000687106	0.000169499	-5.89942e-05	0.00311634	-0.0169181	0.132751
0.000686138	-0.000384307	-5.33401e-05	-0.0130372	-0.0169043	0.124948
0.00109191	-0.000450957	3.49681e-05	-0.0100416	-0.0205509	0.149109
0.00162097	-0.000413026	0.000160367	-0.00720516	-0.0238527	0.169062
0.00180312	-0.000332432	0.000140511	-0.00643717	-0.0269125	0.182699
0.00139862	-0.000688966	0.000136751	-0.0178336	-0.00558182	0.153421
0.000489486	0.000232399	2.39069e-05	0.00693632	-0.0157031	0.11093
0.00102545	0.000439451	-0.000168202	0.0103509	-0.0138544	0.138431
0.000906464	0.00018302	-0.000171278	0.00795351	-0.0114219	0.115411
0.00080628	7.90703e-05	5.90295e-05	-0.00487422	-0.0129087	0.118524
0.000719127	0.000422088	6.95346e-06	0.0080182	-0.0130576	0.133302
0.00111541	0.000501367	-3.76304e-05	0.0131777	-0.0170007	0.14371
0.0011139	0.000540489	9.00879e-07	0.0131014	-0.0187264	0.149526
-2.71813e-05	2.46091e-05	2.07327e-05	3.7455e-05	-0.00985995	0.0974601
0.000371312	0.000107556	-3.30426e-05	0.00232338	-0.00827071	0.105012
0.000514883	0.000220819	-8.80896e-06	0.00688532	-0.0152793	0.12288
0.000700412	0.000146977	1.37346e-05	-0.00181558	-0.0170694	0.119085
0.000521452	-0.000274983	8.50941e-06	-0.00276058	-0.0126341	0.10486
0.000436917	0.000181437	1.75219e-05	0.00201488	-0.0151931	0.121315
0.00116084	0.000212532	2.23261e-05	0.00478759	-0.0222949	0.156157
0.000119014	7.56122e-05	3.05948e-05	0.00143527	-0.00881554	0.0884441
0.000241012	8.09683e-05	2.44878e-06	0.00194875	-0.00861261	0.0952072
0.000575361	0.000158792	-1.8524e-05	0.00417275	-0.0147347	0.115632
0.000435786	0.000150877	3.15229e-06	0.00428626	-0.00814968	0.104052
0.000595406	-0.000179699	2.90367e-06	-0.0118925	-0.0104629	0.12439
0.000354087	-0.000361398	-6.78663e-05	-0.00232453	-0.012466	0.112054
0.000794302	0.000129299	1.14953e-05	0.00338268	-0.0126365	0.129121
0.000651045	-4.28203e-05	2.32553e-05	-0.000912911	-0.0208904	0.121242
0.000669561	-0.000176981	6.04861e-06	-0.00303161	-0.0155112	0.133811
0.000680819	-0.00047497	-9.24277e-06	-0.01112	-0.0119462	0.140076
0.000151644	-0.000242047	-1.70453e-05	-0.0034186	-0.00910193	0.103175
0.000169361	2.64967e-05	5.24233e-06	-0.000985986	-0.00839072	0.10153
0.000593662	-0.000236698	4.99102e-07	-0.00469497	-0.0143965	0.122059
0.0004206	-0.000223931	1.36772e-05	-0.0096686	-0.00796337	0.113227
0.000212376	-0.000110638	-9.64586e-07	-0.00174112	-0.01125	0.118531
0.00054092	-0.000326467	8.83006e-06	-0.0184553	-0.0100393	0.134084
0.00031907	-0.000221541	3.4905e-05	0.000168881	-0.013682	0.126622
-4.58842e-05	0.00026933	-2.54746e-05	0.00638633	-0.00611016	0.11197
8.02645e-05	0.00024133	-2.03183e-05	0.00474768	-0.00585303	0.119257
0.000846594	-0.000195154	8.13058e-05	-0.00497748	-0.0110061	0.13816
0.00148362	-0.000257342	2.06939e-05	-0.00444873	-0.0228621	0.161447
0.001694	-7.72623e-05	-2.54733e-05	-0.000691689	-0.0249827	0.177626
0.000641832	-0.000204196	6.45808e-06	0.00406264	-0.018352	0.124767
0.000635875	-0.000152516	-1.46095e-05	-0.00666293	-0.0150649	0.1313
0.000623983	-0.000411891	-9.84491e-06	-0.0148376	-0.0134708	0.141333
0.000893978	-0.000549112	2.7164e-05	-0.0217746	-0.0143853	0.148707
0.00156994	-0.000537961	0.000105137	-0.0123656	-0.0195131	0.169274
0.00185929	-0.000276389	0.000146835	-0.0161025	-0.0204062	0.182991
0.00133233	0.000124509	6.32248e-05	-0.00426689	-0.0156464	0.156678
0.000935082	9.61872e-05	-0.000114908	0.00771996	-0.0131333	0.125393
0.000791973	-0.000389965	-7.02468e-05	-0.00733354	-0.0157362	0.123603
0.00136333	-0.000309948	2.79987e-05	-0.00623457	-0.0239829	0.153714
0.00142116	-0.000425736	-7.75142e-05	-0.00189803	-0.0181767	0.153686
0.00093039	-1.12198e-05	0.000117267	-0.00843197	-0.0122119	0.13234
0.000545747	0.000463112	-6.77732e-06	0.00900654	-0.0140907	0.130015
0.000313899	0.000222526	8.92787e-06	0.0098675	-0.00695759	0.122548
-7.6363e-05	6.75329e-05	-2.9186e-05	-0.00340362	-0.00733086	0.111901
0.000155084	0.000373775	-1.21036e-05	0.00642976	-0.0101391	0.130815
0.000583565	0.000204217	1.80951e-05	0.00691906	-0.0154472	0.117662
0.000409256	6.4025e-05	-1.21331e-05	-0.00100214	-0.0141327	0.100706
0.00122452	0.000127894	3.84195e-05	0.00257097	-0.0220832	0.150098
0.000176925	-5.55485e-05	1.60972e-05	-0.0017313	-0.00745585	0.0845237
0.000591559	-0.000191297	6.67883e-06	-0.00331484	-0.00953151	0.117912
0.000179807	-1.90253e-05	1.86727e-05	0.00166988	-0.00564634	0.11215
7.23978e-05	-5.50139e-05	-2.54358e-06	0.000550727	-0.00655749	0.125651
0.000209997	6.98808e-06	5.13453e-06	-0.00108577	-0.00942923	0.0800186
0.000198824	0.000112212	3.86257e-05	0.000405094	-0.0101861	0.0955823
0.000402573	4.45622e-06	-2.18797e-05	0.000201992	-0.00688844	0.101014
0.000871758	0.000144981	-1.97421e-05	0.00314155	-0.01745	0.136313
0.000832309	0.000479896	2.64247e-05	0.00993762	-0.00979488	0.137624
0.00120541	0.000537989	-7.71908e-05	0.00982584	-0.0181073	0.152089
0.00144317	0.000696736	-4.10564e-05	0.00975792	-0.0197998	0.156604
0.000246683	-5.413e-05	1.40044e-06	-0.0031948	-0.00919168	0.0943781
0.000648977	0.000172682	3.05055e-05	0.000420696	-0.0129122	0.117081
0.000876497	0.000305684	-4.18211e-06	0.00408817	-0.0161151	0.142877
0.00105118	0.000608214	-3.20383e-06	0.012979	-0.0193292	0.145995
0.000415813	-0.000210057	-6.59207e-06	-0.00306749	-0.0133375	0.123576
0.000497346	-2.17067e-05	7.99367e-05	0.00182775	-0.0120789	0.131554
0.000305598	-2.13095e-05	-1.24931e-05	-0.00111495	-0.0133121	0.104337
0.000579006	-0.000138727	8.45729e-06	-0.00326349	-0.0142699	0.135264
0.000790089	-0.000336677	-6.07988e-06	-0.00556254	-0.0158831	0.149059
0.000678842	0.000161466	-6.2192e-05	0.00284658	-0.0165288	0.108165
0.000103611	-4.94599e-05	-2.00126e-05	-0.00129745	-0.00939372	0.0860296
0.000158792	-5.56317e-05	2.94628e-05	0.00318549	-0.00697772	0.105157
0.000172126	-0.000117974	-2.42559e-05	-0.00612634	-0.0107049	0.101566
0.00047427	0.000319292	1.36959e-05	0.00584488	-0.0114884	0.118564
0.00119168	0.000408562	1.22462e-05	0.00993517	-0.0222371	0.15418
0.000984863	0.000112165	-0.000109487	0.00819028	-0.0145011	0.127608
0.000836409	0.000139967	5.71242e-06	0.000903172	-0.015071	0.128301
0.00133415	3.83588e-05	-1.11862e-05	0.00123559	-0.0243028	0.160242
0.00143829	0.000268072	3.18559e-05	0.000563849	-0.0115401	0.151069
0.00138329	0.000365493	-9.30563e-05	0.00522847	-0.0196711	0.154217
0.00111613	-9.65239e-05	-0.000136681	0.00487583	-0.0167668	0.14497
0.000764401	-5.68815e-05	-8.53077e-06	-0.00512619	-0.0104438	0.136632
0.00126691	0.000190411	-2.86881e-05	0.00372858	-0.0168564	0.15526
0.00168438	0.000152705	9.50224e-06	0.00352191	-0.0266449	0.175918
0.0015394	0.000383737	5.64576e-05	0.00129615	-0.0199188	0.165368
0.000118493	-0.00021369	-2.42505e-06	-0.00163172	-0.00805123	0.106162
0.000557132	0.000305488	3.36904e-05	0.00663006	-0.0137904	0.121866
0.000400443	0.000173749	2.1569e-05	0.00975005	-0.00817258	0.124114
0.000190823	3.52047e-05	1.49178e-05	-0.00421342	-0.00915818	0.124268
0.000453896	0.000331487	-1.06447e-05	0.00662247	-0.0121595	0.139566
0.00108584	0.000601411	-5.51753e-05	0.00825258	-0.0167776	0.13582
0.00074074	0.000294862	-6.83907e-05	0.011208	-0.0103306	0.113399
0.000326759	0.000290234	1.09819e-05	0.00403154	-0.0114572	0.12481
0.000428208	0.000191943	2.11551e-05	0.00790184	-0.00885729	0.114451
0.00031578	0.000232733	1.41906e-05	0.00320459	-0.0111796	0.122145
0.000916558	0.000505358	-4.30941e-05	0.010894	-0.0186478	0.140891
0.000277083	7.75453e-05	1.40941e-05	-0.000230276	-0.0112679	0.0981877
0.000365911	0.000119115	9.22027e-06	0.00440893	-0.00792083	0.107129
0.000307469	3.8682e-05	5.24962e-06	-0.0013325	-0.00922063	0.105487
0.000272659	-0.000159549	5.32003e-06	-0.00180707	-0.0102078	0.126296
0.000799517	-0.000433521	3.79955e-05	-0.0116924	-0.00824642	0.140319
0.000272568	-0.000121572	3.81619e-05	-0.000994326	-0.00972198	0.0923363
0.000600625	-0.000173628	-5.52861e-06	-0.00685994	-0.0182137	0.126726
0.00122515	-0.000171767	8.97514e-05	-0.00392181	-0.0188273	0.150184
0.00118675	-0.00047611	0.000102441	-0.00589244	-0.0186481	0.142646
0.00121585	-1.8496e-05	-7.41182e-05	0.00471326	-0.00982513	0.137731
0.00128603	0.000299766	-3.36864e-05	0.00628053	-0.0135624	0.145905
0.000856606	-0.000335006	7.1516e-06	-0.00774208	-0.0146989	0.133126
0.000503751	0.000238535	1.22514e-05	0.00699667	-0.012405	0.131327
0.000327055	-0.00016967	1.5522e-05	-0.00474181	-0.00883562	0.131884
0.00137159	-6.62112e-05	4.82842e-05	-0.000450874	-0.0171725	0.151488
0.000877094	0.000485521	2.64546e-05	0.0113066	-0.0152542	0.133771
0.00107095	0.000605432	-0.000105196	0.00977746	-0.0181022	0.142525
0.00157389	0.000413417	-2.19173e-05	0.00615591	-0.0233721	0.166383
0.0018341	0.000289856	-2.49327e-05	0.004395	-0.0270591	0.182586
0.000565721	-0.000178803	-2.89315e-05	-0.00271627	-0.00954925	0.115206
0.000965319	0.000130236	-4.60715e-05	0.00716333	-0.0115208	0.138939
0.000629661	-0.000360115	6.17196e-06	-0.0084094	-0.0133777	0.134288
0.00100184	-0.000612367	1.72413e-05	-0.0111183	-0.0141953	0.138756
0.00121055	-0.000593838	-1.80354e-05	-0.00880349	-0.01466	0.153139
0.00126652	-0.000640367	0.00010613	-0.0133732	-0.0236069	0.155299
0.000468763	-4.04456e-05	-1.73467e-06	-0.00150256	-0.0109644	0.097054
5.6891e-05	-1.88283e-05	-1.5572e-05	0.000754688	-0.00739424	0.0872945
0.000652618	-2.23569e-05	2.40088e-05	-0.000783065	-0.0100348	0.129166
0.000984439	-0.000132105	-2.67288e-05	0.00325079	-0.0154539	0.135731
0.00121615	-0.000401227	0.000189795	-0.0159482	-0.0100298	0.137235
0.0011594	-0.000518904	8.39201e-05	-0.0223262	-0.00919846	0.146056
0.00128881	-0.000667018	0.000125425	-0.0112737	-0.0207115	0.152782
0.000948439	-0.000171364	1.13379e-05	0.00596678	-0.0233436	0.14042
0.000839759	0.000399875	3.20704e-05	0.00854132	-0.0140853	0.12112
0.000309746	-0.000192864	-6.95266e-06	-0.00477782	-0.0103381	0.11623
0.000212246	0.000219302	8.4672e-06	0.00695119	-0.00912039	0.127527
0.000594634	0.000259277	-7.76148e-07	0.00433423	-0.00672503	0.144499
0.000797004	0.000363943	1.28603e-05	0.00721537	-0.0143029	0.148661
0.00150618	0.000408492	-1.05501e-05	0.00378201	-0.0226333	0.161332
0.00147344	0.000451253	-4.49401e-05	0.00361169	-0.0174982	0.164143
0.00136893	0.000582552	-0.000131022	0.0109881	-0.00987093	0.154639
0.00151715	0.000583995	-0.000284958	0.0156858	-0.0188687	0.160339
0.000673881	0.000349429	8.09157e-06	0.00908648	-0.0265142	0.123029
0.000118322	0.000144495	2.31714e-05	0.00374516	-0.00913386	0.103947
0.000398104	-1.22424e-05	-7.52134e-07	-0.00264319	-0.0110218	0.131638
0.000359696	0.000365483	-4.16637e-05	0.015637	-0.012735	0.134324
0.000503559	0.000367458	1.2733e-05	0.00176379	-0.0121163	0.122194
0.000231049	0.000295667	-1.9386e-05	0.00773367	-0.00537108	0.128505
0.000886031	0.000591556	1.02478e-05	0.0130674	-0.0140694	0.137989
0.000606182	0.000343216	4.81861e-05	0.000291511	-0.0183681	0.114463
0.000788956	-0.000111778	1.7342e-05	-0.00292368	-0.0139693	0.130603
0.0014606	5.91113e-05	-3.395e-05	-0.00141784	-0.0226081	0.160539
0.000477752	-0.00031256	-3.25908e-06	-0.000988488	-0.00987749	0.112618
0.000237437	6.52902e-05	5.25922e-06	0.00232792	-0.00801243	0.0964248
0.00104412	-1.87622e-05	-2.12809e-05	-0.00148084	-0.0148536	0.143891
0.00159309	-6.71074e-05	-1.24805e-05	0.000997104	-0.0180193	0.168102
0.000631604	-0.000199423	-8.29833e-06	0.00340144	-0.0104421	0.124363
0.000472428	0.00013845	-7.03131e-06	0.00151183	-0.0165732	0.106238
0.000489052	-0.000160629	-3.49351e-06	-0.00569354	-0.010036	0.122104
0.000670062	-0.000399581	-1.30701e-05	-0.00888734	-0.0151701	0.142344
-1.61406e-05	0.000120884	-1.23198e-05	0.00234856	-0.0054305	0.113344
0.000333837	-0.000307211	1.47632e-05	-0.00411951	-0.0102743	0.126179
0.000495315	-0.000499673	1.29093e-05	-0.010504	-0.014586	0.143562
0.000864587	-0.000555491	-2.45353e-05	-0.012115	-0.0157318	0.152381
3.8959e-05	0.000234478	2.27336e-05	-0.00029373	-0.0100405	0.10864
0.000331037	-8.1655e-05	-1.14761e-05	-0.000191508	-0.0110262	0.0898109
0.000726707	-0.000354629	-1.45529e-05	-0.00430888	-0.0118947	0.127502
0.000116955	-0.000240477	-4.24461e-05	-0.010419	-0.00926473	0.104272
0.000630897	0.000166691	2.99411e-05	0.00286927	-0.0111866	0.112823
0.00122656	5.17685e-05	-3.8436e-05	0.00199289	-0.0222784	0.152154
0.00125765	-0.000198127	1.83743e-05	0.000988966	-0.0168046	0.151403
0.000588798	-0.000184792	1.6603e-05	-0.00712446	-0.00811431	0.124222
0.000318182	-0.000404994	1.02719e-05	-0.00833176	-0.008596	0.117807
0.000800716	-0.00052907	1.14783e-05	-0.0132843	-0.0155034	0.143521
0.000929574	5.49629e-06	2.03692e-05	-0.00735952	-0.0156356	0.148907
0.000899972	0.000485431	7.39504e-05	0.00782753	-0.0166855	0.135112
0.000951472	2.46289e-05	-5.43447e-05	0.00526253	-0.0116403	0.133398
0.000512496	0.000271547	2.00099e-05	0.00617272	-0.0152357	0.121595
0.00124688	0.000189703	2.81205e-05	0.00616872	-0.0231537	0.15797
0.00104466	0.000549526	3.29034e-05	0.00981389	-0.0166677	0.136415
0.00157973	0.000352958	-3.68373e-05	0.00550263	-0.0250016	0.163829
0.0015789	0.000476347	1.17029e-05	0.00345415	-0.0183221	0.163
0.00127295	0.000627241	-5.55189e-05	0.0103815	-0.0201869	0.149149
0.0014751	0.000595446	-0.00028848	0.0187766	-0.00887683	0.155533
0.00156119	0.000694297	-2.61422e-05	0.00643835	-0.0199307	0.158739
0.00174074	0.000488418	-0.000149752	0.00700037	-0.0278018	0.17777
0.00194382	0.000309715	-0.000117886	0.00539607	-0.0291584	0.191644
0.00110084	3.18342e-05	-2.48705e-05	0.00289652	-0.00929765	0.142267
0.000640292	-0.000158281	1.21256e-05	-0.00309121	-0.0160616	0.135407
0.000415014	-4.73061e-05	1.59325e-05	-0.000639213	-0.01371	0.0981455
0.000976415	-0.000201497	-5.35816e-05	0.00028904	-0.013925	0.127395
0.00100647	-0.000466152	-7.55731e-06	-0.00980506	-0.0186517	0.145852
0.000168379	9.28835e-05	6.26447e-06	0.005995	-0.00787478	0.115201
0.000345811	0.000107022	1.70814e-05	-0.000398498	-0.0112489	0.0861553
0.000653798	-0.000149525	-2.32223e-05	-0.00371191	-0.0181372	0.121334
0.00102345	8.97302e-05	4.72332e-05	-0.00370103	-0.0110787	0.12973
0.00127433	0.000254456	-7.14153e-05	0.00233939	-0.0201483	0.144029
0.00131552	0.000410375	3.88889e-05	0.00398163	-0.0150669	0.148267
0.00075954	0.000214814	-6.78154e-05	0.00930937	-0.0110262	0.115463
0.000876277	3.88327e-05	-2.6311e-05	0.000637798	-0.0187582	0.124511
0.00150102	3.74611e-05	-4.28317e-05	0.00137824	-0.0253139	0.159619
0.00139481	0.000308565	5.78093e-05	0.000331063	-0.0166118	0.158766
-4.07149e-05	-7.49927e-05	2.25852e-05	-6.15831e-05	-0.00805803	0.106862
0.000465238	-0.000281289	-1.40938e-07	-0.0045771	-0.0132858	0.141646
0.000803387	-0.000435036	-2.39489e-06	-0.009129	-0.0146609	0.151479
0.00112707	-0.000479523	1.00317e-05	-0.0226166	-0.0106403	0.151948
0.00141102	-0.000670602	0.000172438	-0.0114769	-0.021661	0.156081
0.000817512	-0.000290679	-3.72409e-05	-0.00409683	-0.0259449	0.122733
0.00057658	-0.000189177	1.84255e-05	-0.00532392	-0.0158981	0.115746
0.00131443	-7.40375e-05	4.44904e-05	-0.00208825	-0.0226481	0.1507
0.000236346	-0.000113809	1.20441e-05	-0.00389621	-0.00867784	0.0907711
0.000279422	-3.7041e-05	4.21798e-05	-0.00114514	-0.00839321	0.103194
0.000925773	-8.23764e-05	2.41573e-05	0.00253015	-0.0171062	0.137749
0.00101353	-0.000345107	-1.32348e-05	-0.00897744	-0.0177401	0.136363
9.44284e-05	0.00017329	4.84591e-05	0.00949748	-0.00719348	0.112271
7.64343e-05	-0.000292317	-5.22759e-05	-0.00308705	-0.00850159	0.106421
0.000269548	-7.25469e-05	6.96967e-06	-0.000788835	-0.0108283	0.0973263
0.000370205	0.0001907	2.67391e-05	0.00841853	-0.0104874	0.131772
0.000613024	-0.000161109	8.9493e-06	-0.00261473	-0.0105223	0.14306
0.00116202	-0.00041432	5.32605e-05	-0.00499338	-0.0162915	0.146508
0.000278256	0.000175361	5.92698e-05	0.00140937	-0.0117884	0.109473
0.000766247	-0.0004125	2.64777e-05	-0.00527646	-0.0149527	0.117016
0.000808266	-0.000535404	-1.78806e-06	-0.0117898	-0.0164032	0.139636
0.00105814	-0.000615964	-3.49704e-05	-0.0136431	-0.0199317	0.146866
0.00139979	-0.000678776	0.000250007	-0.0155796	-0.00487574	0.146552
0.00148683	-0.000654208	0.0001439	-0.0103736	-0.0209915	0.160131
0.000280466	0.000104481	8.98104e-07	-0.000271319	-0.00887932	0.094044
0.000483865	0.000199794	1.30497e-05	0.00329297	-0.0143824	0.117836
0.000489676	-0.000279399	1.24649e-05	-0.00436398	-0.0128645	0.128817
0.000271083	0.000260277	1.96894e-06	0.00585457	-0.0129143	0.124829
0.00110358	0.00035546	1.99591e-05	0.0111119	-0.0189789	0.153288
0.00155222	0.000204234	-9.15176e-05	0.00991989	-0.0236972	0.170245
0.00145783	0.000406806	1.3152e-05	0.000882927	-0.015325	0.161919
0.00129449	0.000524126	-8.9584e-05	0.00676981	-0.0156955	0.150357
0.000119371	-7.93554e-06	-1.41802e-05	-0.0027672	-0.0058135	0.101148
0.000536117	-0.00027668	-3.10192e-05	-0.000611963	-0.014055	0.102508
0.000594962	-0.000170021	1.89067e-05	-0.0065931	-0.00944439	0.111065
4.4988e-05	-5.38971e-05	2.54477e-05	0.00059903	-0.00760897	0.0930569
0.000462689	-0.000268541	-5.73752e-06	-0.00346855	-0.0115105	0.114815
0.000641564	0.000144425	-6.00883e-05	0.00363626	-0.0144692	0.113229
0.00104423	0.000354439	-1.02811e-05	0.00469422	-0.0185549	0.1395
0.000713472	7.49021e-05	-5.70401e-06	0.00789849	-0.00677439	0.129897
0.000602178	-7.97039e-05	4.03656e-06	-0.00108106	-0.0139356	0.102516
0.00075403	-0.000149401	4.96953e-05	-0.00389047	-0.0118805	0.109968
0.000939866	-0.000427907	2.26801e-05	-0.0138313	-0.0137569	0.129331
0.000370505	0.000202268	-5.29336e-06	0.00313847	-0.011597	0.116354
0.000748105	0.000420972	3.75542e-05	0.00731766	-0.0151478	0.135607
0.000801117	0.000191264	-0.000126696	0.0104607	-0.0102772	0.117649
0.000363956	2.75454e-05	-3.89527e-06	-0.000104409	-0.0122892	0.100005
0.000586322	5.15099e-05	-9.87325e-06	0.00232676	-0.00986818	0.112985
0.000500801	-0.000237135	-3.35455e-05	-0.00225024	-0.0113835	0.111976
0.00135202	-0.000255295	0.000122271	-0.0086534	-0.00922128	0.145542
0.00164625	-0.000119674	-4.91256e-05	-0.00365067	-0.0235939	0.172275
0.00109763	0.000499805	-0.000105736	0.00867477	-0.0136197	0.14211
0.00128209	0.000624081	-9.157e-05	0.0114732	-0.0175169	0.146116
0.00144831	0.00058815	-9.7937e-05	0.0114216	-0.025325	0.154597
0.000424306	-0.000211642	2.48148e-05	-0.00401147	-0.01134	0.102066
0.00104491	-0.00017726	-1.05888e-05	-0.00398963	-0.016404	0.141194
0.00112009	0.00024018	0.00017106	-0.00199424	-0.0227955	0.144118
0.00113391	0.000512994	-8.78078e-05	0.011288	-0.0196869	0.146449
0.00156515	0.000488765	-0.000135784	0.00702156	-0.0223461	0.166321
0.00016203	0.000184787	-2.92853e-05	0.00591234	-0.00971197	0.0974722
0.00107805	9.92413e-05	-1.22346e-05	0.000555727	-0.0167852	0.132237
0.00144942	2.04223e-05	-5.4537e-05	-0.00025379	-0.0220383	0.160278
3.27881e-05	3.30581e-05	-5.98913e-06	0.000725387	-0.00562477	0.105828
0.00052289	0.000234478	3.07746e-06	0.006071	-0.0118356	0.135953
0.000476091	7.35534e-05	-3.4289e-05	-0.00426772	-0.0196315	0.133874
0.000507736	0.000102873	-4.72367e-05	0.00686552	-0.0143144	0.127107
0.00108681	-4.37339e-05	1.19449e-06	-0.001822	-0.00802351	0.131668
0.000738296	-0.000119726	-3.05435e-07	0.00298292	-0.0163053	0.110614
